RUN 11_12_2021__16_50_40 
0 epoch LOSS [-1.4388721] Parameters [1.57980853 1.57373679 1.70954191 1.65812957 1.56852078 1.3061985
 1.64312954 1.6478931 ] REAL [0.52603481] FAKE [0.54908851] 
1 epoch LOSS [-1.42135307] Parameters [1.57980654 1.57373303 1.70933225 1.65841333 1.56851931 1.30619778
 1.64292715 1.64817166] REAL [0.51886173] FAKE [0.53477551] 
2 epoch LOSS [-1.40995998] Parameters [1.57980508 1.57372937 1.7092538  1.65880306 1.56852212 1.30620029
 1.64284656 1.64854153] REAL [0.51196931] FAKE [0.52310998] 
3 epoch LOSS [-1.39517165] Parameters [1.57980597 1.57372983 1.70927435 1.65923532 1.56852338 1.30620045
 1.64287852 1.64896523] REAL [0.50924802] FAKE [0.51341883] 
4 epoch LOSS [-1.38001552] Parameters [1.5798062  1.57373104 1.70940371 1.65970235 1.56852513 1.30620026
 1.64300708 1.64942512] REAL [0.50841898] FAKE [0.50518242] 
5 epoch LOSS [-1.3729822] Parameters [1.57980299 1.57372722 1.70965155 1.6602736  1.56852229 1.30619867
 1.64324486 1.65000525] REAL [0.50510949] FAKE [0.498425] 
6 epoch LOSS [-1.3508311] Parameters [1.57980224 1.57372406 1.70998601 1.66095277 1.56852095 1.30619642
 1.64355708 1.65066334] REAL [0.51006708] FAKE [0.49217484] 
7 epoch LOSS [-1.33922617] Parameters [1.57980231 1.57373316 1.71041386 1.66170486 1.56852059 1.30619157
 1.64397888 1.65145965] REAL [0.51084869] FAKE [0.48703329] 
8 epoch LOSS [-1.32527219] Parameters [1.57980167 1.57372651 1.71093038 1.66253933 1.56852041 1.30619313
 1.64451363 1.65228873] REAL [0.5127529] FAKE [0.48175696] 
9 epoch LOSS [-1.32227824] Parameters [1.57979483 1.57373292 1.71155221 1.66349348 1.56851409 1.30618771
 1.6451578  1.65321717] REAL [0.51017723] FAKE [0.47757881] 
10 epoch LOSS [-1.30952895] Parameters [1.57979174 1.57373518 1.7123241  1.66456083 1.56851375 1.30619152
 1.64590904 1.65426297] REAL [0.51257141] FAKE [0.47334716] 
11 epoch LOSS [-1.29815521] Parameters [1.57978793 1.57373319 1.7131637  1.66567268 1.56851938 1.30619037
 1.64678118 1.65533934] REAL [0.51437417] FAKE [0.46918987] 
12 epoch LOSS [-1.28552747] Parameters [1.5797931  1.57374938 1.71408385 1.66694721 1.56851727 1.30620085
 1.64764669 1.65654252] REAL [0.51723701] FAKE [0.46541974] 
13 epoch LOSS [-1.26856493] Parameters [1.57979526 1.57375578 1.71517223 1.66825466 1.56851313 1.30620132
 1.6486973  1.6578705 ] REAL [0.52203664] FAKE [0.46127359] 
14 epoch LOSS [-1.25692798] Parameters [1.57979331 1.57375147 1.71630806 1.66968405 1.56850662 1.30618994
 1.64986111 1.6593308 ] REAL [0.52463138] FAKE [0.45766348] 
15 epoch LOSS [-1.23735857] Parameters [1.57978463 1.573761   1.71764406 1.67120909 1.56851575 1.30618201
 1.65121831 1.66081645] REAL [0.53141535] FAKE [0.45400596] 
16 epoch LOSS [-1.21938194] Parameters [1.57978031 1.57376389 1.71904201 1.67299558 1.56850816 1.30618227
 1.65270497 1.66252493] REAL [0.53692838] FAKE [0.44980987] 
17 epoch LOSS [-1.21576911] Parameters [1.57977233 1.57376919 1.72061435 1.67482163 1.56852767 1.30617499
 1.65428094 1.66437307] REAL [0.53523034] FAKE [0.44606672] 
18 epoch LOSS [-1.19566741] Parameters [1.57976906 1.57375491 1.72235515 1.67682572 1.56853939 1.30619552
 1.65601548 1.66631159] REAL [0.5424022] FAKE [0.44229209] 
19 epoch LOSS [-1.17735749] Parameters [1.57976965 1.57373806 1.72423018 1.67912205 1.56854912 1.30617718
 1.65786701 1.66856302] REAL [0.54871403] FAKE [0.43852029] 
20 epoch LOSS [-1.17055774] Parameters [1.57978023 1.57373227 1.72631225 1.68157026 1.5685444  1.30619471
 1.65997453 1.67091559] REAL [0.54863748] FAKE [0.43461048] 
21 epoch LOSS [-1.15516859] Parameters [1.5797839  1.57373201 1.72841134 1.68414612 1.56855232 1.30620375
 1.66211809 1.67351675] REAL [0.55308283] FAKE [0.43045705] 
22 epoch LOSS [-1.13416617] Parameters [1.57976095 1.57372664 1.73085033 1.68691536 1.56854475 1.30621319
 1.66448755 1.67629733] REAL [0.56067777] FAKE [0.42624755] 
23 epoch LOSS [-1.1281167] Parameters [1.57978476 1.57371616 1.73345274 1.6898738  1.56857449 1.30621311
 1.66720466 1.67928387] REAL [0.56031241] FAKE [0.42238974] 
24 epoch LOSS [-1.10934318] Parameters [1.57978941 1.57372292 1.73647978 1.69295526 1.5685919  1.3062148
 1.67019656 1.68235658] REAL [0.56679562] FAKE [0.41817565] 
25 epoch LOSS [-1.09270625] Parameters [1.57980233 1.57370511 1.73957515 1.69658509 1.56861107 1.30619966
 1.67322483 1.68598436] REAL [0.57242344] FAKE [0.41423111] 
26 epoch LOSS [-1.08264608] Parameters [1.57980746 1.57369833 1.74274486 1.70027871 1.56859773 1.30619508
 1.67646513 1.68973154] REAL [0.5743181] FAKE [0.41026042] 
27 epoch LOSS [-1.07569587] Parameters [1.57984415 1.57371549 1.74617642 1.70415409 1.5686201  1.30616391
 1.67980689 1.69371228] REAL [0.57491167] FAKE [0.40676045] 
28 epoch LOSS [-1.06602205] Parameters [1.57984811 1.57370874 1.74993912 1.70830867 1.56864598 1.3061677
 1.68357275 1.69788817] REAL [0.57652601] FAKE [0.402671] 
29 epoch LOSS [-1.03966764] Parameters [1.57988228 1.573667   1.75413563 1.71272292 1.56862168 1.30616715
 1.68755802 1.70240398] REAL [0.58695496] FAKE [0.39761617] 
30 epoch LOSS [-1.03691848] Parameters [1.57984427 1.57368419 1.75834697 1.71751907 1.5686247  1.30618535
 1.69176894 1.70726194] REAL [0.58529075] FAKE [0.39424032] 
31 epoch LOSS [-1.0256349] Parameters [1.57985453 1.57366471 1.76281183 1.72266075 1.5685511  1.30618943
 1.69645355 1.7124115 ] REAL [0.58787159] FAKE [0.39005602] 
32 epoch LOSS [-1.00537804] Parameters [1.57985148 1.57369885 1.76785432 1.72838893 1.56851392 1.30614961
 1.70131158 1.71825074] REAL [0.5971575] FAKE [0.38725331] 
33 epoch LOSS [-0.99114264] Parameters [1.57988057 1.5737137  1.77327875 1.73454332 1.5684724  1.30614022
 1.70672467 1.72442165] REAL [0.60152177] FAKE [0.38297769] 
34 epoch LOSS [-0.98013974] Parameters [1.5799361  1.57371262 1.77916122 1.74104874 1.56846401 1.30614741
 1.71253924 1.73083055] REAL [0.60362294] FAKE [0.37832274] 
35 epoch LOSS [-0.98684221] Parameters [1.57993653 1.57373779 1.7853562  1.74791495 1.56842671 1.30619547
 1.71862029 1.7377465 ] REAL [0.59780512] FAKE [0.37646585] 
36 epoch LOSS [-0.97230075] Parameters [1.57995459 1.57366155 1.79217485 1.75554966 1.56844189 1.30624956
 1.72524549 1.74519991] REAL [0.60076579] FAKE [0.3704504] 
37 epoch LOSS [-0.95384049] Parameters [1.5799463  1.57364547 1.79899701 1.76329828 1.56851096 1.3062133
 1.73221744 1.75294033] REAL [0.60919432] FAKE [0.36759325] 
38 epoch LOSS [-0.94939131] Parameters [1.57991068 1.57360013 1.80665824 1.77147927 1.56856668 1.30623479
 1.7399167  1.76132828] REAL [0.60910208] FAKE [0.36467709] 
39 epoch LOSS [-0.95075574] Parameters [1.57993267 1.57359512 1.81457604 1.78004129 1.5685786  1.30621439
 1.74767198 1.76981342] REAL [0.60637848] FAKE [0.36269365] 
40 epoch LOSS [-0.93430698] Parameters [1.57994524 1.57354171 1.82320379 1.78940399 1.56861335 1.30620481
 1.75629123 1.77906312] REAL [0.6117065] FAKE [0.35776712] 
41 epoch LOSS [-0.90714717] Parameters [1.57993167 1.57343194 1.83207968 1.7991796  1.56861728 1.30619093
 1.76544501 1.78886471] REAL [0.62365612] FAKE [0.35272952] 
42 epoch LOSS [-0.90846201] Parameters [1.57994051 1.57347043 1.84181851 1.81004481 1.56853725 1.30621609
 1.77512536 1.79953708] REAL [0.62169246] FAKE [0.35153825] 
43 epoch LOSS [-0.91071487] Parameters [1.57992114 1.57344413 1.85204159 1.82143259 1.56856483 1.30621288
 1.78541305 1.81113396] REAL [0.62020673] FAKE [0.35144759] 
44 epoch LOSS [-0.91542608] Parameters [1.5799739  1.57354631 1.86324229 1.83325186 1.56860994 1.30618931
 1.79655983 1.82315333] REAL [0.61632111] FAKE [0.35042626] 
45 epoch LOSS [-0.88530833] Parameters [1.57993102 1.57351548 1.87512896 1.84606365 1.56846383 1.30620458
 1.80860685 1.83569739] REAL [0.6285972] FAKE [0.3436386] 
46 epoch LOSS [-0.89385332] Parameters [1.58000407 1.57355107 1.88750639 1.85934956 1.56847129 1.30618709
 1.82128466 1.84914889] REAL [0.62141474] FAKE [0.34170147] 
47 epoch LOSS [-0.88694034] Parameters [1.58004218 1.5735517  1.90137637 1.8736062  1.56847203 1.30621706
 1.83473529 1.86341455] REAL [0.62441317] FAKE [0.34031797] 
48 epoch LOSS [-0.87070145] Parameters [1.58002726 1.57366189 1.91580484 1.88874999 1.56865903 1.30618653
 1.84942888 1.87867113] REAL [0.63247686] FAKE [0.33806625] 
49 epoch LOSS [-0.8753521] Parameters [1.58001633 1.57377435 1.93141124 1.90468434 1.56851945 1.30626559
 1.86524528 1.8945435 ] REAL [0.63003578] FAKE [0.33858476] 
50 epoch LOSS [-0.88333681] Parameters [1.58008388 1.57389844 1.94771367 1.9215577  1.56860427 1.30611448
 1.88213917 1.91100446] REAL [0.62654868] FAKE [0.34019307] 
51 epoch LOSS [-0.85687776] Parameters [1.58003343 1.57407787 1.96553846 1.93928798 1.56866027 1.30609472
 1.9001009  1.92847334] REAL [0.63800886] FAKE [0.33467168] 
52 epoch LOSS [-0.87411537] Parameters [1.57977036 1.57420908 1.98480587 1.95778717 1.56861171 1.30630412
 1.91943163 1.94689103] REAL [0.6281361] FAKE [0.33576346] 
53 epoch LOSS [-0.87941884] Parameters [1.57980639 1.57417318 2.00529576 1.97734394 1.56868847 1.30634671
 1.94001441 1.96649036] REAL [0.62688395] FAKE [0.33795715] 
54 epoch LOSS [-0.86510199] Parameters [1.57979715 1.57419538 2.02766053 1.99777091 1.56871194 1.30622234
 1.9624097  1.98697161] REAL [0.63468347] FAKE [0.33666366] 
55 epoch LOSS [-0.87429083] Parameters [1.57949359 1.57425448 2.05163473 2.01899837 1.56854649 1.30605364
 1.9862541  2.00843529] REAL [0.63713417] FAKE [0.34525918] 
56 epoch LOSS [-0.87312403] Parameters [1.57982739 1.57424588 2.07716725 2.04106929 1.56851386 1.30610402
 2.01202577 2.0307061 ] REAL [0.62877251] FAKE [0.33577762] 
57 epoch LOSS [-0.8668951] Parameters [1.57984834 1.57403941 2.10480306 2.06426984 1.56874916 1.30612253
 2.03917438 2.05395968] REAL [0.64049713] FAKE [0.34386221] 
58 epoch LOSS [-0.89815359] Parameters [1.57949733 1.57392118 2.13415254 2.08853176 1.56889573 1.30619813
 2.06834709 2.07784373] REAL [0.62589593] FAKE [0.34921921] 
59 epoch LOSS [-0.88765224] Parameters [1.57957353 1.5740807  2.16487891 2.11335567 1.56902347 1.3063379
 2.09908782 2.10275433] REAL [0.63759959] FAKE [0.35442084] 
60 epoch LOSS [-0.9066073] Parameters [1.58005856 1.57409936 2.19848557 2.13904553 1.56891367 1.30623357
 2.13216761 2.12839295] REAL [0.62467156] FAKE [0.35343273] 
61 epoch LOSS [-0.91906935] Parameters [1.58011327 1.57398378 2.23370563 2.16506755 1.5686947  1.30635677
 2.16693994 2.15424341] REAL [0.62474088] FAKE [0.36151113] 
62 epoch LOSS [-0.95178794] Parameters [1.58008496 1.57418204 2.2706392  2.19125481 1.56840593 1.30631108
 2.2039916  2.1808784 ] REAL [0.61602792] FAKE [0.37332358] 
63 epoch LOSS [-0.94252712] Parameters [1.57999295 1.57399719 2.30887749 2.21763971 1.56876251 1.30597628
 2.24195461 2.20708269] REAL [0.62133854] FAKE [0.37289917] 
64 epoch LOSS [-0.95994521] Parameters [1.58011502 1.5739203  2.34822498 2.24421811 1.56881001 1.30590841
 2.28158148 2.23296321] REAL [0.61637348] FAKE [0.37876324] 
65 epoch LOSS [-1.01345995] Parameters [1.58024734 1.57383732 2.38915739 2.26983312 1.56901049 1.30560772
 2.32221272 2.2588228 ] REAL [0.60073688] FAKE [0.39580706] 
66 epoch LOSS [-1.04177596] Parameters [1.57968133 1.57358051 2.43118164 2.2951492  1.56921692 1.30524339
 2.36382197 2.28411011] REAL [0.59536889] FAKE [0.40737999] 
67 epoch LOSS [-1.0848331] Parameters [1.5799497  1.57354319 2.47353392 2.3197654  1.56938715 1.30555257
 2.40650464 2.3087367 ] REAL [0.58370008] FAKE [0.42100712] 
68 epoch LOSS [-1.11027499] Parameters [1.57991864 1.57327072 2.51582755 2.34298203 1.5691471  1.30565571
 2.44903121 2.33223815] REAL [0.57764845] FAKE [0.42963865] 
69 epoch LOSS [-1.11960015] Parameters [1.57957731 1.57310434 2.55832552 2.3654411  1.56923902 1.30564656
 2.49070741 2.35433786] REAL [0.5753641] FAKE [0.43268917] 
70 epoch LOSS [-1.16119817] Parameters [1.57971179 1.57288682 2.59971711 2.3866324  1.56884692 1.3054713
 2.53220864 2.37544032] REAL [0.56456877] FAKE [0.4453983] 
71 epoch LOSS [-1.17948088] Parameters [1.57948636 1.57276742 2.63989364 2.40657098 1.56892345 1.30564532
 2.57269101 2.39535275] REAL [0.56405918] FAKE [0.45495383] 
72 epoch LOSS [-1.2144665] Parameters [1.57942098 1.5730285  2.67860742 2.42484598 1.56851684 1.3052585
 2.61194013 2.413918  ] REAL [0.54632569] FAKE [0.45660921] 
73 epoch LOSS [-1.25186036] Parameters [1.57959818 1.5727349  2.71605947 2.44176788 1.5684837  1.30498132
 2.64914422 2.43103251] REAL [0.53865466] FAKE [0.46909902] 
74 epoch LOSS [-1.23888205] Parameters [1.57994852 1.57302877 2.75136288 2.45735784 1.5686588  1.30522889
 2.68465837 2.44669534] REAL [0.5483341] FAKE [0.47165804] 
75 epoch LOSS [-1.29665988] Parameters [1.57958505 1.57316999 2.78531986 2.47140434 1.56878826 1.30532065
 2.71845187 2.46078377] REAL [0.52000923] FAKE [0.47415625] 
76 epoch LOSS [-1.30439833] Parameters [1.57945966 1.57323274 2.81660702 2.48440197 1.56875198 1.3052356
 2.74988078 2.47315117] REAL [0.52204758] FAKE [0.4802471] 
77 epoch LOSS [-1.31873626] Parameters [1.57959152 1.57330161 2.84573762 2.49547201 1.56893758 1.30522388
 2.77919493 2.48445535] REAL [0.52979097] FAKE [0.49513465] 
78 epoch LOSS [-1.32642813] Parameters [1.57962736 1.57313053 2.87283736 2.50558966 1.56887592 1.30539023
 2.80637646 2.49463578] REAL [0.5222275] FAKE [0.49174712] 
79 epoch LOSS [-1.33790998] Parameters [1.57964637 1.57309234 2.89806539 2.51481822 1.5686238  1.30549993
 2.83138983 2.5036568 ] REAL [0.5175048] FAKE [0.49296411] 
80 epoch LOSS [-1.38025891] Parameters [1.57969433 1.57332615 2.9210674  2.52283708 1.56866475 1.30543548
 2.85460138 2.51155313] REAL [0.50194064] FAKE [0.49891799] 
81 epoch LOSS [-1.32853476] Parameters [1.5796709  1.57342211 2.94232261 2.52981187 1.56866176 1.30568951
 2.87566395 2.51877228] REAL [0.52732463] FAKE [0.49771914] 
82 epoch LOSS [-1.3585101] Parameters [1.57968735 1.57361624 2.96135102 2.53590447 1.56852627 1.30563024
 2.89468155 2.52499023] REAL [0.5096468] FAKE [0.49564392] 
83 epoch LOSS [-1.38751771] Parameters [1.57961077 1.57373518 2.97988241 2.54150186 1.56846815 1.30545303
 2.91317196 2.53071534] REAL [0.50217581] FAKE [0.50277503] 
84 epoch LOSS [-1.34878074] Parameters [1.57965435 1.57380124 2.9963992  2.54615967 1.5685625  1.30553141
 2.9293833  2.53558975] REAL [0.52056764] FAKE [0.5013971] 
85 epoch LOSS [-1.39960061] Parameters [1.57961101 1.57381106 3.01163493 2.55047819 1.56866457 1.30561261
 2.9445928  2.53974434] REAL [0.49531673] FAKE [0.50194399] 
86 epoch LOSS [-1.36597212] Parameters [1.57961362 1.57377857 3.02622779 2.5540359  1.56867671 1.30564241
 2.95882835 2.54347945] REAL [0.51234696] FAKE [0.50203171] 
87 epoch LOSS [-1.3822897] Parameters [1.57962082 1.573694   3.03857147 2.55674689 1.56857181 1.30559379
 2.97125959 2.54630405] REAL [0.5043161] FAKE [0.50228998] 
88 epoch LOSS [-1.34493669] Parameters [1.57958307 1.5736638  3.04984615 2.5589609  1.56860809 1.3056176
 2.98288763 2.54855842] REAL [0.52247007] FAKE [0.50129927] 
89 epoch LOSS [-1.39661443] Parameters [1.57953655 1.57355945 3.06055596 2.56072746 1.56857799 1.30551041
 2.99345881 2.5502406 ] REAL [0.49655429] FAKE [0.5016995] 
90 epoch LOSS [-1.40428602] Parameters [1.57946815 1.5735084  3.06997564 2.56187131 1.56865422 1.30552697
 3.00296856 2.5513817 ] REAL [0.49500526] FAKE [0.50396021] 
91 epoch LOSS [-1.40559804] Parameters [1.57937113 1.57346045 3.07876787 2.56259984 1.56866531 1.30556416
 3.01170086 2.55212764] REAL [0.49352572] FAKE [0.50312547] 
92 epoch LOSS [-1.39982639] Parameters [1.57933962 1.57342532 3.08653158 2.56271129 1.56867557 1.30562888
 3.01977845 2.55237773] REAL [0.49703917] FAKE [0.50378201] 
93 epoch LOSS [-1.38619867] Parameters [1.57936808 1.57348038 3.09417622 2.56243609 1.56867589 1.3056653
 3.02737459 2.55211116] REAL [0.50342918] FAKE [0.5033583] 
94 epoch LOSS [-1.36541567] Parameters [1.5793717  1.57344434 3.10100702 2.56162629 1.56870593 1.30564261
 3.03391875 2.55133855] REAL [0.5139591] FAKE [0.5033174] 
95 epoch LOSS [-1.39087623] Parameters [1.57941195 1.57339336 3.10664014 2.56036979 1.56877012 1.30566241
 3.03989707 2.55013248] REAL [0.4990995] FAKE [0.5013877] 
96 epoch LOSS [-1.35318715] Parameters [1.57939978 1.57343512 3.11227762 2.55875296 1.56875055 1.30564191
 3.04534974 2.54854648] REAL [0.51801618] FAKE [0.50114427] 
97 epoch LOSS [-1.36593356] Parameters [1.57943669 1.5734006  3.11796654 2.55681964 1.5687555  1.30561744
 3.05075943 2.54658379] REAL [0.51074194] FAKE [0.50044757] 
98 epoch LOSS [-1.36851755] Parameters [1.57941565 1.57344746 3.12235084 2.55439484 1.56872205 1.30560024
 3.05542894 2.54415435] REAL [0.51123903] FAKE [0.50222122] 
99 epoch LOSS [-1.37278143] Parameters [1.57943034 1.57343022 3.12687259 2.55152164 1.56875669 1.30558734
 3.05945857 2.54125857] REAL [0.50771438] FAKE [0.5008982] 
100 epoch LOSS [-1.34247888] Parameters [1.57938557 1.57343207 3.13086341 2.54830255 1.56877967 1.30558909
 3.06365064 2.53804905] REAL [0.52384496] FAKE [0.50138418] 
101 epoch LOSS [-1.35989608] Parameters [1.57937774 1.57344547 3.13493258 2.54466053 1.56876299 1.30555963
 3.06783661 2.53439082] REAL [0.51453701] FAKE [0.50112927] 
102 epoch LOSS [-1.37879267] Parameters [1.57940064 1.57344114 3.13812815 2.54066317 1.56875496 1.30550919
 3.07114306 2.53036157] REAL [0.50487323] FAKE [0.50109758] 
103 epoch LOSS [-1.35536392] Parameters [1.57940553 1.5734401  3.14172775 2.53635803 1.56870313 1.30549188
 3.07425663 2.52607724] REAL [0.5158401] FAKE [0.50012913] 
104 epoch LOSS [-1.34383476] Parameters [1.57938638 1.57340788 3.14470723 2.53169935 1.56872509 1.30551479
 3.07744637 2.52138517] REAL [0.52105519] FAKE [0.49939377] 
105 epoch LOSS [-1.38895825] Parameters [1.57938569 1.5733436  3.14728766 2.52665887 1.56873644 1.3054737
 3.07998071 2.51633228] REAL [0.49785648] FAKE [0.49918315] 
106 epoch LOSS [-1.37915613] Parameters [1.57937279 1.57332998 3.14961875 2.52128343 1.5687822  1.30543717
 3.08279257 2.51099845] REAL [0.50217944] FAKE [0.49860364] 
107 epoch LOSS [-1.38607213] Parameters [1.57936405 1.57331923 3.15152549 2.5155616  1.56881774 1.30538884
 3.08510288 2.50528939] REAL [0.4991645] FAKE [0.49905179] 
108 epoch LOSS [-1.352292] Parameters [1.57942272 1.57334575 3.15287592 2.50949555 1.56878336 1.30545387
 3.08679717 2.49921143] REAL [0.51595284] FAKE [0.49870077] 
109 epoch LOSS [-1.33899018] Parameters [1.57949536 1.57332012 3.15451415 2.50317326 1.56870819 1.30542685
 3.08871956 2.49287039] REAL [0.52306317] FAKE [0.49889376] 
110 epoch LOSS [-1.39727891] Parameters [1.57949818 1.5733504  3.15633713 2.49655978 1.56863761 1.30542531
 3.09036893 2.48623432] REAL [0.49467093] FAKE [0.50013458] 
111 epoch LOSS [-1.340388] Parameters [1.57955135 1.57336036 3.15789053 2.48961963 1.56862843 1.30545572
 3.09149742 2.47931288] REAL [0.52211811] FAKE [0.49868797] 
112 epoch LOSS [-1.40290547] Parameters [1.57959191 1.57337057 3.15927291 2.4825215  1.56860937 1.30541971
 3.09300517 2.47219964] REAL [0.492402] FAKE [0.50064882] 
113 epoch LOSS [-1.36384849] Parameters [1.57957753 1.5734269  3.16109256 2.4751121  1.56860181 1.30542906
 3.09457792 2.46481746] REAL [0.50995517] FAKE [0.49863256] 
114 epoch LOSS [-1.39486578] Parameters [1.57957474 1.57347785 3.16248798 2.46758723 1.56858153 1.30543339
 3.09579991 2.45730378] REAL [0.49431471] FAKE [0.49856579] 
115 epoch LOSS [-1.35028625] Parameters [1.57963983 1.57346092 3.16351847 2.45980273 1.56858069 1.30542642
 3.09699738 2.44958275] REAL [0.51813347] FAKE [0.4998083] 
116 epoch LOSS [-1.36450831] Parameters [1.57964718 1.57344617 3.16481917 2.45190427 1.56857741 1.30547482
 3.09824584 2.44167142] REAL [0.50924236] FAKE [0.49826194] 
117 epoch LOSS [-1.36620085] Parameters [1.57960957 1.57342132 3.16520015 2.44379687 1.56854197 1.30546745
 3.09919396 2.43359247] REAL [0.50951129] FAKE [0.49937481] 
118 epoch LOSS [-1.35025062] Parameters [1.5795974  1.57343526 3.16573218 2.43557419 1.56859408 1.3054661
 3.09958016 2.42534543] REAL [0.51657291] FAKE [0.49827935] 
119 epoch LOSS [-1.39826778] Parameters [1.57951577 1.57336221 3.16661171 2.4272441  1.56862002 1.30545526
 3.10040199 2.41704511] REAL [0.49207446] FAKE [0.49799367] 
120 epoch LOSS [-1.40294535] Parameters [1.57961051 1.57338999 3.16738729 2.41884681 1.56863195 1.30544319
 3.10118064 2.40858686] REAL [0.48953544] FAKE [0.4977448] 
121 epoch LOSS [-1.40522513] Parameters [1.57960265 1.57334603 3.16831088 2.41030515 1.56857534 1.30547493
 3.10185749 2.40009011] REAL [0.48881087] FAKE [0.49814573] 
122 epoch LOSS [-1.37561003] Parameters [1.57959157 1.57334705 3.16930518 2.40172743 1.56859836 1.30546834
 3.10288862 2.39148061] REAL [0.50447409] FAKE [0.49911123] 
123 epoch LOSS [-1.37386466] Parameters [1.57957575 1.573302   3.17018222 2.39303783 1.56856033 1.30545545
 3.10375873 2.38283242] REAL [0.50494651] FAKE [0.49870568] 
124 epoch LOSS [-1.38490586] Parameters [1.57956106 1.57329228 3.17101551 2.38443173 1.56859484 1.3054973
 3.10493523 2.37419085] REAL [0.50108903] FAKE [0.50039344] 
125 epoch LOSS [-1.35688197] Parameters [1.57955773 1.57327657 3.17130522 2.37585805 1.56864056 1.30547537
 3.10552822 2.36558779] REAL [0.51298001] FAKE [0.49810461] 
126 epoch LOSS [-1.37479341] Parameters [1.5794653  1.57327829 3.17164335 2.36726184 1.5686518  1.30545629
 3.10591632 2.35698913] REAL [0.50502642] FAKE [0.49925028] 
127 epoch LOSS [-1.38694791] Parameters [1.57943422 1.57325865 3.1713959  2.3587227  1.56864817 1.30551078
 3.10553049 2.3484611 ] REAL [0.50000745] FAKE [0.50033411] 
128 epoch LOSS [-1.35890027] Parameters [1.57945836 1.57331277 3.17134355 2.3502652  1.56862896 1.30553
 3.10565971 2.33999141] REAL [0.51373098] FAKE [0.49984876] 
129 epoch LOSS [-1.39763183] Parameters [1.57949672 1.57333787 3.17224501 2.34191798 1.56857875 1.30550922
 3.10558838 2.33162295] REAL [0.49624128] FAKE [0.50189223] 
130 epoch LOSS [-1.39356612] Parameters [1.5795237  1.57338105 3.17220108 2.33366437 1.56853158 1.30558904
 3.10579005 2.32342514] REAL [0.49690288] FAKE [0.50052885] 
131 epoch LOSS [-1.37468285] Parameters [1.57953755 1.57349286 3.17226878 2.32557731 1.56856778 1.30560674
 3.10611166 2.31540837] REAL [0.50530681] FAKE [0.49947281] 
132 epoch LOSS [-1.40909672] Parameters [1.57953044 1.57350186 3.17227797 2.3177039  1.5684922  1.30558828
 3.10683909 2.30753929] REAL [0.4893729] FAKE [0.50065909] 
133 epoch LOSS [-1.3625196] Parameters [1.57948939 1.57352489 3.17209753 2.30996959 1.56848753 1.30550851
 3.10620196 2.29974472] REAL [0.51191136] FAKE [0.49988429] 
134 epoch LOSS [-1.41028806] Parameters [1.57948273 1.57348125 3.17225665 2.30239454 1.56847621 1.30550367
 3.10615368 2.29219068] REAL [0.48904583] FAKE [0.50092006] 
135 epoch LOSS [-1.41174689] Parameters [1.57947317 1.57349304 3.17313201 2.29501952 1.5684503  1.30551094
 3.10692288 2.28484717] REAL [0.48891027] FAKE [0.50150942] 
136 epoch LOSS [-1.37421265] Parameters [1.57949941 1.57350003 3.17360837 2.28782209 1.56844937 1.30550028
 3.10709818 2.27764415] REAL [0.50718965] FAKE [0.50109639] 
137 epoch LOSS [-1.4018176] Parameters [1.57945021 1.57354928 3.17392819 2.28089822 1.56840663 1.30552431
 3.10743942 2.27069795] REAL [0.49432037] FAKE [0.50204529] 
138 epoch LOSS [-1.38829842] Parameters [1.57944069 1.57362595 3.17413286 2.27416186 1.56841324 1.30554808
 3.10784969 2.26398778] REAL [0.50119091] FAKE [0.50218673] 
139 epoch LOSS [-1.40499183] Parameters [1.57947943 1.57354446 3.17457946 2.267866   1.56842859 1.30555698
 3.10849807 2.2576651 ] REAL [0.49266289] FAKE [0.50195344] 
140 epoch LOSS [-1.38476669] Parameters [1.57949354 1.57349789 3.17530058 2.26178759 1.56843387 1.30555979
 3.10873087 2.25152933] REAL [0.50017032] FAKE [0.49940611] 
141 epoch LOSS [-1.37816381] Parameters [1.57943111 1.5735151  3.17546421 2.256046   1.56847817 1.30555618
 3.10935519 2.2457744 ] REAL [0.50295867] FAKE [0.49888343] 
142 epoch LOSS [-1.37588392] Parameters [1.57942232 1.57355014 3.17599487 2.25058972 1.56843326 1.30557203
 3.10974534 2.24029968] REAL [0.50231099] FAKE [0.49709202] 
143 epoch LOSS [-1.37182541] Parameters [1.57944419 1.57352516 3.1755438  2.2453961  1.56844924 1.30557153
 3.10883904 2.23513753] REAL [0.50474976] FAKE [0.49748657] 
144 epoch LOSS [-1.38202737] Parameters [1.57942612 1.57352656 3.17547075 2.24057742 1.56848057 1.30556919
 3.10841994 2.23028538] REAL [0.50060537] FAKE [0.49846917] 
145 epoch LOSS [-1.40596199] Parameters [1.57941566 1.57352808 3.17540649 2.23603174 1.56849886 1.30558251
 3.10810308 2.22584353] REAL [0.4883814] FAKE [0.4980744] 
146 epoch LOSS [-1.37309453] Parameters [1.57942932 1.57350967 3.17533449 2.23181199 1.56848855 1.30560407
 3.10784698 2.22167845] REAL [0.50372392] FAKE [0.49710184] 
147 epoch LOSS [-1.40739679] Parameters [1.57941837 1.57348395 3.1752982  2.22799071 1.56848686 1.30560125
 3.10772065 2.2178834 ] REAL [0.48756747] FAKE [0.49795734] 
148 epoch LOSS [-1.38525899] Parameters [1.57943459 1.57350656 3.17502968 2.22440893 1.56849068 1.30556877
 3.10752719 2.21426698] REAL [0.49830233] FAKE [0.49777683] 
149 epoch LOSS [-1.39952009] Parameters [1.57944175 1.57349128 3.17544425 2.22133401 1.56849877 1.30556982
 3.10743953 2.21106944] REAL [0.49065733] FAKE [0.49717385] 
150 epoch LOSS [-1.41026345] Parameters [1.57942814 1.57348863 3.17557367 2.21855144 1.5685048  1.30557209
 3.10720344 2.20822713] REAL [0.48500223] FAKE [0.49674671] 
151 epoch LOSS [-1.4141771] Parameters [1.57941863 1.57348798 3.17513794 2.21603766 1.56849095 1.30558343
 3.10635944 2.20573695] REAL [0.48236455] FAKE [0.49597125] 
152 epoch LOSS [-1.3827487] Parameters [1.57941951 1.5734823  3.17562961 2.21390901 1.56847946 1.30557839
 3.10690407 2.20362247] REAL [0.49834425] FAKE [0.49655687] 
153 epoch LOSS [-1.41132753] Parameters [1.57941528 1.57348026 3.17596251 2.21210937 1.5684707  1.30558054
 3.10753513 2.20184324] REAL [0.48403227] FAKE [0.49627451] 
154 epoch LOSS [-1.40923736] Parameters [1.57942476 1.5734937  3.17535987 2.21070781 1.56846805 1.30557612
 3.10728649 2.20042415] REAL [0.48523157] FAKE [0.49646816] 
155 epoch LOSS [-1.36279043] Parameters [1.57943208 1.57348554 3.17495834 2.20958451 1.56847683 1.30557978
 3.10723574 2.19931842] REAL [0.50673284] FAKE [0.49491021] 
156 epoch LOSS [-1.38699214] Parameters [1.57942552 1.57348158 3.1752249  2.20878116 1.56847933 1.30557984
 3.10785736 2.19854561] REAL [0.49437535] FAKE [0.49466409] 
157 epoch LOSS [-1.3957468] Parameters [1.5794287  1.57348173 3.17500156 2.20832141 1.56847637 1.30557784
 3.10762015 2.19810336] REAL [0.48913316] FAKE [0.49370019] 
158 epoch LOSS [-1.37190565] Parameters [1.57943284 1.57348226 3.17495949 2.2082465  1.56848406 1.30557137
 3.10773565 2.19802017] REAL [0.50099656] FAKE [0.49376263] 
159 epoch LOSS [-1.36868683] Parameters [1.57944064 1.5734985  3.17570949 2.2084797  1.56849339 1.3055632
 3.10794548 2.19826805] REAL [0.50348389] FAKE [0.49463951] 
160 epoch LOSS [-1.37205347] Parameters [1.57944024 1.57349597 3.17507077 2.20907413 1.56848409 1.30556161
 3.1075465  2.19892449] REAL [0.50186352] FAKE [0.49471184] 
161 epoch LOSS [-1.38541443] Parameters [1.57945269 1.57351228 3.1755177  2.20994057 1.56849107 1.30556414
 3.10765998 2.19982011] REAL [0.49536681] FAKE [0.4948792] 
162 epoch LOSS [-1.36995264] Parameters [1.57945887 1.57349748 3.17565361 2.21115282 1.56850323 1.30557625
 3.10766134 2.20105373] REAL [0.50127153] FAKE [0.49305121] 
163 epoch LOSS [-1.37084345] Parameters [1.57945929 1.57349983 3.17529141 2.21273318 1.56851378 1.30558096
 3.10719339 2.20264907] REAL [0.5005252] FAKE [0.49274737] 
164 epoch LOSS [-1.41125397] Parameters [1.57944986 1.57351079 3.17619934 2.21461845 1.56854825 1.30555819
 3.10778398 2.20448909] REAL [0.48092111] FAKE [0.49297853] 
165 epoch LOSS [-1.39978675] Parameters [1.57943384 1.57349819 3.17634118 2.21676516 1.56854609 1.30558096
 3.10780717 2.2066461 ] REAL [0.48709509] FAKE [0.49363161] 
166 epoch LOSS [-1.37651136] Parameters [1.57940454 1.57348714 3.17661011 2.21929395 1.56858542 1.3055579
 3.10806639 2.20912742] REAL [0.49794591] FAKE [0.49300166] 
167 epoch LOSS [-1.41176205] Parameters [1.5794387  1.5734947  3.17657042 2.22208163 1.5685897  1.30552492
 3.10796573 2.21190942] REAL [0.48197694] FAKE [0.49434621] 
168 epoch LOSS [-1.39236293] Parameters [1.57944438 1.57354626 3.17652179 2.22510709 1.56860346 1.30552124
 3.10804127 2.21494821] REAL [0.49108657] FAKE [0.49400479] 
169 epoch LOSS [-1.39550358] Parameters [1.57942949 1.57356996 3.17578783 2.22843642 1.568616   1.30553814
 3.10766488 2.21831525] REAL [0.48970701] FAKE [0.49417047] 
170 epoch LOSS [-1.40609928] Parameters [1.57942902 1.5735403  3.17582383 2.23206154 1.56860484 1.30555055
 3.10728667 2.22198344] REAL [0.4841031] FAKE [0.4937081] 
171 epoch LOSS [-1.35711638] Parameters [1.57938935 1.57355759 3.17611071 2.23600328 1.5685816  1.30554126
 3.10770897 2.22592363] REAL [0.5075783] FAKE [0.49288227] 
172 epoch LOSS [-1.36357446] Parameters [1.57939598 1.57353925 3.17576206 2.24019435 1.56855343 1.30556609
 3.10771448 2.23005995] REAL [0.50372526] FAKE [0.4922927] 
173 epoch LOSS [-1.37692798] Parameters [1.57937966 1.5735196  3.1758521  2.24464274 1.56855323 1.30553906
 3.10826158 2.23453381] REAL [0.49674177] FAKE [0.49198434] 
174 epoch LOSS [-1.34779188] Parameters [1.5793723  1.57354102 3.17578655 2.24929229 1.56854225 1.30553332
 3.1088964  2.23917514] REAL [0.51082406] FAKE [0.49138393] 
175 epoch LOSS [-1.40720789] Parameters [1.57942068 1.57351371 3.17589848 2.25419124 1.56852418 1.30556356
 3.10870604 2.24409062] REAL [0.48288777] FAKE [0.49299625] 
176 epoch LOSS [-1.3992529] Parameters [1.57940502 1.57347707 3.17614099 2.25926062 1.568527   1.30552442
 3.10892193 2.2491981 ] REAL [0.48560684] FAKE [0.4918085] 
177 epoch LOSS [-1.34936353] Parameters [1.57947899 1.5734552  3.17574244 2.26462041 1.56851027 1.30553375
 3.10855044 2.25456136] REAL [0.5113735] FAKE [0.49272828] 
178 epoch LOSS [-1.34636336] Parameters [1.57939515 1.57342752 3.17625995 2.27013143 1.56854374 1.30557449
 3.10889375 2.26011602] REAL [0.51342015] FAKE [0.49323232] 
179 epoch LOSS [-1.37630703] Parameters [1.57942351 1.57341985 3.17611371 2.2758255  1.56855754 1.30553376
 3.10879196 2.26579424] REAL [0.49881944] FAKE [0.49378608] 
180 epoch LOSS [-1.38425483] Parameters [1.57938296 1.57349564 3.17598828 2.28165198 1.56857858 1.30556238
 3.10858974 2.27163367] REAL [0.49428237] FAKE [0.49318362] 
181 epoch LOSS [-1.36735739] Parameters [1.57937668 1.57352189 3.17597625 2.28759573 1.56851631 1.30560973
 3.10836016 2.27764475] REAL [0.503384] FAKE [0.4938668] 
182 epoch LOSS [-1.38678278] Parameters [1.57934512 1.57350446 3.17575219 2.29374202 1.56851141 1.30558414
 3.10809934 2.28377135] REAL [0.49452907] FAKE [0.49471539] 
183 epoch LOSS [-1.39676131] Parameters [1.57938073 1.57350568 3.17549695 2.29999459 1.56854579 1.30555046
 3.10829134 2.28999979] REAL [0.49112669] FAKE [0.49626662] 
184 epoch LOSS [-1.36941126] Parameters [1.57937364 1.57350444 3.17590551 2.30630599 1.56850208 1.30553547
 3.10837512 2.29633982] REAL [0.50397689] FAKE [0.49549948] 
185 epoch LOSS [-1.39506159] Parameters [1.57931574 1.57347821 3.1753515  2.3127586  1.56847092 1.30554641
 3.10757518 2.3027816 ] REAL [0.49015016] FAKE [0.49440438] 
186 epoch LOSS [-1.40118704] Parameters [1.579319   1.57348065 3.17474834 2.31926968 1.56845325 1.30555403
 3.10728449 2.30930041] REAL [0.48716203] FAKE [0.49440966] 
187 epoch LOSS [-1.40298803] Parameters [1.57929964 1.57352041 3.17432385 2.32584136 1.56847467 1.30559018
 3.10700389 2.31587641] REAL [0.48901314] FAKE [0.49722982] 
188 epoch LOSS [-1.40356254] Parameters [1.57930726 1.57348101 3.17425561 2.33250812 1.56848451 1.30555112
 3.10637382 2.32252858] REAL [0.48677346] FAKE [0.49520663] 
189 epoch LOSS [-1.35514538] Parameters [1.57933866 1.57350845 3.17471038 2.33917651 1.56847221 1.30551985
 3.10687344 2.32917279] REAL [0.51266261] FAKE [0.49692099] 
190 epoch LOSS [-1.36619987] Parameters [1.57935424 1.57354805 3.17464458 2.34577264 1.56846143 1.30553842
 3.10634911 2.3356898 ] REAL [0.50725981] FAKE [0.49715229] 
191 epoch LOSS [-1.3910805] Parameters [1.57937925 1.57354965 3.17488483 2.35240233 1.56841141 1.30548659
 3.10691824 2.3422617 ] REAL [0.49673655] FAKE [0.49911815] 
192 epoch LOSS [-1.36111039] Parameters [1.57941578 1.5735152  3.17493641 2.3590466  1.56840225 1.30547821
 3.10651603 2.34887892] REAL [0.51149049] FAKE [0.49876694] 
193 epoch LOSS [-1.37215823] Parameters [1.57941991 1.57349177 3.17459926 2.36556273 1.5684638  1.3054784
 3.1060593  2.35542482] REAL [0.50415503] FAKE [0.49706119] 
194 epoch LOSS [-1.36689805] Parameters [1.57945    1.57351759 3.17527388 2.37200445 1.5684209  1.30549746
 3.10651607 2.36186133] REAL [0.50817573] FAKE [0.49840893] 
195 epoch LOSS [-1.39841825] Parameters [1.57940745 1.57350858 3.17598062 2.37841102 1.56837975 1.30548709
 3.10701682 2.3682349 ] REAL [0.49390918] FAKE [0.49993371] 
196 epoch LOSS [-1.39729507] Parameters [1.57940464 1.57350127 3.17585454 2.38469091 1.56838105 1.30549817
 3.10652733 2.37452527] REAL [0.49448467] FAKE [0.49995438] 
197 epoch LOSS [-1.35720111] Parameters [1.57941963 1.57351602 3.17560448 2.39078225 1.56832159 1.30552632
 3.1062998  2.38063085] REAL [0.51531553] FAKE [0.50053874] 
198 epoch LOSS [-1.37912143] Parameters [1.57946141 1.57343924 3.17523818 2.3968635  1.56832737 1.30555693
 3.10660696 2.38669431] REAL [0.50288477] FAKE [0.49928951] 
199 epoch LOSS [-1.35975126] Parameters [1.57947474 1.57342915 3.17493809 2.40265728 1.56835875 1.3055293
 3.10643958 2.39250778] REAL [0.51261204] FAKE [0.49918338] 
200 epoch LOSS [-1.36150727] Parameters [1.57946726 1.57343735 3.17496518 2.40843776 1.56839091 1.30552191
 3.10642937 2.39826414] REAL [0.51288583] FAKE [0.50032893] 
201 epoch LOSS [-1.41482863] Parameters [1.57944567 1.57346701 3.17516968 2.4139323  1.56838798 1.30554765
 3.10633665 2.40380688] REAL [0.48855481] FAKE [0.5026817] 
202 epoch LOSS [-1.41220276] Parameters [1.57939083 1.57345848 3.17609932 2.41921007 1.56830599 1.3055519
 3.10676482 2.40910552] REAL [0.48895416] FAKE [0.50178134] 
203 epoch LOSS [-1.38187048] Parameters [1.57938532 1.57347019 3.17573948 2.42441005 1.568339   1.30555545
 3.10648811 2.41425031] REAL [0.50558809] FAKE [0.50333398] 
204 epoch LOSS [-1.38579525] Parameters [1.57942573 1.57350153 3.1766723  2.42930914 1.56838887 1.30557549
 3.10732265 2.41916166] REAL [0.50165606] FAKE [0.5014018] 
205 epoch LOSS [-1.38085551] Parameters [1.57942732 1.57348418 3.17652323 2.43405392 1.5683895  1.30557773
 3.10709034 2.42392775] REAL [0.50396065] FAKE [0.50122412] 
206 epoch LOSS [-1.38591009] Parameters [1.57943382 1.57350129 3.17593754 2.43857495 1.56838933 1.30561437
 3.10695678 2.4284309 ] REAL [0.50199924] FAKE [0.50179987] 
207 epoch LOSS [-1.35985248] Parameters [1.57945158 1.57348265 3.17626373 2.44285356 1.56839303 1.30563273
 3.10704105 2.43270189] REAL [0.51544305] FAKE [0.50198447] 
208 epoch LOSS [-1.41035388] Parameters [1.57943402 1.57345195 3.176028   2.44688704 1.56837042 1.3055837
 3.10682491 2.43682614] REAL [0.49109955] FAKE [0.50303986] 
209 epoch LOSS [-1.41677728] Parameters [1.57938631 1.57345766 3.17593236 2.45074134 1.56835073 1.30559528
 3.10692786 2.44068199] REAL [0.48865023] FAKE [0.50374678] 
210 epoch LOSS [-1.3661965] Parameters [1.57938734 1.57349071 3.17613869 2.45421746 1.56834152 1.30559113
 3.1064104  2.44424517] REAL [0.51276107] FAKE [0.50254552] 
211 epoch LOSS [-1.36563924] Parameters [1.57938528 1.5734927  3.17638399 2.4574547  1.56833158 1.30559688
 3.10678384 2.44747444] REAL [0.51264346] FAKE [0.50215404] 
212 epoch LOSS [-1.41338771] Parameters [1.57937107 1.57347456 3.17595572 2.46045294 1.56836559 1.30559279
 3.10618327 2.45043128] REAL [0.48798931] FAKE [0.50138745] 
213 epoch LOSS [-1.39078632] Parameters [1.57937504 1.57347515 3.17601023 2.46320792 1.56836993 1.30557733
 3.10625156 2.45320001] REAL [0.49990952] FAKE [0.50215086] 
214 epoch LOSS [-1.3743259] Parameters [1.57938959 1.57347841 3.17609838 2.46564418 1.56837455 1.30558082
 3.10645827 2.45562282] REAL [0.50841543] FAKE [0.5023556] 
215 epoch LOSS [-1.40526063] Parameters [1.57938406 1.57348191 3.17573449 2.4678679  1.5683792  1.30556767
 3.105663   2.45784143] REAL [0.49304136] FAKE [0.5024695] 
216 epoch LOSS [-1.38036918] Parameters [1.57940566 1.5734804  3.17586675 2.46991442 1.5683815  1.30556397
 3.10591195 2.45983967] REAL [0.50519289] FAKE [0.50219867] 
217 epoch LOSS [-1.38051514] Parameters [1.57940064 1.5734844  3.17576047 2.47166214 1.56838232 1.30556112
 3.10588326 2.4615107 ] REAL [0.50434665] FAKE [0.50143619] 
218 epoch LOSS [-1.39669587] Parameters [1.57940489 1.57348397 3.17586814 2.47309651 1.56838554 1.30556585
 3.10627772 2.46296148] REAL [0.49671578] FAKE [0.50190207] 
219 epoch LOSS [-1.40861129] Parameters [1.57940389 1.57348985 3.17672446 2.47420427 1.56838855 1.3055655
 3.10693925 2.46404782] REAL [0.49222019] FAKE [0.50330651] 
220 epoch LOSS [-1.37517044] Parameters [1.57940966 1.57348945 3.17641284 2.4750186  1.56838153 1.30557028
 3.10673817 2.46489223] REAL [0.50882522] FAKE [0.50317615] 
221 epoch LOSS [-1.37757225] Parameters [1.57941731 1.57348946 3.17653544 2.47563997 1.56838321 1.30557273
 3.10682048 2.46551288] REAL [0.50733967] FAKE [0.50291672] 
222 epoch LOSS [-1.35649619] Parameters [1.57941741 1.57349306 3.17654671 2.47595847 1.56838126 1.30557279
 3.10653353 2.46586588] REAL [0.51641958] FAKE [0.50125508] 
223 epoch LOSS [-1.39614687] Parameters [1.57941242 1.57348623 3.17606358 2.47609076 1.56838607 1.30556887
 3.10632835 2.46603585] REAL [0.49706868] FAKE [0.50198237] 
224 epoch LOSS [-1.37801271] Parameters [1.57940909 1.57348734 3.17571776 2.47587362 1.56838881 1.30557013
 3.10640242 2.46589452] REAL [0.50547934] FAKE [0.501307] 
225 epoch LOSS [-1.35933635] Parameters [1.57939895 1.57347575 3.17537054 2.4754758  1.56837872 1.30557089
 3.10606889 2.46548069] REAL [0.51556754] FAKE [0.50184768] 
226 epoch LOSS [-1.39973132] Parameters [1.57940234 1.57348071 3.17567553 2.47473857 1.56837152 1.30556818
 3.10613719 2.46473346] REAL [0.49463249] FAKE [0.5013202] 
227 epoch LOSS [-1.39900071] Parameters [1.57940907 1.57348701 3.17587571 2.47378957 1.56838988 1.3055637
 3.10592599 2.46378448] REAL [0.49555726] FAKE [0.50188701] 
228 epoch LOSS [-1.35996551] Parameters [1.57941574 1.57349921 3.17592286 2.47259444 1.56840395 1.30557533
 3.10620526 2.46258164] REAL [0.51475841] FAKE [0.50137847] 
229 epoch LOSS [-1.38276815] Parameters [1.57942115 1.57348544 3.17657898 2.47114922 1.56839944 1.30556936
 3.10647143 2.46113691] REAL [0.50279312] FAKE [0.50102119] 
230 epoch LOSS [-1.40208039] Parameters [1.5794094  1.5734774  3.17660473 2.46953235 1.56839994 1.30554525
 3.10585255 2.45951747] REAL [0.49225344] FAKE [0.50008581] 
231 epoch LOSS [-1.39554408] Parameters [1.57940552 1.57346566 3.17620033 2.46760597 1.56840427 1.3055735
 3.10572407 2.45761534] REAL [0.49740169] FAKE [0.5020157] 
232 epoch LOSS [-1.39710567] Parameters [1.57940624 1.57344839 3.17598191 2.46546696 1.5684009  1.3055877
 3.10554587 2.45548974] REAL [0.49740371] FAKE [0.50279476] 
233 epoch LOSS [-1.41143761] Parameters [1.57938256 1.57345727 3.17625179 2.46307354 1.56840483 1.30559235
 3.10594755 2.45311636] REAL [0.48888149] FAKE [0.50132587] 
234 epoch LOSS [-1.37683275] Parameters [1.57939245 1.57343661 3.17606262 2.46046154 1.56837526 1.30559197
 3.1057065  2.45050332] REAL [0.5060603] FAKE [0.50129139] 
235 epoch LOSS [-1.38216185] Parameters [1.57939625 1.57342864 3.17560284 2.45765983 1.56838384 1.30558845
 3.10525689 2.44770469] REAL [0.50319933] FAKE [0.50112162] 
236 epoch LOSS [-1.35106473] Parameters [1.57941895 1.5734217  3.1760021  2.45463585 1.56839418 1.30558336
 3.10548847 2.44464175] REAL [0.51979376] FAKE [0.50179397] 
237 epoch LOSS [-1.36228734] Parameters [1.57937915 1.57345235 3.17666713 2.45137323 1.56837036 1.30558439
 3.10600596 2.44145679] REAL [0.51203362] FAKE [0.49988757] 
238 epoch LOSS [-1.38479174] Parameters [1.5794216  1.573434   3.17627671 2.44805087 1.56837189 1.30560818
 3.10583943 2.43812737] REAL [0.50128397] FAKE [0.50053073] 
239 epoch LOSS [-1.37465777] Parameters [1.57944442 1.57338942 3.1760267  2.4445084  1.56839567 1.30560675
 3.10580271 2.434612  ] REAL [0.5064688] FAKE [0.50060865] 
240 epoch LOSS [-1.36866619] Parameters [1.57947199 1.57338429 3.17581356 2.44074244 1.56837709 1.30560915
 3.10594286 2.4308519 ] REAL [0.51052438] FAKE [0.5015985] 
241 epoch LOSS [-1.41153766] Parameters [1.57949036 1.57337837 3.17579259 2.43686519 1.56836925 1.30560203
 3.10613039 2.42697094] REAL [0.48826292] FAKE [0.50074406] 
242 epoch LOSS [-1.3572263] Parameters [1.5794613  1.57337768 3.17566046 2.43285311 1.56836873 1.30558729
 3.10592609 2.42293372] REAL [0.51585695] FAKE [0.50107551] 
243 epoch LOSS [-1.38318273] Parameters [1.57940525 1.57338182 3.17558703 2.42867981 1.56838985 1.30558526
 3.10602714 2.4187671 ] REAL [0.50423847] FAKE [0.5026577] 
244 epoch LOSS [-1.35508023] Parameters [1.57938521 1.57336954 3.17584099 2.42429459 1.56840782 1.30556439
 3.1059736  2.41439521] REAL [0.51658826] FAKE [0.50071146] 
245 epoch LOSS [-1.36968751] Parameters [1.57937633 1.57332912 3.17617501 2.41983329 1.56836706 1.30559073
 3.1061309  2.40995264] REAL [0.51021844] FAKE [0.50180873] 
246 epoch LOSS [-1.40926845] Parameters [1.57934674 1.57338503 3.17629089 2.41524699 1.56838281 1.30563164
 3.10595479 2.40542635] REAL [0.48972204] FAKE [0.50110076] 
247 epoch LOSS [-1.4127738] Parameters [1.57933097 1.57337028 3.17661411 2.41059732 1.56837618 1.30563103
 3.1063881  2.40077726] REAL [0.48844372] FAKE [0.50154541] 
248 epoch LOSS [-1.37372041] Parameters [1.57927422 1.57334095 3.1768157  2.4059213  1.56839826 1.30563566
 3.10662675 2.39606738] REAL [0.50673952] FAKE [0.50040736] 
249 epoch LOSS [-1.39052899] Parameters [1.57928383 1.57338347 3.17668764 2.40117592 1.56835229 1.30561118
 3.10623809 2.39134969] REAL [0.49734451] FAKE [0.49945445] 
250 epoch LOSS [-1.39185339] Parameters [1.57928904 1.57336887 3.17669798 2.39635348 1.56834294 1.30560242
 3.10635211 2.38654931] REAL [0.49705887] FAKE [0.49982967] 
251 epoch LOSS [-1.38166981] Parameters [1.57932059 1.57341116 3.17719776 2.39157    1.56832263 1.30563732
 3.10664577 2.38167097] REAL [0.50297761] FAKE [0.50065607] 
252 epoch LOSS [-1.39547384] Parameters [1.579338   1.57343388 3.17704535 2.38665992 1.56834411 1.30566415
 3.10669536 2.37674482] REAL [0.49523457] FAKE [0.49980141] 
253 epoch LOSS [-1.36519495] Parameters [1.57933059 1.57346704 3.17748091 2.38184243 1.56835293 1.30567457
 3.10740189 2.37193084] REAL [0.5092493] FAKE [0.49861316] 
254 epoch LOSS [-1.35675737] Parameters [1.57931479 1.57345065 3.1774639  2.37705918 1.56834814 1.30566278
 3.10723507 2.36710924] REAL [0.51449858] FAKE [0.49952363] 
255 epoch LOSS [-1.35588676] Parameters [1.57929454 1.57346158 3.17722044 2.37218499 1.56836698 1.30568636
 3.10753396 2.36227018] REAL [0.51323197] FAKE [0.49785151] 
256 epoch LOSS [-1.41364228] Parameters [1.57930399 1.57348394 3.17757322 2.36739402 1.56835503 1.3057115
 3.10759757 2.35750264] REAL [0.4858929] FAKE [0.49936362] 
257 epoch LOSS [-1.40236618] Parameters [1.57932507 1.57345029 3.17801687 2.36260911 1.56836646 1.30569879
 3.10827847 2.35266159] REAL [0.49194353] FAKE [0.49991382] 
258 epoch LOSS [-1.35569468] Parameters [1.57929909 1.5735192  3.17817577 2.35777478 1.56834878 1.30569634
 3.10793536 2.34784116] REAL [0.51387745] FAKE [0.49838591] 
259 epoch LOSS [-1.40058718] Parameters [1.57927493 1.57348776 3.17800699 2.35309278 1.56833868 1.30572726
 3.10798    2.34317992] REAL [0.4927121] FAKE [0.49980483] 
260 epoch LOSS [-1.37396455] Parameters [1.57926234 1.57349878 3.17807578 2.34850565 1.56832977 1.30577669
 3.10786811 2.33856111] REAL [0.50581087] FAKE [0.4996123] 
261 epoch LOSS [-1.36058306] Parameters [1.57927581 1.57353283 3.17772282 2.34390161 1.56833319 1.30581796
 3.1077168  2.33391724] REAL [0.51323302] FAKE [0.50020524] 
262 epoch LOSS [-1.40953894] Parameters [1.57926313 1.57348504 3.17744106 2.33935568 1.56834575 1.30581699
 3.10763188 2.32935435] REAL [0.48835077] FAKE [0.49983518] 
263 epoch LOSS [-1.36399947] Parameters [1.5792643  1.57345577 3.17735266 2.33487039 1.56834421 1.30582371
 3.10723693 2.32485697] REAL [0.51078616] FAKE [0.49952379] 
264 epoch LOSS [-1.35387209] Parameters [1.57928796 1.57347416 3.17796969 2.33054043 1.56833417 1.30579901
 3.10790687 2.32052594] REAL [0.51636325] FAKE [0.49989005] 
265 epoch LOSS [-1.40536341] Parameters [1.57928846 1.57347013 3.17742644 2.32634438 1.56834438 1.30579247
 3.10717917 2.31633811] REAL [0.49034899] FAKE [0.49978911] 
266 epoch LOSS [-1.38803103] Parameters [1.57926012 1.57350721 3.17782905 2.32223397 1.56837973 1.30577696
 3.1075703  2.31223794] REAL [0.49793875] FAKE [0.49880139] 
267 epoch LOSS [-1.40334732] Parameters [1.57930608 1.57352366 3.17806244 2.31828515 1.56839515 1.30576583
 3.10795145 2.30832195] REAL [0.48969047] FAKE [0.49810559] 
268 epoch LOSS [-1.36231011] Parameters [1.5793505  1.57350045 3.17800233 2.31444077 1.5683667  1.30574221
 3.1078529  2.30447408] REAL [0.5106982] FAKE [0.49859125] 
269 epoch LOSS [-1.35530983] Parameters [1.57937517 1.57349439 3.17790703 2.31076853 1.56838692 1.30575748
 3.10768805 2.30087558] REAL [0.51414418] FAKE [0.49845316] 
270 epoch LOSS [-1.35759315] Parameters [1.57937054 1.57348243 3.17750235 2.30729012 1.56838706 1.30575392
 3.10742422 2.29741571] REAL [0.51288728] FAKE [0.49837075] 
271 epoch LOSS [-1.37449318] Parameters [1.57935055 1.57348253 3.1770509  2.30394985 1.56839041 1.30575957
 3.10710097 2.2940163 ] REAL [0.50350929] FAKE [0.49759066] 
272 epoch LOSS [-1.36485627] Parameters [1.57935519 1.57345069 3.17726743 2.30083009 1.56839824 1.30576852
 3.10710954 2.29085834] REAL [0.50757391] FAKE [0.49678779] 
273 epoch LOSS [-1.37837866] Parameters [1.57936269 1.57345304 3.17710777 2.29790529 1.56841939 1.30578921
 3.1068349  2.28790928] REAL [0.50172552] FAKE [0.49775969] 
274 epoch LOSS [-1.37596382] Parameters [1.57935055 1.57344738 3.17742169 2.29505108 1.56844323 1.30580358
 3.10721692 2.28502889] REAL [0.50315271] FAKE [0.49797344] 
275 epoch LOSS [-1.38026408] Parameters [1.57934059 1.57343483 3.17764641 2.29241522 1.56847    1.30580367
 3.10717278 2.28240051] REAL [0.50193211] FAKE [0.49891206] 
276 epoch LOSS [-1.38238957] Parameters [1.57933523 1.57345253 3.17731528 2.28995133 1.56847267 1.30581407
 3.10663669 2.27992443] REAL [0.49954587] FAKE [0.49758747] 
277 epoch LOSS [-1.39659112] Parameters [1.57934827 1.57344238 3.1775399  2.28774599 1.56847107 1.30581878
 3.10731216 2.27769445] REAL [0.49317687] FAKE [0.4982753] 
278 epoch LOSS [-1.35964469] Parameters [1.57934442 1.5734224  3.17773559 2.2856583  1.56847289 1.30582424
 3.10758985 2.27563686] REAL [0.51243381] FAKE [0.4989558] 
279 epoch LOSS [-1.40040214] Parameters [1.57934662 1.57343087 3.1777495  2.28373418 1.56848211 1.30582127
 3.10796432 2.2737416 ] REAL [0.49158832] FAKE [0.4985686] 
280 epoch LOSS [-1.40949127] Parameters [1.57935629 1.57343849 3.17744384 2.28202896 1.5684746  1.30580728
 3.10776187 2.2720764 ] REAL [0.487491] FAKE [0.49892917] 
281 epoch LOSS [-1.36831683] Parameters [1.57935251 1.57344022 3.17729351 2.28056436 1.56846971 1.30580374
 3.10757143 2.2706104 ] REAL [0.50687509] FAKE [0.49783481] 
282 epoch LOSS [-1.39073666] Parameters [1.57936553 1.57344387 3.17750315 2.27931803 1.56847425 1.30580501
 3.10771576 2.26936499] REAL [0.49563573] FAKE [0.49783304] 
283 epoch LOSS [-1.41104756] Parameters [1.57935902 1.57345307 3.17735134 2.27828611 1.56848427 1.30580604
 3.10845267 2.26835048] REAL [0.48545247] FAKE [0.49760753] 
284 epoch LOSS [-1.41597327] Parameters [1.57934531 1.57345858 3.17677044 2.27743387 1.56848082 1.30580748
 3.10792059 2.26746514] REAL [0.48386243] FAKE [0.49843327] 
285 epoch LOSS [-1.37498399] Parameters [1.57935571 1.57345977 3.17653473 2.27680392 1.5684717  1.30581381
 3.10824987 2.26681287] REAL [0.50309532] FAKE [0.49742397] 
286 epoch LOSS [-1.35131309] Parameters [1.57934749 1.57345759 3.17648502 2.27633653 1.56847717 1.3058025
 3.10850366 2.26636451] REAL [0.51516182] FAKE [0.49743931] 
287 epoch LOSS [-1.38696745] Parameters [1.57936381 1.5734655  3.1762086  2.27611415 1.56848409 1.30580068
 3.10862918 2.26616208] REAL [0.49785254] FAKE [0.49818116] 
288 epoch LOSS [-1.35843487] Parameters [1.57936362 1.57346273 3.17642226 2.27609329 1.56848614 1.30579817
 3.10890051 2.26613462] REAL [0.5114981] FAKE [0.49743157] 
289 epoch LOSS [-1.4034566] Parameters [1.57936141 1.57345578 3.17652582 2.27628808 1.56848415 1.30579228
 3.10901342 2.26638565] REAL [0.49018015] FAKE [0.49866177] 
290 epoch LOSS [-1.40394528] Parameters [1.57936139 1.57346124 3.17677967 2.27663973 1.56847251 1.30579785
 3.10917773 2.26676064] REAL [0.48913699] FAKE [0.49783805] 
291 epoch LOSS [-1.41029088] Parameters [1.57936482 1.57345963 3.17684204 2.27722042 1.56847298 1.30579234
 3.10929855 2.26734724] REAL [0.48567832] FAKE [0.49746104] 
292 epoch LOSS [-1.39212648] Parameters [1.5793774  1.57345777 3.17696294 2.27798945 1.56846288 1.30579341
 3.10939956 2.26810981] REAL [0.49337818] FAKE [0.4962359] 
293 epoch LOSS [-1.39302879] Parameters [1.57936399 1.57344727 3.1769605  2.2789634  1.56845958 1.30578847
 3.10889996 2.26911611] REAL [0.49314506] FAKE [0.49645232] 
294 epoch LOSS [-1.40886477] Parameters [1.57936921 1.57345115 3.17668886 2.28014269 1.56846    1.30578454
 3.10912151 2.27032423] REAL [0.48500338] FAKE [0.49604351] 
295 epoch LOSS [-1.39328443] Parameters [1.57937479 1.57345363 3.17643859 2.28153412 1.56847674 1.30580064
 3.10929357 2.27172334] REAL [0.49275359] FAKE [0.49618109] 
296 epoch LOSS [-1.3820862] Parameters [1.57937237 1.57344226 3.17655868 2.28299723 1.5685167  1.30581328
 3.10893463 2.27324298] REAL [0.49849155] FAKE [0.49637209] 
297 epoch LOSS [-1.40736291] Parameters [1.57938151 1.57345674 3.17600268 2.28474606 1.56851472 1.30582189
 3.10875722 2.27499805] REAL [0.48626955] FAKE [0.49660027] 
298 epoch LOSS [-1.39217471] Parameters [1.57938395 1.57345222 3.17549879 2.28657047 1.5685115  1.30581737
 3.1083263  2.27683258] REAL [0.49281955] FAKE [0.49568919] 
299 epoch LOSS [-1.40520945] Parameters [1.57939668 1.57345703 3.1753827  2.2886221  1.56851249 1.30583427
 3.10849348 2.27889314] REAL [0.48581044] FAKE [0.49503829] 
300 epoch LOSS [-1.41236773] Parameters [1.57939738 1.57345809 3.17498433 2.29086299 1.56851274 1.30581255
 3.10835316 2.28110719] REAL [0.48285792] FAKE [0.49557439] 
301 epoch LOSS [-1.36657135] Parameters [1.579389   1.57346013 3.17428303 2.29318908 1.56852661 1.30582059
 3.10781344 2.283456  ] REAL [0.50635802] FAKE [0.49644384] 
302 epoch LOSS [-1.3837063] Parameters [1.57938916 1.57345474 3.17424748 2.2957002  1.56851165 1.3058237
 3.1078     2.28597484] REAL [0.49824257] FAKE [0.49693609] 
303 epoch LOSS [-1.37825671] Parameters [1.57940116 1.57344418 3.174671   2.29831044 1.56850148 1.30584896
 3.10843533 2.28859149] REAL [0.50077022] FAKE [0.49674022] 
304 epoch LOSS [-1.35992046] Parameters [1.57942697 1.57340756 3.17429169 2.30106274 1.5685064  1.30584617
 3.10858361 2.29135976] REAL [0.50922233] FAKE [0.49593493] 
305 epoch LOSS [-1.34768182] Parameters [1.57942879 1.57342864 3.1742893  2.3039804  1.56848624 1.3058694
 3.1084342  2.29422136] REAL [0.51537304] FAKE [0.49581778] 
306 epoch LOSS [-1.36530379] Parameters [1.5794291  1.57341256 3.17441004 2.30697088 1.5684406  1.30587136
 3.10858522 2.29719466] REAL [0.50578759] FAKE [0.49523652] 
307 epoch LOSS [-1.38326509] Parameters [1.57939976 1.57339818 3.17505815 2.31003853 1.5684624  1.30586673
 3.10892394 2.30025425] REAL [0.49721535] FAKE [0.49567433] 
308 epoch LOSS [-1.36371844] Parameters [1.57943335 1.57339611 3.17470689 2.31319903 1.56848431 1.3058902
 3.10866209 2.30337354] REAL [0.5081714] FAKE [0.49680723] 
309 epoch LOSS [-1.36853759] Parameters [1.57939547 1.57337997 3.17475742 2.31647543 1.56851276 1.30590943
 3.10892341 2.3066576 ] REAL [0.50549626] FAKE [0.49657621] 
310 epoch LOSS [-1.4078264] Parameters [1.57940235 1.57339418 3.17456517 2.31979312 1.56852808 1.30593324
 3.10868962 2.31001291] REAL [0.48659092] FAKE [0.49716585] 
311 epoch LOSS [-1.35726315] Parameters [1.57937757 1.57342582 3.17486627 2.32316974 1.56853933 1.30593203
 3.10880853 2.31337315] REAL [0.51144224] FAKE [0.49678739] 
312 epoch LOSS [-1.41324193] Parameters [1.57939705 1.57341346 3.17530927 2.32668285 1.56852465 1.30589544
 3.10914413 2.31688268] REAL [0.48545695] FAKE [0.49871339] 
313 epoch LOSS [-1.41177311] Parameters [1.57939115 1.57340975 3.17494237 2.33022078 1.56850168 1.30592533
 3.10882225 2.32049192] REAL [0.48551142] FAKE [0.49803287] 
314 epoch LOSS [-1.4127311] Parameters [1.5793877  1.57341032 3.17487169 2.33373585 1.5685254  1.30590708
 3.10893529 2.32403708] REAL [0.48642436] FAKE [0.49945473] 
315 epoch LOSS [-1.39988352] Parameters [1.57941027 1.57345248 3.17428711 2.33731504 1.56853008 1.30588751
 3.10854568 2.32757976] REAL [0.49307255] FAKE [0.49981865] 
316 epoch LOSS [-1.36568371] Parameters [1.57940025 1.57344022 3.17419744 2.34094453 1.56852288 1.30587202
 3.10882003 2.33128502] REAL [0.50739621] FAKE [0.49702791] 
317 epoch LOSS [-1.35667825] Parameters [1.57941253 1.5734359  3.1742018  2.34461979 1.56853745 1.30586491
 3.10904586 2.33494444] REAL [0.51202967] FAKE [0.49707063] 
318 epoch LOSS [-1.39870145] Parameters [1.57939604 1.57349358 3.17406306 2.34834    1.56853361 1.30586688
 3.10963364 2.33865358] REAL [0.4924512] FAKE [0.49859522] 
319 epoch LOSS [-1.40803035] Parameters [1.57940039 1.57348498 3.17430331 2.35198564 1.56849562 1.30585933
 3.10989119 2.34233448] REAL [0.48847149] FAKE [0.49920386] 
320 epoch LOSS [-1.39493501] Parameters [1.57940398 1.5734823  3.17437387 2.35571116 1.56849498 1.30587845
 3.10967045 2.3459864 ] REAL [0.49450122] FAKE [0.49878962] 
321 epoch LOSS [-1.35997003] Parameters [1.57940179 1.57349374 3.17384089 2.35936363 1.56850163 1.30585349
 3.10951866 2.34961432] REAL [0.51099785] FAKE [0.49771126] 
322 epoch LOSS [-1.37285602] Parameters [1.57938093 1.57351784 3.17395771 2.36297852 1.56851652 1.30584117
 3.10983645 2.35322197] REAL [0.5046994] FAKE [0.49795411] 
323 epoch LOSS [-1.40123525] Parameters [1.57937686 1.57352425 3.17409338 2.36657253 1.56851503 1.30582853
 3.10949391 2.35678761] REAL [0.49117476] FAKE [0.49856433] 
324 epoch LOSS [-1.38795143] Parameters [1.57937796 1.57348393 3.17390823 2.37012541 1.56851958 1.30584669
 3.11001434 2.36029428] REAL [0.4981371] FAKE [0.49896108] 
325 epoch LOSS [-1.41219158] Parameters [1.57934206 1.57349856 3.1742628  2.37363613 1.56853337 1.30585175
 3.11084196 2.36383483] REAL [0.48535849] FAKE [0.49808479] 
326 epoch LOSS [-1.3863309] Parameters [1.579354   1.5735275  3.17442153 2.37705218 1.56850818 1.30583887
 3.1109292  2.36727046] REAL [0.49870303] FAKE [0.49871797] 
327 epoch LOSS [-1.35546046] Parameters [1.57931806 1.57352106 3.17467405 2.38045329 1.56853158 1.30582233
 3.11112684 2.37066856] REAL [0.51393132] FAKE [0.498321] 
328 epoch LOSS [-1.3614727] Parameters [1.57933789 1.57353695 3.17444505 2.38377841 1.56853924 1.30582359
 3.11045604 2.3739855 ] REAL [0.51004398] FAKE [0.49752751] 
329 epoch LOSS [-1.37144884] Parameters [1.57933042 1.57353825 3.17387044 2.38695677 1.56853847 1.30584067
 3.11045327 2.37714836] REAL [0.50653814] FAKE [0.49907214] 
330 epoch LOSS [-1.41240977] Parameters [1.57931617 1.57356753 3.17417889 2.39004694 1.56855403 1.30581867
 3.11047096 2.38023592] REAL [0.4860392] FAKE [0.49889708] 
331 epoch LOSS [-1.35280613] Parameters [1.57933307 1.57358593 3.17434801 2.39304479 1.56853161 1.30580461
 3.11057671 2.38326715] REAL [0.51671512] FAKE [0.49969759] 
332 epoch LOSS [-1.37676214] Parameters [1.57931538 1.57354513 3.17412849 2.39601239 1.56853138 1.30582682
 3.11003955 2.38621492] REAL [0.50485929] FAKE [0.50006971] 
333 epoch LOSS [-1.41512593] Parameters [1.57932178 1.57354032 3.17442273 2.39873598 1.56855234 1.30583007
 3.10981041 2.38892954] REAL [0.4875122] FAKE [0.50176627] 
334 epoch LOSS [-1.39717856] Parameters [1.57933188 1.57354168 3.17439147 2.4014181  1.56855989 1.3058245
 3.11020847 2.39161324] REAL [0.49552163] FAKE [0.50094266] 
335 epoch LOSS [-1.40661946] Parameters [1.57932451 1.5735552  3.17424884 2.40393874 1.56858239 1.30582248
 3.11067518 2.39411737] REAL [0.49152458] FAKE [0.50161187] 
336 epoch LOSS [-1.36755162] Parameters [1.57930466 1.57354822 3.17424013 2.40632273 1.56857848 1.30583212
 3.11016804 2.39649506] REAL [0.51121538] FAKE [0.50171712] 
337 epoch LOSS [-1.38212017] Parameters [1.57930827 1.57353813 3.17392895 2.40856632 1.56855663 1.30584035
 3.10948669 2.39871748] REAL [0.50379463] FAKE [0.50169034] 
338 epoch LOSS [-1.38998862] Parameters [1.57931735 1.57352644 3.17409088 2.41068361 1.56856034 1.30585269
 3.10949013 2.40085141] REAL [0.5003113] FAKE [0.50215368] 
339 epoch LOSS [-1.41021086] Parameters [1.57933573 1.57352421 3.1737389  2.41267878 1.56854968 1.30586022
 3.10863192 2.40283125] REAL [0.49047111] FAKE [0.50233193] 
340 epoch LOSS [-1.38017215] Parameters [1.57934695 1.57351564 3.17348445 2.41458069 1.56853576 1.30585317
 3.10841228 2.40474844] REAL [0.5053599] FAKE [0.50226512] 
341 epoch LOSS [-1.3791224] Parameters [1.57935048 1.57352045 3.17398956 2.4162789  1.56853619 1.30584776
 3.10890064 2.40640171] REAL [0.50490182] FAKE [0.5012903] 
342 epoch LOSS [-1.37110861] Parameters [1.57936183 1.57351315 3.17414405 2.41783818 1.56853408 1.30585346
 3.1089412  2.40795297] REAL [0.50814003] FAKE [0.50048138] 
343 epoch LOSS [-1.41610735] Parameters [1.57937294 1.57351738 3.1743641  2.41926254 1.56853818 1.30584961
 3.10906193 2.40935605] REAL [0.48625769] FAKE [0.50097086] 
344 epoch LOSS [-1.37782566] Parameters [1.57937845 1.57351177 3.17473106 2.42057689 1.56854267 1.30583676
 3.10926755 2.41063448] REAL [0.50583967] FAKE [0.50156901] 
345 epoch LOSS [-1.35610613] Parameters [1.57938282 1.5735255  3.17437355 2.42171759 1.56854208 1.30583525
 3.10953358 2.41174049] REAL [0.515986] FAKE [0.50064124] 
346 epoch LOSS [-1.40551421] Parameters [1.5793893  1.5735175  3.17410847 2.42265912 1.56854222 1.30583818
 3.10905082 2.41265594] REAL [0.49067198] FAKE [0.50019376] 
347 epoch LOSS [-1.3931824] Parameters [1.57939245 1.5735213  3.17364104 2.42349373 1.56853929 1.30583555
 3.10875218 2.41348463] REAL [0.49640519] FAKE [0.49983619] 
348 epoch LOSS [-1.39219584] Parameters [1.57939833 1.5735211  3.17343851 2.42423952 1.56854375 1.30583654
 3.10875297 2.4141877 ] REAL [0.49721272] FAKE [0.50015564] 
349 epoch LOSS [-1.35123208] Parameters [1.5794003  1.57351969 3.17406646 2.42478738 1.56854163 1.30583741
 3.10949112 2.41469555] REAL [0.51807982] FAKE [0.50022942] 
350 epoch LOSS [-1.41608864] Parameters [1.57940432 1.57351857 3.17403636 2.42513666 1.56854406 1.30583762
 3.10920065 2.41500361] REAL [0.48565798] FAKE [0.50034529] 
351 epoch LOSS [-1.41027916] Parameters [1.5794109  1.57351207 3.17339746 2.42537249 1.56854496 1.305832
 3.10873379 2.41528371] REAL [0.48944015] FAKE [0.50131771] 
352 epoch LOSS [-1.36652962] Parameters [1.57941347 1.57351256 3.17353353 2.42538672 1.56855085 1.30583018
 3.10895684 2.41523769] REAL [0.51101797] FAKE [0.50101492] 
353 epoch LOSS [-1.36045626] Parameters [1.57941418 1.57350059 3.17336546 2.42533172 1.56855679 1.30583541
 3.10887134 2.41510315] REAL [0.51427218] FAKE [0.5011519] 
354 epoch LOSS [-1.39220424] Parameters [1.57939856 1.57349828 3.17390728 2.42510472 1.56856058 1.30584417
 3.10915885 2.41483683] REAL [0.4986224] FAKE [0.50157296] 
355 epoch LOSS [-1.40639361] Parameters [1.57940351 1.57350331 3.17416411 2.42467765 1.56856082 1.30585058
 3.10917691 2.41434987] REAL [0.4919229] FAKE [0.50190294] 
356 epoch LOSS [-1.3641604] Parameters [1.57940256 1.57351493 3.1739689  2.42410657 1.56856008 1.30585106
 3.10892488 2.41378915] REAL [0.51197726] FAKE [0.50076849] 
357 epoch LOSS [-1.34969826] Parameters [1.57941627 1.57352798 3.17353527 2.42344438 1.56855671 1.30585198
 3.10818593 2.41307004] REAL [0.51966457] FAKE [0.50098869] 
358 epoch LOSS [-1.40659539] Parameters [1.5794155  1.57352938 3.17357754 2.42264772 1.5685549  1.30586061
 3.10817229 2.41227168] REAL [0.49115495] FAKE [0.50122479] 
359 epoch LOSS [-1.37693408] Parameters [1.57939981 1.5735293  3.17437413 2.42164113 1.56856196 1.30587079
 3.10856447 2.41128113] REAL [0.50570704] FAKE [0.50099358] 
360 epoch LOSS [-1.4103663] Parameters [1.57939674 1.57354006 3.1744658  2.42050055 1.56856124 1.30588272
 3.10858557 2.4101119 ] REAL [0.48963718] FAKE [0.50156181] 
361 epoch LOSS [-1.40995638] Parameters [1.57941097 1.57353108 3.17452788 2.41929647 1.56856154 1.30589323
 3.10915121 2.40886042] REAL [0.48935728] FAKE [0.50107224] 
362 epoch LOSS [-1.36133042] Parameters [1.57941793 1.57351624 3.17474887 2.4179432  1.56855585 1.30587883
 3.10915347 2.40751578] REAL [0.51344237] FAKE [0.50078226] 
363 epoch LOSS [-1.35489646] Parameters [1.57941911 1.57350372 3.17469373 2.41648713 1.5685612  1.30587309
 3.10919008 2.4060666 ] REAL [0.51748284] FAKE [0.50148297] 
364 epoch LOSS [-1.35223004] Parameters [1.57940631 1.57352025 3.17469679 2.41491763 1.56856143 1.30584985
 3.10899209 2.40450725] REAL [0.51848952] FAKE [0.50112244] 
365 epoch LOSS [-1.40392725] Parameters [1.57940202 1.5735258  3.1744608  2.41321341 1.56852934 1.30584443
 3.10881054 2.40280791] REAL [0.49221715] FAKE [0.50097143] 
366 epoch LOSS [-1.3858841] Parameters [1.57941457 1.5735511  3.17438257 2.41134338 1.56853443 1.30585066
 3.10895978 2.40096041] REAL [0.50016707] FAKE [0.49996191] 
367 epoch LOSS [-1.39921403] Parameters [1.57940501 1.57354236 3.17374844 2.40940402 1.56853718 1.30585365
 3.10879943 2.39902933] REAL [0.49513296] FAKE [0.50156649] 
368 epoch LOSS [-1.4110256] Parameters [1.57938495 1.57353754 3.174071   2.40735172 1.5685459  1.30584652
 3.10895993 2.39699469] REAL [0.48981423] FAKE [0.50207037] 
369 epoch LOSS [-1.36821488] Parameters [1.57937468 1.57353551 3.17377793 2.40518263 1.56854983 1.3058306
 3.10878702 2.39484244] REAL [0.51019049] FAKE [0.50104719] 
370 epoch LOSS [-1.34907265] Parameters [1.57936418 1.57355058 3.17398782 2.40299714 1.56853314 1.30585071
 3.10859503 2.39265863] REAL [0.51783594] FAKE [0.49891315] 
371 epoch LOSS [-1.38972011] Parameters [1.57936828 1.57354923 3.17415158 2.40074257 1.5685509  1.30585183
 3.10875049 2.39040432] REAL [0.49782662] FAKE [0.49953454] 
372 epoch LOSS [-1.38413179] Parameters [1.57938178 1.57354379 3.17470251 2.39841836 1.56853162 1.30584437
 3.10912121 2.38810107] REAL [0.5011158] FAKE [0.50003327] 
373 epoch LOSS [-1.41228886] Parameters [1.57938583 1.57352779 3.17471528 2.39598848 1.56854052 1.3058339
 3.10904852 2.38569206] REAL [0.48715631] FAKE [0.49998571] 
374 epoch LOSS [-1.38292567] Parameters [1.57937665 1.57351898 3.17466122 2.39359125 1.56855302 1.30583874
 3.10913699 2.38324241] REAL [0.50154989] FAKE [0.49986313] 
375 epoch LOSS [-1.3994172] Parameters [1.57937121 1.57351789 3.17522294 2.39101788 1.56855358 1.30584418
 3.10917572 2.38066603] REAL [0.49281459] FAKE [0.49932342] 
376 epoch LOSS [-1.41005948] Parameters [1.5793469  1.57352181 3.17522787 2.3883646  1.5685173  1.30584721
 3.10913483 2.37802635] REAL [0.48770945] FAKE [0.49943812] 
377 epoch LOSS [-1.3922542] Parameters [1.57932974 1.57350996 3.17502197 2.38575233 1.56853799 1.30584148
 3.10900414 2.37537976] REAL [0.49662687] FAKE [0.49959519] 
378 epoch LOSS [-1.36499015] Parameters [1.57933743 1.57350407 3.17433636 2.3830716  1.5685387  1.30583024
 3.10836104 2.37270599] REAL [0.5107732] FAKE [0.50000668] 
379 epoch LOSS [-1.36914595] Parameters [1.57935732 1.57350731 3.17450575 2.38039334 1.56853366 1.30580664
 3.10829995 2.3699612 ] REAL [0.5083185] FAKE [0.49967575] 
380 epoch LOSS [-1.36817919] Parameters [1.5793119  1.57348936 3.17487034 2.3776819  1.56852583 1.3058154
 3.10851146 2.36720933] REAL [0.50832263] FAKE [0.4991959] 
381 epoch LOSS [-1.35668844] Parameters [1.57929826 1.57351462 3.17491057 2.37498604 1.56852408 1.30581048
 3.10836407 2.36450268] REAL [0.51507448] FAKE [0.50004874] 
382 epoch LOSS [-1.4101583] Parameters [1.57932487 1.57348176 3.17533705 2.37219599 1.5685106  1.30581767
 3.10878687 2.36174026] REAL [0.48797427] FAKE [0.4997592] 
383 epoch LOSS [-1.40309425] Parameters [1.57932225 1.57349117 3.17527349 2.36946097 1.56849243 1.30581188
 3.10863939 2.35900729] REAL [0.49121782] FAKE [0.49953951] 
384 epoch LOSS [-1.37252469] Parameters [1.57935599 1.57350596 3.17474455 2.36664665 1.56847811 1.30581044
 3.10853074 2.35616272] REAL [0.50671158] FAKE [0.49978205] 
385 epoch LOSS [-1.36753096] Parameters [1.57934514 1.5735106  3.17573024 2.36388627 1.56848328 1.30578918
 3.1087262  2.35339294] REAL [0.50850815] FAKE [0.49905398] 
386 epoch LOSS [-1.35569529] Parameters [1.57937045 1.57352272 3.17586799 2.36116439 1.56848623 1.30579901
 3.10904866 2.35070315] REAL [0.5147424] FAKE [0.49922912] 
387 epoch LOSS [-1.41435038] Parameters [1.57937698 1.57352705 3.17563602 2.3584112  1.56851236 1.3057799
 3.10870408 2.34797217] REAL [0.48554612] FAKE [0.49936069] 
388 epoch LOSS [-1.35994724] Parameters [1.57939835 1.57350876 3.1761095  2.35576713 1.56852871 1.30578466
 3.10904537 2.34524946] REAL [0.5130199] FAKE [0.49967961] 
389 epoch LOSS [-1.3506587] Parameters [1.57940839 1.57349993 3.17549463 2.35314579 1.5685045  1.30578557
 3.10871574 2.34263267] REAL [0.51650381] FAKE [0.49841695] 
390 epoch LOSS [-1.37771991] Parameters [1.5794091  1.57352394 3.17550729 2.35056849 1.56848319 1.30580153
 3.10915453 2.34008549] REAL [0.50277586] FAKE [0.49847865] 
391 epoch LOSS [-1.40300191] Parameters [1.57938161 1.57352237 3.17522376 2.34807234 1.56850504 1.30580485
 3.10852836 2.33755029] REAL [0.4904746] FAKE [0.49873488] 
392 epoch LOSS [-1.35700281] Parameters [1.57937255 1.57352829 3.17496888 2.34560309 1.56851367 1.30580037
 3.10830408 2.33508568] REAL [0.51361517] FAKE [0.49878585] 
393 epoch LOSS [-1.39472725] Parameters [1.57937403 1.57351227 3.1749102  2.34316542 1.56850855 1.30579588
 3.10813524 2.332712  ] REAL [0.4957062] FAKE [0.49990409] 
394 epoch LOSS [-1.38239837] Parameters [1.57937191 1.57351365 3.17493048 2.34078584 1.56850211 1.30580615
 3.10847835 2.3303135 ] REAL [0.50082458] FAKE [0.49887464] 
395 epoch LOSS [-1.38573815] Parameters [1.5793766  1.57353552 3.17508485 2.33854003 1.56848804 1.30580898
 3.10894772 2.32808922] REAL [0.49985992] FAKE [0.49958162] 
396 epoch LOSS [-1.3948014] Parameters [1.57939035 1.57355368 3.17474043 2.33628952 1.56850148 1.30580837
 3.10838005 2.32582355] REAL [0.49531835] FAKE [0.49954961] 
397 epoch LOSS [-1.37313247] Parameters [1.57939003 1.57353719 3.17474006 2.33417794 1.56850851 1.30581134
 3.10836796 2.32368514] REAL [0.50566835] FAKE [0.49905462] 
398 epoch LOSS [-1.40308325] Parameters [1.57938313 1.57355002 3.17409278 2.33209749 1.56851933 1.30579882
 3.1074491  2.32164527] REAL [0.49029809] FAKE [0.4985952] 
399 epoch LOSS [-1.35783286] Parameters [1.57938245 1.57354293 3.17401881 2.3301619  1.56851668 1.30579223
 3.107057   2.31968179] REAL [0.51277367] FAKE [0.49837986] 
400 epoch LOSS [-1.38923548] Parameters [1.57936812 1.57355601 3.17399736 2.32828257 1.56851155 1.30578371
 3.10720083 2.31778637] REAL [0.49724986] FAKE [0.49871116] 
401 epoch LOSS [-1.38858509] Parameters [1.57935874 1.57355939 3.17407239 2.32648081 1.5684963  1.30578815
 3.10724964 2.31598152] REAL [0.49781444] FAKE [0.49895392] 
402 epoch LOSS [-1.41735193] Parameters [1.57937498 1.57356187 3.17453308 2.324735   1.5685019  1.30579445
 3.10768497 2.31426963] REAL [0.48242227] FAKE [0.49762903] 
403 epoch LOSS [-1.37786938] Parameters [1.57936328 1.5735616  3.1747468  2.32314339 1.56849475 1.3057956
 3.10733776 2.31265086] REAL [0.50214245] FAKE [0.49792107] 
404 epoch LOSS [-1.40648387] Parameters [1.57936782 1.57357016 3.17457245 2.32161079 1.56848906 1.30578648
 3.10704413 2.31116764] REAL [0.48869296] FAKE [0.4986561] 
405 epoch LOSS [-1.39338976] Parameters [1.57937544 1.57358222 3.17447164 2.32014386 1.56847993 1.30577918
 3.10699269 2.30972417] REAL [0.495287] FAKE [0.49881094] 
406 epoch LOSS [-1.3562688] Parameters [1.57936719 1.57358771 3.17442685 2.31890517 1.56848195 1.30577874
 3.10673646 2.30850677] REAL [0.51317977] FAKE [0.49799226] 
407 epoch LOSS [-1.39492494] Parameters [1.57937873 1.57357072 3.17480376 2.3178038  1.56847153 1.30577135
 3.10710026 2.30737972] REAL [0.49293144] FAKE [0.49718841] 
408 epoch LOSS [-1.38209201] Parameters [1.57937797 1.57357876 3.17512864 2.31677772 1.56847143 1.30577209
 3.10726029 2.30637937] REAL [0.4989858] FAKE [0.49687387] 
409 epoch LOSS [-1.38974962] Parameters [1.57937007 1.57357144 3.17503453 2.31590477 1.5684762  1.3057681
 3.10716179 2.30549868] REAL [0.49638584] FAKE [0.49809674] 
410 epoch LOSS [-1.41148306] Parameters [1.57937052 1.57357383 3.17455483 2.3151554  1.56848049 1.30577586
 3.10665076 2.30474078] REAL [0.48603518] FAKE [0.49842834] 
411 epoch LOSS [-1.35381005] Parameters [1.57936187 1.57357166 3.17486809 2.31452959 1.56847811 1.30577565
 3.10688389 2.30411997] REAL [0.51461454] FAKE [0.49815949] 
412 epoch LOSS [-1.38405917] Parameters [1.57935674 1.57357693 3.1751448  2.31401446 1.56847967 1.30577905
 3.10685481 2.30360082] REAL [0.49919201] FAKE [0.49807005] 
413 epoch LOSS [-1.36981105] Parameters [1.57935701 1.5735716  3.17506078 2.31359252 1.56847811 1.30577954
 3.10614987 2.30317558] REAL [0.50636673] FAKE [0.49808121] 
414 epoch LOSS [-1.35952861] Parameters [1.57935555 1.57357866 3.17539864 2.31339602 1.56848066 1.30577456
 3.10634665 2.30297768] REAL [0.5108124] FAKE [0.49730705] 
415 epoch LOSS [-1.3690671] Parameters [1.5793565  1.57358399 3.17561724 2.31318976 1.56848332 1.30577236
 3.10679803 2.30275002] REAL [0.50601945] FAKE [0.49736294] 
416 epoch LOSS [-1.35563203] Parameters [1.57936443 1.57358445 3.17544016 2.31316332 1.56847846 1.30577348
 3.10709422 2.30266331] REAL [0.51214341] FAKE [0.496656] 
417 epoch LOSS [-1.37317429] Parameters [1.57936133 1.57358453 3.17555104 2.31325943 1.56848024 1.3057723
 3.10790399 2.3027522 ] REAL [0.502926] FAKE [0.49634413] 
418 epoch LOSS [-1.36513071] Parameters [1.57935137 1.57358255 3.175524   2.31351235 1.56848303 1.30577753
 3.10809695 2.30300309] REAL [0.50807984] FAKE [0.49742683] 
419 epoch LOSS [-1.35472529] Parameters [1.57934758 1.57358691 3.17532096 2.31384907 1.56848955 1.30578131
 3.10808589 2.30334803] REAL [0.51301466] FAKE [0.49705498] 
420 epoch LOSS [-1.38960009] Parameters [1.57934254 1.5735895  3.17529759 2.31430693 1.56849841 1.30578319
 3.10795753 2.30380738] REAL [0.49538966] FAKE [0.49701225] 
421 epoch LOSS [-1.3814484] Parameters [1.57935079 1.57358312 3.17553204 2.3148914  1.56850992 1.30577975
 3.10814513 2.30441482] REAL [0.50051497] FAKE [0.49808808] 
422 epoch LOSS [-1.375584] Parameters [1.57936415 1.57359338 3.17552426 2.31552722 1.56850903 1.30578161
 3.10858209 2.30504849] REAL [0.50275913] FAKE [0.49738957] 
423 epoch LOSS [-1.41573348] Parameters [1.57935012 1.57359372 3.17599574 2.31626531 1.56850253 1.30577317
 3.10883717 2.3058323 ] REAL [0.48282451] FAKE [0.49723451] 
424 epoch LOSS [-1.36112023] Parameters [1.57936013 1.57359375 3.17569892 2.31714517 1.56849697 1.30578783
 3.10857865 2.3066912 ] REAL [0.50926932] FAKE [0.49658578] 
425 epoch LOSS [-1.37671007] Parameters [1.57935675 1.57359473 3.17596932 2.31808184 1.56849195 1.3057919
 3.10902314 2.30763893] REAL [0.50069833] FAKE [0.49588889] 
426 epoch LOSS [-1.35652921] Parameters [1.57937032 1.57360721 3.17610753 2.31911668 1.56849324 1.30579597
 3.10905913 2.3086804 ] REAL [0.51060611] FAKE [0.49559331] 
427 epoch LOSS [-1.39272395] Parameters [1.57936488 1.57361904 3.17643406 2.32029834 1.56850317 1.305787
 3.10870387 2.30988756] REAL [0.4926101] FAKE [0.49575179] 
428 epoch LOSS [-1.3766105] Parameters [1.57937301 1.57360743 3.17588003 2.32156126 1.56850409 1.3057747
 3.10846713 2.31116129] REAL [0.50157728] FAKE [0.49672217] 
429 epoch LOSS [-1.40118615] Parameters [1.57936773 1.57361539 3.1760241  2.32296391 1.5685019  1.30578054
 3.10850497 2.31251086] REAL [0.49090236] FAKE [0.49826145] 
430 epoch LOSS [-1.41694982] Parameters [1.57936347 1.57363543 3.1756187  2.32431093 1.56850156 1.30579179
 3.10813961 2.31385602] REAL [0.48324118] FAKE [0.49827865] 
431 epoch LOSS [-1.37089612] Parameters [1.57936744 1.5736409  3.17532734 2.32574377 1.56851183 1.30580102
 3.10775927 2.31527747] REAL [0.50536621] FAKE [0.49763292] 
432 epoch LOSS [-1.40016764] Parameters [1.5793561  1.57365425 3.17556754 2.32729338 1.56851121 1.30578531
 3.10792509 2.31682446] REAL [0.4900368] FAKE [0.49686303] 
433 epoch LOSS [-1.35107081] Parameters [1.57935443 1.57364717 3.17503237 2.32892491 1.56851809 1.30581159
 3.10739505 2.31844661] REAL [0.51332707] FAKE [0.49552084] 
434 epoch LOSS [-1.35032011] Parameters [1.57933474 1.57364478 3.17511926 2.33068845 1.56852857 1.30582048
 3.10759707 2.32015458] REAL [0.51369797] FAKE [0.4955065] 
435 epoch LOSS [-1.3674756] Parameters [1.5793605  1.57362881 3.17477588 2.33243613 1.56852167 1.30582354
 3.10732412 2.32190352] REAL [0.50538559] FAKE [0.49593094] 
436 epoch LOSS [-1.39059751] Parameters [1.57939339 1.57362727 3.17504943 2.33422301 1.56852803 1.30581448
 3.10769951 2.32373043] REAL [0.49445079] FAKE [0.49655956] 
437 epoch LOSS [-1.37583827] Parameters [1.57939934 1.57361957 3.17487188 2.33601907 1.56852838 1.30580148
 3.10795037 2.32554587] REAL [0.5021375] FAKE [0.49689529] 
438 epoch LOSS [-1.38715041] Parameters [1.57940529 1.57359846 3.17543352 2.33788828 1.56853005 1.3058032
 3.10872678 2.32744075] REAL [0.49686197] FAKE [0.4972727] 
439 epoch LOSS [-1.40052223] Parameters [1.57940052 1.5736007  3.17553114 2.33978399 1.56855781 1.30580624
 3.10867253 2.32935393] REAL [0.49060263] FAKE [0.49762149] 
440 epoch LOSS [-1.38077217] Parameters [1.57939889 1.57360236 3.17487626 2.34178015 1.56854361 1.30580448
 3.10829835 2.33130967] REAL [0.50067206] FAKE [0.49790615] 
441 epoch LOSS [-1.41043088] Parameters [1.57938835 1.57358463 3.17560726 2.34377567 1.56853684 1.30578441
 3.10823003 2.3333082 ] REAL [0.48562465] FAKE [0.49747586] 
442 epoch LOSS [-1.40718469] Parameters [1.57939308 1.57360124 3.17562464 2.34576299 1.56851505 1.30578703
 3.10792953 2.33541401] REAL [0.48872359] FAKE [0.49903873] 
443 epoch LOSS [-1.3773111] Parameters [1.57938503 1.57358408 3.17557616 2.34778527 1.56850835 1.30577889
 3.10823187 2.33743411] REAL [0.5028433] FAKE [0.49834087] 
444 epoch LOSS [-1.38610154] Parameters [1.57937201 1.5735804  3.17548153 2.34983774 1.56850643 1.30578228
 3.10820479 2.33949275] REAL [0.49862389] FAKE [0.49852341] 
445 epoch LOSS [-1.35167672] Parameters [1.57937482 1.5735863  3.17529401 2.35186628 1.56851414 1.30576726
 3.10798029 2.34156581] REAL [0.51542011] FAKE [0.49787379] 
446 epoch LOSS [-1.41704765] Parameters [1.57934659 1.57355611 3.17594331 2.3539805  1.56852231 1.30575428
 3.10886707 2.34362948] REAL [0.48385841] FAKE [0.49896769] 
447 epoch LOSS [-1.36920919] Parameters [1.57934982 1.57357691 3.17603358 2.35601313 1.5685151  1.30574956
 3.10895731 2.34562883] REAL [0.50694465] FAKE [0.49835157] 
448 epoch LOSS [-1.36169422] Parameters [1.57930502 1.573574   3.1756762  2.35809061 1.56852554 1.30574431
 3.10907067 2.34770468] REAL [0.51054269] FAKE [0.49812952] 
449 epoch LOSS [-1.37232116] Parameters [1.57930282 1.57355959 3.17534931 2.36016974 1.56851883 1.30575937
 3.10895619 2.34978703] REAL [0.50469177] FAKE [0.49767792] 
450 epoch LOSS [-1.36578561] Parameters [1.57929492 1.57355992 3.17524989 2.36221219 1.56852432 1.30575156
 3.10865856 2.35183919] REAL [0.50963668] FAKE [0.49929012] 
451 epoch LOSS [-1.35240427] Parameters [1.57929571 1.57354922 3.17531338 2.36420511 1.56851596 1.30576628
 3.10875675 2.35383402] REAL [0.51704745] FAKE [0.49981819] 
452 epoch LOSS [-1.40400877] Parameters [1.5792921  1.57356553 3.17511339 2.36621953 1.56852062 1.30576044
 3.10834345 2.35573265] REAL [0.49071287] FAKE [0.49948248] 
453 epoch LOSS [-1.36131563] Parameters [1.5792856  1.57356904 3.17568216 2.36824524 1.56851786 1.3057514
 3.10878079 2.35777467] REAL [0.51160916] FAKE [0.49898604] 
454 epoch LOSS [-1.41405892] Parameters [1.57927013 1.57357875 3.17519129 2.3701621  1.56852966 1.30575404
 3.10843416 2.35968393] REAL [0.48561998] FAKE [0.49929092] 
455 epoch LOSS [-1.4034062] Parameters [1.57928664 1.57359313 3.17607063 2.37207939 1.56853631 1.30575518
 3.10908438 2.36158997] REAL [0.49166927] FAKE [0.50015498] 
456 epoch LOSS [-1.41712934] Parameters [1.57929404 1.57359742 3.17597277 2.37397031 1.5685602  1.30577674
 3.1094811  2.36354444] REAL [0.48489153] FAKE [0.50007604] 
457 epoch LOSS [-1.41142818] Parameters [1.57930476 1.57361138 3.17563742 2.3757546  1.56855656 1.3057632
 3.10949714 2.36534479] REAL [0.48767449] FAKE [0.50008693] 
458 epoch LOSS [-1.35995358] Parameters [1.57929013 1.57360819 3.17571556 2.37753723 1.56856311 1.30576471
 3.10923137 2.36713738] REAL [0.51270759] FAKE [0.49937802] 
459 epoch LOSS [-1.38652132] Parameters [1.57928912 1.57362932 3.17598603 2.37921124 1.56858112 1.30575157
 3.10945714 2.36883455] REAL [0.4998658] FAKE [0.49997927] 
460 epoch LOSS [-1.40228099] Parameters [1.57928194 1.5736336  3.17628264 2.38085926 1.56858516 1.30576393
 3.10892847 2.37048959] REAL [0.49183793] FAKE [0.49976383] 
461 epoch LOSS [-1.39393353] Parameters [1.5792741  1.57364098 3.17617488 2.38241605 1.56858958 1.30577103
 3.10842143 2.37199277] REAL [0.49578209] FAKE [0.49958361] 
462 epoch LOSS [-1.37771596] Parameters [1.57928408 1.57365057 3.17635487 2.38389816 1.56857996 1.3057765
 3.10828764 2.37349136] REAL [0.5048287] FAKE [0.50051607] 
463 epoch LOSS [-1.36577988] Parameters [1.57928523 1.57364905 3.17621658 2.38538659 1.56857605 1.30578092
 3.10823389 2.3749485 ] REAL [0.50974533] FAKE [0.49939397] 
464 epoch LOSS [-1.35238958] Parameters [1.57929556 1.57364829 3.17618796 2.38683637 1.5685863  1.30578876
 3.1080452  2.37639802] REAL [0.51714068] FAKE [0.49990102] 
465 epoch LOSS [-1.35693564] Parameters [1.57928798 1.57363062 3.17618674 2.38818384 1.56859771 1.30578679
 3.10814647 2.3777734 ] REAL [0.5149255] FAKE [0.5000277] 
466 epoch LOSS [-1.38048523] Parameters [1.57927675 1.57363276 3.17561813 2.38942553 1.56859225 1.30579524
 3.1075603  2.37905831] REAL [0.50233061] FAKE [0.49942029] 
467 epoch LOSS [-1.35899972] Parameters [1.57928382 1.57363561 3.17556848 2.39049802 1.56859924 1.30578887
 3.10763702 2.3801829 ] REAL [0.51378598] FAKE [0.49995202] 
468 epoch LOSS [-1.41323831] Parameters [1.57927164 1.57363604 3.17571403 2.39153792 1.56861483 1.30579078
 3.10724743 2.38121032] REAL [0.48696869] FAKE [0.50026777] 
469 epoch LOSS [-1.40949715] Parameters [1.57926    1.57363302 3.17527267 2.39250031 1.56861999 1.30579145
 3.10733295 2.3822254 ] REAL [0.4877763] FAKE [0.4992252] 
470 epoch LOSS [-1.38842957] Parameters [1.5792591  1.57363191 3.1754849  2.39342062 1.56862296 1.30579556
 3.10751675 2.3832097 ] REAL [0.49921011] FAKE [0.50027702] 
471 epoch LOSS [-1.39855877] Parameters [1.57926631 1.57362584 3.17513815 2.39425108 1.5686337  1.30579321
 3.10736433 2.38404991] REAL [0.49351132] FAKE [0.49960089] 
472 epoch LOSS [-1.38320829] Parameters [1.57926971 1.57362574 3.17494554 2.39499938 1.56863335 1.30579535
 3.10721101 2.38479125] REAL [0.50190013] FAKE [0.50035337] 
473 epoch LOSS [-1.36760604] Parameters [1.57926529 1.57362465 3.17464247 2.39564864 1.5686368  1.30579525
 3.10699796 2.38542769] REAL [0.51071559] FAKE [0.50125663] 
474 epoch LOSS [-1.4043263] Parameters [1.57925655 1.57361845 3.17485825 2.39617213 1.56864206 1.30579398
 3.10695958 2.38598868] REAL [0.49288806] FAKE [0.50184954] 
475 epoch LOSS [-1.38321517] Parameters [1.57925907 1.57361958 3.17488935 2.3966075  1.56866115 1.30579932
 3.10690579 2.3863691 ] REAL [0.5019415] FAKE [0.50039799] 
476 epoch LOSS [-1.40553208] Parameters [1.57925835 1.57362338 3.17492599 2.39699062 1.56865831 1.30580368
 3.10730178 2.38675982] REAL [0.4917839] FAKE [0.50133272] 
477 epoch LOSS [-1.39467458] Parameters [1.57926322 1.57362758 3.1755122  2.39727152 1.56865997 1.30579732
 3.10786627 2.38699034] REAL [0.49622017] FAKE [0.50039576] 
478 epoch LOSS [-1.35496733] Parameters [1.57926182 1.57362962 3.17551545 2.39747565 1.56866068 1.30580207
 3.10765082 2.38717937] REAL [0.51581379] FAKE [0.49990534] 
479 epoch LOSS [-1.41424886] Parameters [1.57925714 1.57362948 3.17568948 2.39755917 1.56867029 1.30580761
 3.10767834 2.38724083] REAL [0.48688313] FAKE [0.50068479] 
480 epoch LOSS [-1.3692582] Parameters [1.57925725 1.57363078 3.17590058 2.39753712 1.56867293 1.30581003
 3.10767587 2.38720855] REAL [0.50871154] FAKE [0.50011843] 
481 epoch LOSS [-1.40347818] Parameters [1.57925697 1.57363439 3.17588162 2.39753903 1.56867713 1.30581393
 3.10716016 2.38716871] REAL [0.49184464] FAKE [0.50036917] 
482 epoch LOSS [-1.40739772] Parameters [1.57925501 1.57364075 3.1754634  2.39740377 1.56868054 1.30581657
 3.10708113 2.38702699] REAL [0.49015123] FAKE [0.50060426] 
483 epoch LOSS [-1.38551405] Parameters [1.57925018 1.57363165 3.17552587 2.39723598 1.56868428 1.30582669
 3.1071412  2.38684492] REAL [0.49964818] FAKE [0.49925735] 
484 epoch LOSS [-1.35333228] Parameters [1.57925617 1.57363812 3.17541003 2.39696682 1.56867859 1.30582472
 3.10739835 2.38658078] REAL [0.51591938] FAKE [0.49918951] 
485 epoch LOSS [-1.41088767] Parameters [1.57925104 1.57363622 3.17589017 2.39655962 1.56866886 1.30582585
 3.10800556 2.38616401] REAL [0.48718015] FAKE [0.49930912] 
486 epoch LOSS [-1.38618527] Parameters [1.57925413 1.57363561 3.17642805 2.39609131 1.56866864 1.30582703
 3.10828366 2.38570655] REAL [0.49955367] FAKE [0.49949868] 
487 epoch LOSS [-1.35794243] Parameters [1.57924834 1.57364232 3.17641303 2.39553779 1.56866764 1.3058223
 3.10793638 2.38515649] REAL [0.51256793] FAKE [0.49823349] 
488 epoch LOSS [-1.35888584] Parameters [1.5792547  1.57363258 3.17648414 2.39488087 1.568671   1.30581737
 3.10819008 2.38449292] REAL [0.51324888] FAKE [0.49937174] 
489 epoch LOSS [-1.41478947] Parameters [1.57925403 1.57361267 3.17647786 2.39416715 1.56867937 1.30582108
 3.10862439 2.3837553 ] REAL [0.48545413] FAKE [0.49948564] 
490 epoch LOSS [-1.3862525] Parameters [1.57926251 1.57360091 3.17670223 2.39335952 1.56869348 1.30583082
 3.1089675  2.38296549] REAL [0.49964061] FAKE [0.4996194] 
491 epoch LOSS [-1.39866392] Parameters [1.57926797 1.57360012 3.17650026 2.39257947 1.56869556 1.30582352
 3.10914527 2.3821029 ] REAL [0.49328671] FAKE [0.49942568] 
492 epoch LOSS [-1.35393519] Parameters [1.57928097 1.57359372 3.17626905 2.39163651 1.56870193 1.30581227
 3.10918528 2.38113373] REAL [0.51614338] FAKE [0.49970858] 
493 epoch LOSS [-1.38938356] Parameters [1.57927376 1.57359635 3.17626354 2.39061341 1.56870197 1.30580636
 3.10935228 2.38006801] REAL [0.49716326] FAKE [0.49869809] 
494 epoch LOSS [-1.41800099] Parameters [1.57928006 1.57359215 3.17622832 2.38958502 1.56870678 1.30578688
 3.10915061 2.37905027] REAL [0.48491651] FAKE [0.50053734] 
495 epoch LOSS [-1.3706258] Parameters [1.57928253 1.57358564 3.1764366  2.38848141 1.56871718 1.30578595
 3.10892052 2.37797601] REAL [0.50758095] FAKE [0.49968968] 
496 epoch LOSS [-1.38677859] Parameters [1.57928049 1.57357533 3.17643505 2.3874021  1.56872276 1.30578176
 3.10913308 2.37688885] REAL [0.49960109] FAKE [0.49984302] 
497 epoch LOSS [-1.36113865] Parameters [1.57928457 1.57356017 3.17609983 2.38618138 1.56872346 1.30577975
 3.10918165 2.37567649] REAL [0.51283169] FAKE [0.50009194] 
498 epoch LOSS [-1.35668772] Parameters [1.5792994  1.57355915 3.17554641 2.38491161 1.56872589 1.30575358
 3.10879557 2.37440985] REAL [0.51601238] FAKE [0.50095708] 
499 epoch LOSS [-1.41801822] Parameters [1.57927302 1.57355073 3.17545842 2.38358151 1.56875302 1.30575955
 3.10886714 2.37303715] REAL [0.48517619] FAKE [0.50081327] 
500 epoch LOSS [-1.35137282] Parameters [1.57929333 1.57355185 3.17587916 2.38216105 1.56877326 1.30575141
 3.10897493 2.37164708] REAL [0.51714794] FAKE [0.49939931] 
501 epoch LOSS [-1.41325589] Parameters [1.57929489 1.57355243 3.17573451 2.38080774 1.56877667 1.30576063
 3.10860379 2.37033451] REAL [0.48585996] FAKE [0.49913619] 
502 epoch LOSS [-1.38765137] Parameters [1.57929062 1.57356593 3.1754113  2.37938718 1.56877299 1.30573884
 3.10832578 2.36895883] REAL [0.49943569] FAKE [0.50011386] 
503 epoch LOSS [-1.3933825] Parameters [1.57929271 1.57357729 3.17555569 2.3779392  1.56877811 1.30573247
 3.10875641 2.36748219] REAL [0.4959015] FAKE [0.49942835] 
504 epoch LOSS [-1.35450268] Parameters [1.5792902  1.57357022 3.17547857 2.37653268 1.56877819 1.30573117
 3.10835063 2.3660322 ] REAL [0.51584392] FAKE [0.49970214] 
505 epoch LOSS [-1.37967293] Parameters [1.57928974 1.57358503 3.17587537 2.37506078 1.56875974 1.30575417
 3.10885931 2.36456463] REAL [0.50173769] FAKE [0.49842147] 
506 epoch LOSS [-1.37824168] Parameters [1.57928252 1.5735806  3.17533255 2.3736269  1.56877217 1.30574937
 3.10836297 2.36312724] REAL [0.50307496] FAKE [0.49903827] 
507 epoch LOSS [-1.39059866] Parameters [1.57930154 1.57358302 3.17500809 2.37216746 1.56875916 1.30575421
 3.10782706 2.36169384] REAL [0.49741866] FAKE [0.49956393] 
508 epoch LOSS [-1.40231179] Parameters [1.57930894 1.5735691  3.17424467 2.37068567 1.56876983 1.30576422
 3.10719681 2.36021505] REAL [0.49221245] FAKE [0.50015985] 
509 epoch LOSS [-1.35859867] Parameters [1.57929693 1.57354362 3.17442336 2.36908662 1.5687756  1.30575731
 3.10707813 2.3586327 ] REAL [0.51405242] FAKE [0.50001073] 
510 epoch LOSS [-1.38963635] Parameters [1.57928776 1.57353185 3.17474965 2.36748173 1.56878247 1.3057618
 3.1068679  2.35702523] REAL [0.49845327] FAKE [0.50012185] 
511 epoch LOSS [-1.39323262] Parameters [1.57927649 1.57352435 3.17481727 2.36593154 1.56879465 1.30576282
 3.10726094 2.35555224] REAL [0.49652688] FAKE [0.49998389] 
512 epoch LOSS [-1.35996785] Parameters [1.57928963 1.57351568 3.17492192 2.36442918 1.56879812 1.30576519
 3.10723065 2.35404066] REAL [0.51190529] FAKE [0.49860056] 
513 epoch LOSS [-1.39977742] Parameters [1.57930449 1.57352317 3.17528969 2.36292885 1.56879396 1.3057543
 3.10768165 2.35248192] REAL [0.49107233] FAKE [0.49772805] 
514 epoch LOSS [-1.40417602] Parameters [1.57929903 1.57353107 3.17490292 2.36144697 1.56880052 1.30575375
 3.10710487 2.35100868] REAL [0.48969642] FAKE [0.49852744] 
515 epoch LOSS [-1.35423301] Parameters [1.5792909  1.5735274  3.17575218 2.35993015 1.56881001 1.30574797
 3.10756539 2.34950637] REAL [0.51446864] FAKE [0.49822944] 
516 epoch LOSS [-1.40180467] Parameters [1.57929368 1.57352266 3.17638333 2.35844756 1.56880632 1.30574134
 3.10788353 2.34800968] REAL [0.49135894] FAKE [0.49903762] 
517 epoch LOSS [-1.41029824] Parameters [1.5793036  1.57352507 3.17645673 2.35693926 1.56881834 1.30574237
 3.10778574 2.34645121] REAL [0.48672966] FAKE [0.49855022] 
518 epoch LOSS [-1.3712] Parameters [1.57929576 1.57351447 3.17676577 2.35552219 1.56882029 1.30573126
 3.1084457  2.34506483] REAL [0.5059369] FAKE [0.49835204] 
519 epoch LOSS [-1.39768346] Parameters [1.57929072 1.57352843 3.1762202  2.35408445 1.56880488 1.30572974
 3.10814109 2.34363284] REAL [0.49341279] FAKE [0.49906269] 
520 epoch LOSS [-1.40545851] Parameters [1.57928877 1.57353329 3.17575845 2.3527044  1.56880221 1.30573578
 3.10837884 2.34223659] REAL [0.4899103] FAKE [0.49938881] 
521 epoch LOSS [-1.37960002] Parameters [1.57927504 1.57353367 3.17598518 2.3512697  1.56878748 1.30573911
 3.10822366 2.3408654 ] REAL [0.50245243] FAKE [0.49909845] 
522 epoch LOSS [-1.36040422] Parameters [1.57927574 1.57351814 3.17568169 2.35004751 1.56877442 1.3057423
 3.10860226 2.3395961 ] REAL [0.51101908] FAKE [0.49795016] 
523 epoch LOSS [-1.41331664] Parameters [1.57926748 1.57352307 3.17567603 2.3487691  1.5687826  1.30573219
 3.10830777 2.3383378 ] REAL [0.48425816] FAKE [0.49750998] 
524 epoch LOSS [-1.40788458] Parameters [1.57925717 1.57353975 3.17597276 2.34759513 1.56879901 1.30573393
 3.10891365 2.3371619 ] REAL [0.48739332] FAKE [0.49802288] 
525 epoch LOSS [-1.35229266] Parameters [1.57926226 1.57353532 3.17653138 2.34631913 1.56880192 1.30573577
 3.10951054 2.33589254] REAL [0.51505412] FAKE [0.49782638] 
526 epoch LOSS [-1.40871625] Parameters [1.57925389 1.5735246  3.17599469 2.34523113 1.56881607 1.30572423
 3.10904291 2.33480333] REAL [0.48624273] FAKE [0.49725335] 
527 epoch LOSS [-1.39434305] Parameters [1.57925164 1.57352133 3.17546916 2.34416585 1.56881594 1.30572749
 3.10881635 2.33374865] REAL [0.49393568] FAKE [0.49791863] 
528 epoch LOSS [-1.41586989] Parameters [1.57925144 1.57351765 3.17531792 2.34309774 1.56881059 1.30571915
 3.10864068 2.33268675] REAL [0.48391043] FAKE [0.49843118] 
529 epoch LOSS [-1.40396281] Parameters [1.57925443 1.57351193 3.17572632 2.34207305 1.56881366 1.30571848
 3.10895945 2.3316954 ] REAL [0.49022574] FAKE [0.49896209] 
530 epoch LOSS [-1.38129357] Parameters [1.57925704 1.57351981 3.17548621 2.34111432 1.56881905 1.3057311
 3.10867434 2.33076398] REAL [0.50244144] FAKE [0.49993509] 
531 epoch LOSS [-1.41675675] Parameters [1.57926003 1.57352331 3.17540952 2.34021811 1.56881386 1.30572686
 3.1087899  2.32983459] REAL [0.48475771] FAKE [0.49975169] 
532 epoch LOSS [-1.40103371] Parameters [1.57925795 1.57352119 3.17543403 2.33937632 1.56881196 1.30572984
 3.10827726 2.32900461] REAL [0.49213753] FAKE [0.49944443] 
533 epoch LOSS [-1.41622182] Parameters [1.57927853 1.573518   3.17609819 2.33855791 1.56880154 1.3057325
 3.10887423 2.32818802] REAL [0.48419949] FAKE [0.49890699] 
534 epoch LOSS [-1.361056] Parameters [1.57925619 1.57351923 3.17645797 2.33785681 1.56879713 1.30573651
 3.10925907 2.32749775] REAL [0.51153069] FAKE [0.49877907] 
535 epoch LOSS [-1.40261121] Parameters [1.57925555 1.57352995 3.17677268 2.33724258 1.56880884 1.30573474
 3.10965791 2.32689061] REAL [0.49092169] FAKE [0.49899568] 
536 epoch LOSS [-1.36708241] Parameters [1.5792546  1.57352522 3.176477   2.33662456 1.56880917 1.30573957
 3.10946086 2.32625274] REAL [0.50890746] FAKE [0.49922247] 
537 epoch LOSS [-1.35119044] Parameters [1.57925522 1.57352782 3.17698322 2.3360611  1.56880662 1.3057341
 3.10959835 2.32565375] REAL [0.51721051] FAKE [0.49936857] 
538 epoch LOSS [-1.40939309] Parameters [1.57925053 1.57351989 3.17683126 2.33558454 1.56879881 1.30573638
 3.10999244 2.32516463] REAL [0.48806179] FAKE [0.49946604] 
539 epoch LOSS [-1.36142971] Parameters [1.57925076 1.57351381 3.17661162 2.3351676  1.56879644 1.30574227
 3.11032365 2.32477408] REAL [0.51219282] FAKE [0.49961406] 
540 epoch LOSS [-1.3524444] Parameters [1.57924521 1.57351962 3.17644031 2.33484503 1.56879863 1.3057395
 3.11053428 2.32449076] REAL [0.51544561] FAKE [0.49828393] 
541 epoch LOSS [-1.38526107] Parameters [1.57924706 1.57351783 3.17634007 2.33456836 1.56880246 1.30573468
 3.11068569 2.32423379] REAL [0.49816676] FAKE [0.4976412] 
542 epoch LOSS [-1.40321477] Parameters [1.57925183 1.57352068 3.17559194 2.33446584 1.56880747 1.30574049
 3.11067134 2.32406746] REAL [0.4890045] FAKE [0.49733493] 
543 epoch LOSS [-1.3524556] Parameters [1.57925335 1.57352078 3.17586405 2.33440238 1.56880719 1.3057361
 3.11056145 2.32397901] REAL [0.51460893] FAKE [0.49747384] 
544 epoch LOSS [-1.38356181] Parameters [1.57924906 1.57351439 3.17610798 2.33434737 1.56881488 1.30574046
 3.1103807  2.32394093] REAL [0.49910253] FAKE [0.49773031] 
545 epoch LOSS [-1.38170063] Parameters [1.57924806 1.57352395 3.17550356 2.33431128 1.56881006 1.30573967
 3.10954441 2.32395288] REAL [0.50089322] FAKE [0.49859358] 
546 epoch LOSS [-1.41872763] Parameters [1.57925513 1.5735142  3.1759834  2.33431909 1.56880337 1.30574243
 3.11019519 2.32402374] REAL [0.48358495] FAKE [0.49952586] 
547 epoch LOSS [-1.4058413] Parameters [1.57925706 1.57351272 3.17565423 2.33444321 1.56881058 1.30574087
 3.11010408 2.32413418] REAL [0.49007079] FAKE [0.49974428] 
548 epoch LOSS [-1.37568162] Parameters [1.57925766 1.57351223 3.17526583 2.33465666 1.56882344 1.30573859
 3.10992647 2.32432003] REAL [0.50385391] FAKE [0.49853061] 
549 epoch LOSS [-1.34879944] Parameters [1.57924906 1.57350539 3.17531986 2.33493093 1.56882018 1.30573023
 3.11035478 2.32456742] REAL [0.51708754] FAKE [0.49805079] 
