RUN 10_12_2021__22_44_23 
0 epoch LOSS [-2.65000084] Parameters [1.61154682 1.60295175 1.53219179 1.77351883 1.64912261 1.58150411
 1.71445211 1.55540013] REAL [0.07650484] FAKE [0.07651397] 
1 epoch LOSS [-2.21349594] Parameters [1.611547   1.6029521  1.53216804 1.77355058 1.64912285 1.58150417
 1.71442774 1.55543171] REAL [0.12482398] FAKE [0.12422428] 
2 epoch LOSS [-1.88018541] Parameters [1.61154706 1.60295216 1.53212293 1.77360221 1.64912277 1.58150506
 1.71438322 1.55548343] REAL [0.18732518] FAKE [0.18557761] 
3 epoch LOSS [-1.65668164] Parameters [1.61154649 1.60295195 1.5320448  1.77368722 1.64912252 1.58150561
 1.71430032 1.55556918] REAL [0.25522869] FAKE [0.25254886] 
4 epoch LOSS [-1.52445715] Parameters [1.61154535 1.60295322 1.53192957 1.77381116 1.64912272 1.58150412
 1.71419143 1.55569088] REAL [0.3177829] FAKE [0.31481768] 
5 epoch LOSS [-1.44669185] Parameters [1.61154538 1.60295155 1.53179476 1.77396063 1.64912271 1.58150305
 1.71404709 1.55584026] REAL [0.37111737] FAKE [0.3658406] 
6 epoch LOSS [-1.40166922] Parameters [1.61154519 1.60295235 1.53162277 1.7741626  1.64912084 1.58150301
 1.71388145 1.55603473] REAL [0.41315489] FAKE [0.40413224] 
7 epoch LOSS [-1.39027068] Parameters [1.61154456 1.60295202 1.53140711 1.77438788 1.64911918 1.58150288
 1.71365251 1.55625895] REAL [0.43795167] FAKE [0.43142609] 
8 epoch LOSS [-1.37695523] Parameters [1.61154345 1.60295282 1.53120607 1.77462686 1.64911754 1.58150251
 1.71345256 1.5565033 ] REAL [0.45924033] FAKE [0.4505149] 
9 epoch LOSS [-1.37087869] Parameters [1.61154103 1.60295277 1.53099797 1.77490329 1.64911497 1.58150287
 1.71324724 1.55677223] REAL [0.47316708] FAKE [0.46343736] 
10 epoch LOSS [-1.36239698] Parameters [1.61154108 1.60294967 1.53079475 1.77520994 1.64911427 1.58150367
 1.71305684 1.55707518] REAL [0.48504458] FAKE [0.472118] 
11 epoch LOSS [-1.35715623] Parameters [1.61154077 1.6029483  1.53059578 1.77555283 1.64911326 1.58150331
 1.71286674 1.55741717] REAL [0.49287197] FAKE [0.47777168] 
12 epoch LOSS [-1.35125561] Parameters [1.61154235 1.60294742 1.53041749 1.7759008  1.64911463 1.5815006
 1.71269054 1.55776979] REAL [0.49939049] FAKE [0.48153807] 
13 epoch LOSS [-1.34951587] Parameters [1.6115414  1.60294874 1.53024485 1.77626648 1.64911332 1.58149944
 1.71253293 1.5581246 ] REAL [0.50238399] FAKE [0.48372998] 
14 epoch LOSS [-1.35097803] Parameters [1.61154062 1.60294735 1.5301384  1.77669201 1.64911293 1.58149866
 1.71240098 1.55852842] REAL [0.50293416] FAKE [0.48504822] 
15 epoch LOSS [-1.341909] Parameters [1.61154111 1.60294862 1.5300223  1.77713275 1.64911335 1.58149965
 1.71228183 1.55895706] REAL [0.50812725] FAKE [0.48566765] 
16 epoch LOSS [-1.33784626] Parameters [1.61154112 1.60294818 1.52991688 1.77758768 1.64911351 1.58149972
 1.71217399 1.55941708] REAL [0.5103459] FAKE [0.48581889] 
17 epoch LOSS [-1.33375108] Parameters [1.61154133 1.60294469 1.52983799 1.77805268 1.64911359 1.58149774
 1.71209885 1.5598789 ] REAL [0.51226068] FAKE [0.48563875] 
18 epoch LOSS [-1.33035523] Parameters [1.61154114 1.6029447  1.52977896 1.77852642 1.6491143  1.58149887
 1.7120299  1.56036623] REAL [0.5135654] FAKE [0.48520027] 
19 epoch LOSS [-1.32847065] Parameters [1.6115407  1.60294522 1.52973539 1.77905663 1.64911611 1.58149948
 1.7119872  1.56088908] REAL [0.51401908] FAKE [0.4846844] 
20 epoch LOSS [-1.33138365] Parameters [1.61154261 1.60294641 1.52969805 1.77962277 1.64911579 1.58149733
 1.71196335 1.56143101] REAL [0.51187392] FAKE [0.48403003] 
21 epoch LOSS [-1.32861718] Parameters [1.61154219 1.60294831 1.52969605 1.7801969  1.64911653 1.58149588
 1.71195909 1.56201781] REAL [0.51258324] FAKE [0.48331662] 
22 epoch LOSS [-1.31634499] Parameters [1.61154096 1.60294641 1.5297013  1.78078995 1.64912031 1.58149486
 1.71196877 1.56258517] REAL [0.5180448] FAKE [0.48245118] 
23 epoch LOSS [-1.31700003] Parameters [1.61153904 1.60294742 1.52973245 1.78146483 1.64911925 1.58149177
 1.71199419 1.56322908] REAL [0.51688301] FAKE [0.48162757] 
24 epoch LOSS [-1.31200651] Parameters [1.61154145 1.60294647 1.52978809 1.7821083  1.64911779 1.58149051
 1.71203817 1.56386359] REAL [0.51855977] FAKE [0.48071713] 
25 epoch LOSS [-1.31300384] Parameters [1.61153758 1.60294369 1.529852   1.78282492 1.64911694 1.58149003
 1.71211136 1.56460072] REAL [0.51704388] FAKE [0.47971383] 
26 epoch LOSS [-1.3048692] Parameters [1.6115383  1.6029408  1.52993518 1.78356132 1.64911773 1.58149446
 1.71220285 1.56534569] REAL [0.52033502] FAKE [0.47878195] 
27 epoch LOSS [-1.3026391] Parameters [1.61153422 1.60293837 1.53003668 1.78432213 1.64912093 1.58148955
 1.71230922 1.56608366] REAL [0.52046505] FAKE [0.47774878] 
28 epoch LOSS [-1.29953704] Parameters [1.61153536 1.60293915 1.53016567 1.78516511 1.64912172 1.58148608
 1.712445   1.56693047] REAL [0.52101407] FAKE [0.47667826] 
29 epoch LOSS [-1.29209989] Parameters [1.6115343  1.60294192 1.53031289 1.78593965 1.64912367 1.58149104
 1.71258802 1.56772719] REAL [0.52380185] FAKE [0.47557774] 
30 epoch LOSS [-1.28902906] Parameters [1.61153033 1.60294294 1.53050483 1.78682444 1.64912455 1.58148746
 1.71277348 1.56861697] REAL [0.52440385] FAKE [0.47456873] 
31 epoch LOSS [-1.28247553] Parameters [1.61153432 1.60294227 1.53070882 1.78770459 1.64912433 1.58149154
 1.71299388 1.56952481] REAL [0.52664208] FAKE [0.47336175] 
32 epoch LOSS [-1.28205939] Parameters [1.61153191 1.60294661 1.53095378 1.78870819 1.64912497 1.58148932
 1.71320663 1.57051828] REAL [0.52573698] FAKE [0.47223552] 
33 epoch LOSS [-1.27302972] Parameters [1.61153511 1.60294838 1.5311843  1.78964922 1.64912286 1.5814863
 1.7134556  1.5714909 ] REAL [0.52935241] FAKE [0.47108569] 
34 epoch LOSS [-1.26930751] Parameters [1.611536   1.60294721 1.53146592 1.79073015 1.64912251 1.58148439
 1.71376659 1.57259289] REAL [0.53003964] FAKE [0.46980161] 
35 epoch LOSS [-1.26691866] Parameters [1.61153727 1.60294822 1.53179363 1.79179942 1.64912633 1.58148438
 1.71407146 1.57363833] REAL [0.52995021] FAKE [0.46844384] 
36 epoch LOSS [-1.26462224] Parameters [1.61153608 1.60294646 1.53210849 1.79289409 1.64912662 1.58148586
 1.71439618 1.57475854] REAL [0.53009748] FAKE [0.46736979] 
37 epoch LOSS [-1.25268943] Parameters [1.61154426 1.60295173 1.53244502 1.79407289 1.64911944 1.58148115
 1.71475113 1.57595019] REAL [0.5348648] FAKE [0.46578033] 
38 epoch LOSS [-1.2474239] Parameters [1.61154875 1.60294834 1.53280499 1.7953519  1.64911961 1.58148735
 1.71513322 1.57724187] REAL [0.53622185] FAKE [0.46431908] 
39 epoch LOSS [-1.24647271] Parameters [1.61154218 1.6029522  1.5332116  1.79664989 1.64912541 1.58148608
 1.7155516  1.57849782] REAL [0.53529642] FAKE [0.46288233] 
40 epoch LOSS [-1.24178378] Parameters [1.61154561 1.6029488  1.53361834 1.79803105 1.64913039 1.58148693
 1.71599763 1.57986388] REAL [0.53646252] FAKE [0.46153092] 
41 epoch LOSS [-1.23505492] Parameters [1.61155429 1.60294924 1.53412143 1.79941676 1.64913848 1.58149358
 1.71653675 1.58125403] REAL [0.53869151] FAKE [0.46013853] 
42 epoch LOSS [-1.22888917] Parameters [1.61155571 1.60294219 1.53463238 1.80094423 1.64913626 1.58149643
 1.71706926 1.58270763] REAL [0.54037446] FAKE [0.45849135] 
43 epoch LOSS [-1.22484494] Parameters [1.6115538  1.60294244 1.53522446 1.80243227 1.64913972 1.58150516
 1.71762381 1.58417229] REAL [0.54095427] FAKE [0.45687969] 
44 epoch LOSS [-1.21661887] Parameters [1.61155648 1.60296003 1.53583066 1.80402355 1.64913575 1.58150322
 1.71827548 1.58577279] REAL [0.54375134] FAKE [0.45521041] 
45 epoch LOSS [-1.20868017] Parameters [1.61156026 1.60297033 1.53650393 1.80574441 1.6491379  1.58149539
 1.71896511 1.58754491] REAL [0.54656326] FAKE [0.45369342] 
46 epoch LOSS [-1.20299118] Parameters [1.61155944 1.60297141 1.5371978  1.80750028 1.64913084 1.58149178
 1.71965705 1.58925586] REAL [0.54800643] FAKE [0.45202352] 
47 epoch LOSS [-1.19572029] Parameters [1.61156573 1.60298    1.53798253 1.80940529 1.6491298  1.58148273
 1.72045392 1.59121966] REAL [0.54998075] FAKE [0.45000621] 
48 epoch LOSS [-1.19345399] Parameters [1.61157446 1.60298122 1.53881644 1.81139704 1.64912375 1.58148624
 1.72134023 1.59326189] REAL [0.54926173] FAKE [0.44803673] 
49 epoch LOSS [-1.18353417] Parameters [1.6115858  1.60297607 1.53965981 1.81335969 1.64911732 1.58148742
 1.72229804 1.59517805] REAL [0.55303827] FAKE [0.44634089] 
50 epoch LOSS [-1.17847545] Parameters [1.61157847 1.60296645 1.54054449 1.81544724 1.64912083 1.5814804
 1.72317972 1.59727525] REAL [0.55430138] FAKE [0.44480103] 
51 epoch LOSS [-1.16980944] Parameters [1.61157156 1.60295768 1.54153139 1.81766902 1.64911999 1.58147131
 1.72412226 1.59950585] REAL [0.55688238] FAKE [0.44256435] 
52 epoch LOSS [-1.16309472] Parameters [1.61156124 1.60295555 1.54260012 1.82001492 1.64913248 1.58148895
 1.72509393 1.60177743] REAL [0.55895157] FAKE [0.44088621] 
53 epoch LOSS [-1.15529478] Parameters [1.61155372 1.60295075 1.54379362 1.82251986 1.64913848 1.58148976
 1.72624209 1.60418831] REAL [0.56112377] FAKE [0.43868947] 
54 epoch LOSS [-1.15016202] Parameters [1.61155622 1.60293623 1.54493536 1.82508778 1.64914937 1.58149409
 1.72735774 1.60676707] REAL [0.56177864] FAKE [0.43645869] 
55 epoch LOSS [-1.14170106] Parameters [1.61155013 1.60294949 1.54624704 1.82778703 1.64912676 1.58148117
 1.72859283 1.60947834] REAL [0.56391554] FAKE [0.43382398] 
56 epoch LOSS [-1.13291243] Parameters [1.61155518 1.60295497 1.54770147 1.8304978  1.64914317 1.58148686
 1.72998937 1.6121953 ] REAL [0.5667044] FAKE [0.431637] 
57 epoch LOSS [-1.12463197] Parameters [1.61156122 1.60294342 1.54909288 1.83351399 1.64917391 1.58146519
 1.73142101 1.61516978] REAL [0.56923964] FAKE [0.42946353] 
58 epoch LOSS [-1.11701135] Parameters [1.61156572 1.6029607  1.55046906 1.83669487 1.64918042 1.58145689
 1.73276674 1.61824785] REAL [0.57145675] FAKE [0.42732956] 
59 epoch LOSS [-1.10934641] Parameters [1.61153814 1.60295285 1.55210564 1.83997058 1.64919415 1.58145114
 1.73444913 1.62149017] REAL [0.57350889] FAKE [0.42498811] 
60 epoch LOSS [-1.10073175] Parameters [1.61152083 1.60294676 1.55376887 1.84349758 1.64919172 1.58144255
 1.73616343 1.62494557] REAL [0.57616824] FAKE [0.42269016] 
61 epoch LOSS [-1.09213533] Parameters [1.6115109  1.6029735  1.55556392 1.84713897 1.64922683 1.5814276
 1.73798431 1.62854175] REAL [0.57839489] FAKE [0.41994763] 
62 epoch LOSS [-1.08226835] Parameters [1.61148174 1.60299624 1.55748318 1.85078211 1.64924301 1.58141557
 1.73988389 1.63225018] REAL [0.58101365] FAKE [0.41683628] 
63 epoch LOSS [-1.07530677] Parameters [1.61150606 1.60301089 1.55949491 1.85474212 1.64923529 1.58140248
 1.74198476 1.63615147] REAL [0.58352967] FAKE [0.41529439] 
64 epoch LOSS [-1.06499342] Parameters [1.61149172 1.60301903 1.56192868 1.85891997 1.64921192 1.58140813
 1.74428977 1.64043073] REAL [0.58596001] FAKE [0.41168319] 
65 epoch LOSS [-1.05668889] Parameters [1.61148527 1.60301503 1.56428268 1.86324117 1.64919134 1.58143015
 1.74658201 1.64489049] REAL [0.58853843] FAKE [0.40937609] 
66 epoch LOSS [-1.04835856] Parameters [1.61150317 1.60300663 1.56672119 1.86777952 1.64917913 1.58143507
 1.74897889 1.64930867] REAL [0.59128733] FAKE [0.40720424] 
67 epoch LOSS [-1.03684137] Parameters [1.61154717 1.60299058 1.56937805 1.87247571 1.64917331 1.58143321
 1.751545   1.65406998] REAL [0.59400825] FAKE [0.40308425] 
68 epoch LOSS [-1.0299964] Parameters [1.61157964 1.60300245 1.57213214 1.87755805 1.64921174 1.58144999
 1.75424663 1.65919765] REAL [0.59627742] FAKE [0.40127156] 
69 epoch LOSS [-1.01950685] Parameters [1.6115637  1.60298811 1.57494531 1.88286708 1.64920369 1.58143128
 1.75708551 1.66436237] REAL [0.59906961] FAKE [0.39777815] 
70 epoch LOSS [-1.01005355] Parameters [1.61154484 1.60300716 1.5780967  1.88845076 1.64919815 1.58140715
 1.76030854 1.66999846] REAL [0.60171757] FAKE [0.39473352] 
71 epoch LOSS [-1.00044768] Parameters [1.61154601 1.60302541 1.58154823 1.89441172 1.64922443 1.58140894
 1.76380068 1.67601302] REAL [0.60506076] FAKE [0.392268] 
72 epoch LOSS [-0.99024832] Parameters [1.6115564  1.60305539 1.58504738 1.9005936  1.64916725 1.58138964
 1.7674496  1.68215119] REAL [0.60768937] FAKE [0.38869355] 
73 epoch LOSS [-0.9801394] Parameters [1.61158257 1.60307402 1.58911997 1.90716505 1.64917926 1.5813893
 1.77145716 1.68874738] REAL [0.61148726] FAKE [0.3863179] 
74 epoch LOSS [-0.9713765] Parameters [1.61159747 1.60303399 1.59320374 1.91408144 1.64918976 1.58140319
 1.77557807 1.69561538] REAL [0.61385198] FAKE [0.38330152] 
75 epoch LOSS [-0.96149982] Parameters [1.61165607 1.60299086 1.59776701 1.92134481 1.64920794 1.58135328
 1.78005839 1.70280403] REAL [0.6173049] FAKE [0.38066417] 
76 epoch LOSS [-0.95141883] Parameters [1.61171425 1.60297075 1.60244422 1.9291056  1.64922673 1.58137129
 1.78473617 1.71035313] REAL [0.61999463] FAKE [0.37710316] 
77 epoch LOSS [-0.94370318] Parameters [1.61175146 1.60294316 1.6074778  1.93699427 1.64922086 1.58135435
 1.78968724 1.71818703] REAL [0.62237525] FAKE [0.37467959] 
78 epoch LOSS [-0.93076568] Parameters [1.61177806 1.60291619 1.61316882 1.94553423 1.64923228 1.58139068
 1.79493667 1.72667887] REAL [0.62652111] FAKE [0.37072875] 
79 epoch LOSS [-0.92015148] Parameters [1.61175215 1.60284064 1.61892021 1.95429699 1.64927534 1.58141325
 1.80067101 1.73540706] REAL [0.62957927] FAKE [0.36710325] 
80 epoch LOSS [-0.91631239] Parameters [1.61174936 1.60293892 1.6250104  1.96376016 1.64928163 1.58140518
 1.80689197 1.7448486 ] REAL [0.63175809] FAKE [0.36685996] 
81 epoch LOSS [-0.90421085] Parameters [1.6117334  1.60290979 1.6318691  1.97362903 1.64931623 1.58144705
 1.81372847 1.75451361] REAL [0.63380323] FAKE [0.36121933] 
82 epoch LOSS [-0.89599386] Parameters [1.61176979 1.60297318 1.63887073 1.98395764 1.6493528  1.58144006
 1.82107523 1.76489598] REAL [0.63739139] FAKE [0.35957449] 
83 epoch LOSS [-0.88827792] Parameters [1.61176154 1.60285047 1.64669    1.99490884 1.64931257 1.5813846
 1.82894819 1.77577406] REAL [0.63880554] FAKE [0.35604262] 
84 epoch LOSS [-0.88380208] Parameters [1.61178663 1.60278702 1.65504196 2.0066376  1.64941696 1.58133646
 1.8373963  1.78735533] REAL [0.64098471] FAKE [0.355353] 
85 epoch LOSS [-0.87344349] Parameters [1.61183249 1.60283642 1.66412096 2.01890169 1.64947361 1.58132036
 1.84639927 1.79939264] REAL [0.64352551] FAKE [0.35121239] 
86 epoch LOSS [-0.86545909] Parameters [1.61188135 1.60285661 1.67415377 2.03170791 1.64958607 1.58131379
 1.85608409 1.81198513] REAL [0.64765802] FAKE [0.35018438] 
87 epoch LOSS [-0.85317763] Parameters [1.61183588 1.60283072 1.68466463 2.04547485 1.649553   1.58116163
 1.86661933 1.82546723] REAL [0.6514984] FAKE [0.34603228] 
88 epoch LOSS [-0.84914376] Parameters [1.61180119 1.60281717 1.6955883  2.05974208 1.64953901 1.58123856
 1.87768299 1.8397958 ] REAL [0.65420317] FAKE [0.34610366] 
89 epoch LOSS [-0.83739571] Parameters [1.61179218 1.60268151 1.70761966 2.07467819 1.64964886 1.58132017
 1.8899399  1.85485374] REAL [0.65642404] FAKE [0.34061481] 
90 epoch LOSS [-0.83259892] Parameters [1.61168703 1.60277172 1.72065524 2.09050517 1.64958428 1.58121233
 1.90313258 1.87051031] REAL [0.65958079] FAKE [0.34061527] 
91 epoch LOSS [-0.83635251] Parameters [1.61164705 1.60283849 1.73475716 2.10687902 1.64956788 1.58105046
 1.91728668 1.88691737] REAL [0.65914261] FAKE [0.34264899] 
92 epoch LOSS [-0.82840224] Parameters [1.61165602 1.60296723 1.7503789  2.12433771 1.64949453 1.58117571
 1.93299281 1.90468535] REAL [0.66023449] FAKE [0.33849783] 
93 epoch LOSS [-0.82441011] Parameters [1.61164731 1.60275726 1.76711878 2.14303965 1.6496223  1.58111619
 1.9495634  1.92301362] REAL [0.6635495] FAKE [0.33916975] 
94 epoch LOSS [-0.8196478] Parameters [1.61183661 1.60271338 1.78493463 2.16223397 1.64958684 1.58116553
 1.9672402  1.94241626] REAL [0.66219281] FAKE [0.33465481] 
95 epoch LOSS [-0.82127179] Parameters [1.61167971 1.60259005 1.80454823 2.18288705 1.64945346 1.58152173
 1.98731834 1.96294788] REAL [0.66174807] FAKE [0.33528801] 
96 epoch LOSS [-0.82166842] Parameters [1.61171368 1.6026172  1.82590724 2.20438875 1.64943688 1.58176039
 2.00853525 1.98435765] REAL [0.66337677] FAKE [0.33718294] 
97 epoch LOSS [-0.81266272] Parameters [1.61146062 1.60265673 1.84902148 2.22695767 1.64970413 1.5817007
 2.03155895 2.00664658] REAL [0.66404675] FAKE [0.33186163] 
98 epoch LOSS [-0.8229213] Parameters [1.61140984 1.60250839 1.87386065 2.25011959 1.64967261 1.58168937
 2.05663248 2.03019245] REAL [0.66463894] FAKE [0.33926998] 
99 epoch LOSS [-0.82285016] Parameters [1.61160632 1.60244248 1.90086655 2.27445432 1.64965492 1.58152163
 2.08299434 2.05451688] REAL [0.66525043] FAKE [0.33983035] 
100 epoch LOSS [-0.84498181] Parameters [1.61139025 1.6026586  1.92995525 2.29938026 1.64977768 1.58127573
 2.11192753 2.07968253] REAL [0.65978154] FAKE [0.34892818] 
101 epoch LOSS [-0.85648676] Parameters [1.61112278 1.60248013 1.96188045 2.32583339 1.65040032 1.58126603
 2.14331165 2.1064304 ] REAL [0.65770317] FAKE [0.35434191] 
102 epoch LOSS [-0.86876896] Parameters [1.61122174 1.60244683 1.99560467 2.35326031 1.65033556 1.58113129
 2.17709884 2.13344606] REAL [0.65527678] FAKE [0.35986193] 
103 epoch LOSS [-0.88988633] Parameters [1.61153117 1.60233046 2.03173872 2.38185646 1.65034967 1.58136979
 2.21335586 2.16186125] REAL [0.6519624] FAKE [0.37005196] 
104 epoch LOSS [-0.89359895] Parameters [1.61168833 1.60226584 2.06951484 2.41105776 1.64994296 1.58121659
 2.25172324 2.19079571] REAL [0.64752353] FAKE [0.368084] 
105 epoch LOSS [-0.93652138] Parameters [1.61175856 1.60182068 2.11016096 2.44076094 1.65010312 1.58107048
 2.29209178 2.22079802] REAL [0.63893699] FAKE [0.38649812] 
106 epoch LOSS [-0.93975631] Parameters [1.61182925 1.60200731 2.15292837 2.47067715 1.65020526 1.58101007
 2.33488819 2.2509989 ] REAL [0.6358764] FAKE [0.38553618] 
107 epoch LOSS [-1.00510099] Parameters [1.61219799 1.60179594 2.1979689  2.50172184 1.65002799 1.58066287
 2.37975658 2.2819614 ] REAL [0.62348763] FAKE [0.41296723] 
108 epoch LOSS [-1.01876053] Parameters [1.61230373 1.6018599  2.24407608 2.53298387 1.64976777 1.58026766
 2.42649421 2.31300147] REAL [0.6068815] FAKE [0.40508622] 
109 epoch LOSS [-1.07579191] Parameters [1.61216629 1.60204301 2.29153963 2.56421471 1.64997979 1.58015896
 2.47355219 2.3444529 ] REAL [0.60060247] FAKE [0.43219084] 
110 epoch LOSS [-1.08988266] Parameters [1.61240338 1.60205058 2.33917259 2.59529267 1.65021409 1.57998688
 2.52157991 2.37505306] REAL [0.58851848] FAKE [0.42863995] 
111 epoch LOSS [-1.12250655] Parameters [1.61237136 1.60223139 2.3874161  2.62603107 1.64982875 1.58013381
 2.56926323 2.40542568] REAL [0.58368453] FAKE [0.44239916] 
112 epoch LOSS [-1.18834857] Parameters [1.61302103 1.60208419 2.43433604 2.6556243  1.6498624  1.58025142
 2.6161681  2.43494178] REAL [0.57103181] FAKE [0.46636234] 
113 epoch LOSS [-1.21956509] Parameters [1.61316375 1.60165856 2.4796351  2.68339947 1.64980055 1.58018601
 2.66186875 2.46354651] REAL [0.55174645] FAKE [0.46468419] 
114 epoch LOSS [-1.26678864] Parameters [1.61325848 1.60153966 2.5231521  2.70962811 1.64978662 1.5802716
 2.70500946 2.49018747] REAL [0.54678763] FAKE [0.48474525] 
115 epoch LOSS [-1.29593678] Parameters [1.61353721 1.60135899 2.56432644 2.73478912 1.64984509 1.58045871
 2.74622251 2.51539711] REAL [0.52753489] FAKE [0.48128283] 
116 epoch LOSS [-1.32247047] Parameters [1.61317069 1.60149716 2.6026067  2.75807446 1.65023075 1.58052942
 2.78457902 2.53815223] REAL [0.52803427] FAKE [0.49534305] 
117 epoch LOSS [-1.37485118] Parameters [1.61298711 1.60159195 2.63800252 2.77887504 1.65048073 1.58026546
 2.82006824 2.55881181] REAL [0.5097669] FAKE [0.50393557] 
118 epoch LOSS [-1.37037055] Parameters [1.61313639 1.6015824  2.67037141 2.79782088 1.65037656 1.58015481
 2.85234748 2.57756319] REAL [0.50699382] FAKE [0.49898242] 
119 epoch LOSS [-1.3872015] Parameters [1.61283858 1.60139857 2.70035716 2.81513541 1.65032321 1.58031881
 2.88248446 2.59484871] REAL [0.49863681] FAKE [0.49908769] 
120 epoch LOSS [-1.40857678] Parameters [1.61293813 1.60128141 2.72774284 2.83074289 1.6504694  1.5804011
 2.90965261 2.61032554] REAL [0.49671845] FAKE [0.50778756] 
121 epoch LOSS [-1.40619526] Parameters [1.61273253 1.60121541 2.75247759 2.84430441 1.65026205 1.58036668
 2.93424808 2.62394988] REAL [0.50022338] FAKE [0.51007097] 
122 epoch LOSS [-1.4081834] Parameters [1.61266348 1.60116334 2.77524774 2.85673089 1.65015228 1.58054207
 2.95674217 2.63619669] REAL [0.49376292] FAKE [0.50464649] 
123 epoch LOSS [-1.42734271] Parameters [1.61276172 1.60111659 2.79550935 2.86762369 1.65005881 1.58060473
 2.97667903 2.64689761] REAL [0.48373365] FAKE [0.50397149] 
124 epoch LOSS [-1.41982532] Parameters [1.612781   1.60122285 2.81353223 2.87705469 1.64984672 1.5805461
 2.99493359 2.65635195] REAL [0.49202009] FAKE [0.50864559] 
125 epoch LOSS [-1.43918954] Parameters [1.6127278  1.60135757 2.830432   2.88557195 1.64992795 1.58066503
 3.01156059 2.66490327] REAL [0.48125362] FAKE [0.50728712] 
126 epoch LOSS [-1.42390917] Parameters [1.61284299 1.60142883 2.84583844 2.89314237 1.6499664  1.58073868
 3.02708423 2.67262654] REAL [0.48682668] FAKE [0.50542777] 
127 epoch LOSS [-1.42542235] Parameters [1.61287679 1.60139681 2.85934642 2.89988049 1.64989058 1.58079165
 3.04072962 2.67912023] REAL [0.48521889] FAKE [0.50453927] 
128 epoch LOSS [-1.42297854] Parameters [1.61290223 1.6014137  2.87170037 2.90560846 1.64984947 1.58068728
 3.05327939 2.68474853] REAL [0.48842559] FAKE [0.50658782] 
129 epoch LOSS [-1.4237847] Parameters [1.61291259 1.60137252 2.88358457 2.91054839 1.64984436 1.58069629
 3.06531745 2.68977422] REAL [0.4847] FAKE [0.50319594] 
130 epoch LOSS [-1.40268443] Parameters [1.61279144 1.60144059 2.89385652 2.91462912 1.64990065 1.58076408
 3.07577343 2.69380815] REAL [0.49449931] FAKE [0.50265678] 
131 epoch LOSS [-1.41924215] Parameters [1.61281266 1.60137934 2.90341892 2.91815425 1.64988849 1.58077126
 3.08524885 2.69737587] REAL [0.48586465] FAKE [0.50213033] 
132 epoch LOSS [-1.42882715] Parameters [1.61280044 1.60135129 2.91266481 2.92107402 1.64985073 1.58073846
 3.09409074 2.70029152] REAL [0.48061701] FAKE [0.50149546] 
133 epoch LOSS [-1.39168066] Parameters [1.61276581 1.60134747 2.92107782 2.92330033 1.64985744 1.58072975
 3.10227724 2.70245461] REAL [0.49681408] FAKE [0.49949679] 
134 epoch LOSS [-1.40810918] Parameters [1.61277787 1.60134702 2.92879595 2.92504169 1.64987876 1.58074521
 3.11008327 2.70419357] REAL [0.48770439] FAKE [0.49845572] 
135 epoch LOSS [-1.38390437] Parameters [1.61278132 1.60133394 2.93604673 2.92620574 1.64994343 1.58077019
 3.11708992 2.70537168] REAL [0.49798753] FAKE [0.49677813] 
136 epoch LOSS [-1.38470372] Parameters [1.61276409 1.60131843 2.94269915 2.92703193 1.64993134 1.58075371
 3.1235596  2.70607437] REAL [0.49495184] FAKE [0.49409628] 
137 epoch LOSS [-1.37554493] Parameters [1.61277992 1.60129201 2.94862961 2.92715489 1.64994051 1.58078939
 3.12969791 2.70625148] REAL [0.49867466] FAKE [0.49325307] 
138 epoch LOSS [-1.40121135] Parameters [1.61275708 1.60126893 2.95415883 2.92666739 1.64999092 1.58081497
 3.13534083 2.70578674] REAL [0.48602648] FAKE [0.49324073] 
139 epoch LOSS [-1.38367285] Parameters [1.61279921 1.60127061 2.95925354 2.92573923 1.64996453 1.58085687
 3.14012227 2.70483579] REAL [0.49241019] FAKE [0.4909605] 
140 epoch LOSS [-1.36133887] Parameters [1.61283512 1.60131225 2.96413405 2.9243755  1.64996773 1.58086667
 3.14504773 2.70345285] REAL [0.50226104] FAKE [0.489673] 
141 epoch LOSS [-1.38964905] Parameters [1.61282529 1.60131146 2.96931972 2.92251377 1.64993781 1.58090081
 3.1500304  2.70161235] REAL [0.4870669] FAKE [0.48844248] 
142 epoch LOSS [-1.35023463] Parameters [1.61283871 1.60131118 2.97319821 2.92000796 1.64989737 1.58092021
 3.15397139 2.69910061] REAL [0.50424257] FAKE [0.48600246] 
143 epoch LOSS [-1.35875044] Parameters [1.6128789  1.60133961 2.97723459 2.91711232 1.64986839 1.58094904
 3.15802868 2.69620576] REAL [0.50030439] FAKE [0.48634932] 
144 epoch LOSS [-1.35378284] Parameters [1.61282981 1.60132611 2.98103209 2.91368386 1.64984821 1.58096643
 3.16175554 2.6927878 ] REAL [0.50122345] FAKE [0.4847379] 
145 epoch LOSS [-1.35374616] Parameters [1.61286858 1.60130231 2.98438144 2.90968564 1.64985128 1.58099508
 3.1650364  2.68882156] REAL [0.50147754] FAKE [0.48498008] 
146 epoch LOSS [-1.35987242] Parameters [1.61288057 1.60128223 2.98777616 2.90519884 1.6498912  1.58094376
 3.16818518 2.68434631] REAL [0.49786183] FAKE [0.4844081] 
147 epoch LOSS [-1.36974724] Parameters [1.61285689 1.60120432 2.99090398 2.9001646  1.64980164 1.58095167
 3.17111995 2.67935021] REAL [0.4918365] FAKE [0.48322015] 
148 epoch LOSS [-1.33887293] Parameters [1.61282704 1.60124107 2.99369532 2.89466942 1.64982593 1.58084203
 3.17414968 2.67387239] REAL [0.50475632] FAKE [0.48065841] 
149 epoch LOSS [-1.32974256] Parameters [1.61276038 1.6011895  2.99641715 2.88860082 1.6498465  1.58074964
 3.1768953  2.6677788 ] REAL [0.51004468] FAKE [0.48132906] 
150 epoch LOSS [-1.32679032] Parameters [1.61273264 1.60119729 2.99917831 2.88198074 1.64992659 1.58077313
 3.17953055 2.66111253] REAL [0.50943982] FAKE [0.47917791] 
151 epoch LOSS [-1.34348564] Parameters [1.61271101 1.60118556 3.00138426 2.87479907 1.64990778 1.58074164
 3.1817875  2.653912  ] REAL [0.50048033] FAKE [0.47863174] 
152 epoch LOSS [-1.31640016] Parameters [1.61268798 1.60120099 3.00365888 2.86701949 1.64977304 1.58079648
 3.18395626 2.64616292] REAL [0.50997776] FAKE [0.4742934] 
153 epoch LOSS [-1.33660224] Parameters [1.61265322 1.60115863 3.00594725 2.85863897 1.64978853 1.58077947
 3.18619362 2.63776924] REAL [0.50065932] FAKE [0.47521825] 
154 epoch LOSS [-1.33258113] Parameters [1.61279621 1.60125126 3.00823177 2.84969744 1.64981376 1.58081775
 3.18868813 2.62883415] REAL [0.5022691] FAKE [0.47479251] 
155 epoch LOSS [-1.33698728] Parameters [1.61282972 1.60126201 3.01007712 2.84006267 1.64972219 1.58079202
 3.1903416  2.61923431] REAL [0.50175003] FAKE [0.47656061] 
156 epoch LOSS [-1.32960164] Parameters [1.6127301  1.60129662 3.01228935 2.82984975 1.64983883 1.58088426
 3.19261918 2.60904889] REAL [0.50534297] FAKE [0.47642956] 
157 epoch LOSS [-1.31151463] Parameters [1.6128637  1.60128503 3.01453524 2.81904436 1.64996283 1.58090581
 3.19482372 2.59830907] REAL [0.51195182] FAKE [0.47375578] 
158 epoch LOSS [-1.31943699] Parameters [1.61275273 1.60128954 3.01643528 2.80760672 1.65003554 1.58085528
 3.19669603 2.58684615] REAL [0.50676195] FAKE [0.47256154] 
159 epoch LOSS [-1.30461275] Parameters [1.61272097 1.60132874 3.0181098  2.79559984 1.65004815 1.5808446
 3.19844054 2.57487845] REAL [0.51549762] FAKE [0.47375593] 
160 epoch LOSS [-1.29961362] Parameters [1.61276517 1.60138523 3.02007473 2.78292437 1.65017373 1.58064583
 3.20035162 2.56223677] REAL [0.51651337] FAKE [0.47215865] 
161 epoch LOSS [-1.32332042] Parameters [1.61278116 1.60149019 3.02188143 2.76958267 1.65027571 1.58056682
 3.20203876 2.54895683] REAL [0.50620358] FAKE [0.47402629] 
162 epoch LOSS [-1.31453029] Parameters [1.61271759 1.60129819 3.02360169 2.75565237 1.65023333 1.58052912
 3.20383995 2.53501072] REAL [0.50989641] FAKE [0.47322544] 
163 epoch LOSS [-1.31010286] Parameters [1.61265063 1.60116276 3.0250981  2.74108395 1.6500848  1.58047261
 3.20530368 2.52046344] REAL [0.51203633] FAKE [0.47309929] 
164 epoch LOSS [-1.31786547] Parameters [1.61267453 1.6011046  3.02654584 2.72586045 1.65008648 1.58028639
 3.20676221 2.50527546] REAL [0.50991761] FAKE [0.47500123] 
165 epoch LOSS [-1.33275933] Parameters [1.61250529 1.60104615 3.02825237 2.71005976 1.65006761 1.58034957
 3.20847891 2.4895102 ] REAL [0.50297721] FAKE [0.47562537] 
166 epoch LOSS [-1.3367007] Parameters [1.61249062 1.60095257 3.02920709 2.69377915 1.65012063 1.58039628
 3.20972686 2.47323154] REAL [0.50289826] FAKE [0.47760606] 
167 epoch LOSS [-1.34475879] Parameters [1.61252703 1.60103447 3.03065483 2.67706874 1.65010536 1.5803239
 3.2113349  2.45651891] REAL [0.49997172] FAKE [0.4787654] 
168 epoch LOSS [-1.34990298] Parameters [1.6123026  1.60105266 3.03228075 2.6598163  1.65009176 1.58024741
 3.21270319 2.43935822] REAL [0.50091024] FAKE [0.48241143] 
169 epoch LOSS [-1.32093154] Parameters [1.61235613 1.60122097 3.03332715 2.64219368 1.65013405 1.5803036
 3.2139078  2.42165307] REAL [0.51409757] FAKE [0.48086398] 
170 epoch LOSS [-1.35058254] Parameters [1.61239622 1.60121525 3.03458428 2.62415158 1.65004692 1.58046671
 3.21509427 2.40361475] REAL [0.50162031] FAKE [0.48349522] 
171 epoch LOSS [-1.34447339] Parameters [1.61242902 1.60110977 3.03601807 2.60583274 1.64992991 1.58040581
 3.21658753 2.38526268] REAL [0.50940765] FAKE [0.48827438] 
172 epoch LOSS [-1.36033427] Parameters [1.61220997 1.60111003 3.03759766 2.5871768  1.64995707 1.58022287
 3.21743876 2.36674634] REAL [0.50125268] FAKE [0.48813242] 
173 epoch LOSS [-1.3344367] Parameters [1.61205667 1.60111665 3.03868634 2.56842506 1.64987513 1.58035221
 3.2186408  2.347964  ] REAL [0.51681733] FAKE [0.49052317] 
174 epoch LOSS [-1.36325526] Parameters [1.61213369 1.60106507 3.03972348 2.54960194 1.64983867 1.58036072
 3.21940337 2.32906832] REAL [0.50054162] FAKE [0.48890037] 
175 epoch LOSS [-1.35993987] Parameters [1.61218869 1.60102738 3.04074933 2.53073203 1.64999658 1.58042193
 3.22021033 2.31022769] REAL [0.50430211] FAKE [0.4910269] 
176 epoch LOSS [-1.38263512] Parameters [1.61225087 1.60117083 3.04146108 2.51188683 1.65008002 1.58072244
 3.22116655 2.29133499] REAL [0.49722476] FAKE [0.49536607] 
177 epoch LOSS [-1.35860957] Parameters [1.61228464 1.60093395 3.04237547 2.49319464 1.65011147 1.58062287
 3.22265857 2.27244446] REAL [0.50922685] FAKE [0.49527819] 
178 epoch LOSS [-1.38456554] Parameters [1.61241306 1.60100389 3.04246944 2.4747906  1.65008532 1.58068868
 3.22340292 2.25409742] REAL [0.50107212] FAKE [0.50020652] 
179 epoch LOSS [-1.36324946] Parameters [1.61238394 1.60104922 3.04307447 2.45666625 1.65012063 1.58063716
 3.22418708 2.23584329] REAL [0.50980769] FAKE [0.498187] 
180 epoch LOSS [-1.39513318] Parameters [1.61223232 1.60110539 3.04414911 2.43890069 1.65005682 1.58069845
 3.22512784 2.21816293] REAL [0.49844223] FAKE [0.50285105] 
181 epoch LOSS [-1.36980904] Parameters [1.6121403  1.60109814 3.04502838 2.42138957 1.64991263 1.5806493
 3.22604816 2.2007314 ] REAL [0.50987883] FAKE [0.50153748] 
182 epoch LOSS [-1.40950448] Parameters [1.61224021 1.60114502 3.04615424 2.40435135 1.64987031 1.58058675
 3.22721566 2.18384466] REAL [0.49358682] FAKE [0.50512396] 
183 epoch LOSS [-1.39062556] Parameters [1.61226092 1.60113659 3.04666827 2.38775612 1.64985721 1.58056704
 3.22768376 2.16749251] REAL [0.5060616] FAKE [0.50812403] 
184 epoch LOSS [-1.41056987] Parameters [1.61229752 1.60115268 3.04678516 2.37203449 1.64971801 1.58056832
 3.22816306 2.15172911] REAL [0.49622084] FAKE [0.508275] 
185 epoch LOSS [-1.39780575] Parameters [1.61232987 1.60123232 3.04738225 2.35656789 1.64972025 1.5806349
 3.22858921 2.13636036] REAL [0.50080417] FAKE [0.50651638] 
186 epoch LOSS [-1.40531814] Parameters [1.61242705 1.60116714 3.04792939 2.34204335 1.64976649 1.58064807
 3.22940649 2.12176734] REAL [0.50017677] FAKE [0.50959536] 
187 epoch LOSS [-1.39279215] Parameters [1.61247232 1.60115135 3.04855347 2.32815556 1.64976688 1.58069349
 3.23036574 2.10787045] REAL [0.50718014] FAKE [0.510271] 
188 epoch LOSS [-1.40642284] Parameters [1.61251668 1.60107936 3.04900449 2.31488677 1.64984738 1.58070473
 3.23061404 2.09462537] REAL [0.50139158] FAKE [0.51132369] 
189 epoch LOSS [-1.40951032] Parameters [1.61249874 1.60106326 3.04926614 2.30238785 1.6498567  1.58064341
 3.23133692 2.08225532] REAL [0.5002176] FAKE [0.51168679] 
190 epoch LOSS [-1.41193135] Parameters [1.61254452 1.60104244 3.04927855 2.29062485 1.64982947 1.58066632
 3.23145564 2.07038163] REAL [0.50103034] FAKE [0.51365777] 
191 epoch LOSS [-1.41136384] Parameters [1.61263726 1.60102181 3.04902527 2.27969297 1.64988004 1.58063748
 3.23132213 2.05937321] REAL [0.49934911] FAKE [0.51174332] 
192 epoch LOSS [-1.40215378] Parameters [1.61261212 1.6010038  3.04962701 2.26958825 1.64982226 1.58065082
 3.23207509 2.04928387] REAL [0.50525635] FAKE [0.51298698] 
193 epoch LOSS [-1.41209234] Parameters [1.61261963 1.60100473 3.05028722 2.26010081 1.64977838 1.58067544
 3.2325021  2.03968914] REAL [0.49958618] FAKE [0.51233042] 
194 epoch LOSS [-1.40358102] Parameters [1.61260811 1.6009996  3.05027974 2.25148535 1.64981778 1.5806505
 3.2324172  2.03103361] REAL [0.50412104] FAKE [0.51258635] 
195 epoch LOSS [-1.39104096] Parameters [1.61259802 1.60100564 3.05059933 2.24351282 1.64978154 1.5806471
 3.23266261 2.02308699] REAL [0.51071109] FAKE [0.51280447] 
196 epoch LOSS [-1.42299881] Parameters [1.6125847  1.6010302  3.04990139 2.2362995  1.64974588 1.58063508
 3.23236398 2.01596808] REAL [0.49469425] FAKE [0.51285011] 
197 epoch LOSS [-1.39408708] Parameters [1.61256622 1.60102517 3.0499565  2.22985625 1.64974199 1.58062971
 3.23256589 2.00929717] REAL [0.50843804] FAKE [0.51211481] 
198 epoch LOSS [-1.39153418] Parameters [1.61254357 1.60103984 3.05047615 2.22382243 1.64972328 1.58062144
 3.23296288 2.00330937] REAL [0.50924333] FAKE [0.51164118] 
199 epoch LOSS [-1.40412298] Parameters [1.61252085 1.60104254 3.0499094  2.2185479  1.64971156 1.5806271
 3.23267618 1.9981469 ] REAL [0.50230221] FAKE [0.51108649] 
200 epoch LOSS [-1.39350729] Parameters [1.61252102 1.60102001 3.04943602 2.21379569 1.64971803 1.58062229
 3.23222028 1.99349566] REAL [0.50742604] FAKE [0.51085826] 
201 epoch LOSS [-1.40848646] Parameters [1.61251022 1.60103375 3.04864635 2.20988762 1.64970915 1.58061605
 3.2322223  1.98960407] REAL [0.50029382] FAKE [0.51126104] 
202 epoch LOSS [-1.41183602] Parameters [1.61249926 1.60102951 3.04877813 2.20654955 1.64970631 1.58060659
 3.23221079 1.98618486] REAL [0.49797294] FAKE [0.51062513] 
203 epoch LOSS [-1.40563055] Parameters [1.61249578 1.60102165 3.04805844 2.20402709 1.64970291 1.5805981
 3.23152091 1.98352188] REAL [0.49957135] FAKE [0.50915442] 
204 epoch LOSS [-1.37458957] Parameters [1.6124973  1.60102638 3.0490065  2.20196511 1.649708   1.5805956
 3.23273465 1.98147005] REAL [0.51519337] FAKE [0.50903213] 
205 epoch LOSS [-1.37003241] Parameters [1.61249603 1.6010186  3.04885991 2.20049254 1.64970903 1.58061065
 3.23273472 1.98001382] REAL [0.51573488] FAKE [0.50730747] 
206 epoch LOSS [-1.40242706] Parameters [1.61250051 1.60103595 3.04915223 2.19972296 1.64971956 1.58061098
 3.2327207  1.97914423] REAL [0.49836593] FAKE [0.50638844] 
207 epoch LOSS [-1.3788704] Parameters [1.61250258 1.60105428 3.04858376 2.19956452 1.64971121 1.58060503
 3.23245888 1.9789543 ] REAL [0.51000655] FAKE [0.50615753] 
208 epoch LOSS [-1.36862209] Parameters [1.61251282 1.60103645 3.04913063 2.19989175 1.64972817 1.58060536
 3.23304755 1.97922234] REAL [0.51457339] FAKE [0.50549845] 
209 epoch LOSS [-1.37220879] Parameters [1.61249009 1.60102564 3.04962617 2.20071901 1.64973137 1.58063244
 3.23308473 1.98008618] REAL [0.51201278] FAKE [0.50480472] 
210 epoch LOSS [-1.39668134] Parameters [1.6124799  1.60100595 3.04947561 2.20220523 1.64971339 1.58064214
 3.23286433 1.98156545] REAL [0.50030689] FAKE [0.50547014] 
211 epoch LOSS [-1.35647186] Parameters [1.61249374 1.60098617 3.04957254 2.20425789 1.64974764 1.58062151
 3.23297845 1.98361736] REAL [0.5192983] FAKE [0.5040078] 
212 epoch LOSS [-1.36888148] Parameters [1.61247327 1.60104024 3.04961961 2.20686098 1.6497546  1.58060477
 3.23305294 1.9861783 ] REAL [0.512266] FAKE [0.50339991] 
213 epoch LOSS [-1.37271055] Parameters [1.61245487 1.60102127 3.04935782 2.20980781 1.64981134 1.58059985
 3.23242528 1.98919191] REAL [0.50829436] FAKE [0.50143235] 
214 epoch LOSS [-1.37894983] Parameters [1.61242967 1.60104054 3.04871807 2.21336195 1.64984639 1.58060702
 3.23138234 1.99270665] REAL [0.50502029] FAKE [0.50132124] 
215 epoch LOSS [-1.34994186] Parameters [1.61242445 1.60097772 3.04893297 2.21739091 1.64986651 1.58061333
 3.23160764 1.99679837] REAL [0.51908032] FAKE [0.50054871] 
216 epoch LOSS [-1.37707876] Parameters [1.61244287 1.60096012 3.04934877 2.22185208 1.64983714 1.58061432
 3.2319672  2.00128596] REAL [0.50460758] FAKE [0.49997867] 
217 epoch LOSS [-1.36944121] Parameters [1.61238669 1.60089215 3.04912516 2.22677153 1.64981191 1.58062708
 3.23186389 2.00629943] REAL [0.50837617] FAKE [0.49988019] 
218 epoch LOSS [-1.35355509] Parameters [1.61237802 1.60090098 3.04870339 2.2321677  1.6497986  1.58059441
 3.23119648 2.01164773] REAL [0.51566282] FAKE [0.49905197] 
219 epoch LOSS [-1.36410238] Parameters [1.61238974 1.60094794 3.04858659 2.23802308 1.64973833 1.58059926
 3.23137489 2.01752895] REAL [0.51045438] FAKE [0.49925004] 
220 epoch LOSS [-1.3817469] Parameters [1.6123922  1.60098557 3.04885173 2.24429305 1.64981894 1.5805653
 3.23151456 2.02377085] REAL [0.50299519] FAKE [0.50071201] 
221 epoch LOSS [-1.35634139] Parameters [1.61237641 1.60099037 3.04887767 2.25104343 1.64978316 1.58056436
 3.23198672 2.03049796] REAL [0.51502337] FAKE [0.49982558] 
222 epoch LOSS [-1.37112489] Parameters [1.61235247 1.60098646 3.04904677 2.25816971 1.64972147 1.58063363
 3.23232929 2.03756701] REAL [0.50584052] FAKE [0.49821877] 
223 epoch LOSS [-1.36908485] Parameters [1.61228526 1.60108328 3.0491286  2.26556122 1.64976298 1.58056977
 3.2323604  2.04491724] REAL [0.50554833] FAKE [0.49690347] 
224 epoch LOSS [-1.36898932] Parameters [1.61233245 1.60109916 3.04949891 2.27333295 1.64989295 1.58057576
 3.2325163  2.05271293] REAL [0.50678814] FAKE [0.4980863] 
225 epoch LOSS [-1.34714046] Parameters [1.61225365 1.6011525  3.04958017 2.28141245 1.64999301 1.58063448
 3.23223857 2.06081108] REAL [0.5194971] FAKE [0.49954941] 
226 epoch LOSS [-1.36266239] Parameters [1.61231261 1.60118375 3.04969299 2.28972348 1.64992319 1.58068123
 3.23205404 2.06918514] REAL [0.51064339] FAKE [0.49871406] 
227 epoch LOSS [-1.36434057] Parameters [1.6122358  1.60118786 3.04995216 2.29854234 1.64995605 1.5807012
 3.23221765 2.0779731 ] REAL [0.50922267] FAKE [0.49815837] 
228 epoch LOSS [-1.36687796] Parameters [1.61231994 1.60108205 3.05031333 2.3076258  1.64994232 1.58057612
 3.23252727 2.08700212] REAL [0.50818501] FAKE [0.498408] 
229 epoch LOSS [-1.36066346] Parameters [1.61239665 1.60114529 3.04931193 2.31684092 1.6498896  1.58059182
 3.2321444  2.09621125] REAL [0.5101054] FAKE [0.49718127] 
230 epoch LOSS [-1.36204831] Parameters [1.61241271 1.601189   3.04932783 2.32618163 1.64983902 1.58053677
 3.23186492 2.10554616] REAL [0.51029324] FAKE [0.49806195] 
231 epoch LOSS [-1.34712807] Parameters [1.61239437 1.60123821 3.04972306 2.33581114 1.64988997 1.58052382
 3.23208515 2.11514362] REAL [0.51714412] FAKE [0.49726616] 
232 epoch LOSS [-1.37571347] Parameters [1.61253649 1.60119346 3.04995782 2.34550374 1.64976248 1.58054292
 3.23189178 2.12481911] REAL [0.5013951] FAKE [0.49608749] 
233 epoch LOSS [-1.36741821] Parameters [1.6124609  1.60110251 3.05076358 2.35531922 1.6497972  1.5806472
 3.23241606 2.13460678] REAL [0.50714642] FAKE [0.49765226] 
234 epoch LOSS [-1.37942795] Parameters [1.61244021 1.60117562 3.05045263 2.36516676 1.64980112 1.58058969
 3.23221482 2.14448333] REAL [0.50042975] FAKE [0.49698732] 
235 epoch LOSS [-1.37257626] Parameters [1.61242321 1.60128523 3.05112426 2.37505646 1.64978998 1.58066151
 3.23270355 2.15442049] REAL [0.50302053] FAKE [0.49613755] 
236 epoch LOSS [-1.37527609] Parameters [1.61247198 1.60126018 3.05158375 2.38503596 1.6498619  1.58068244
 3.23330959 2.16435117] REAL [0.5041066] FAKE [0.49857868] 
237 epoch LOSS [-1.3921973] Parameters [1.61233598 1.60124754 3.05137485 2.39503706 1.64988565 1.58069165
 3.23359977 2.17440715] REAL [0.49644952] FAKE [0.49938795] 
238 epoch LOSS [-1.36557535] Parameters [1.61233776 1.60127979 3.05161455 2.40491888 1.64995067 1.58052677
 3.23399057 2.18433643] REAL [0.511571] FAKE [0.50107848] 
239 epoch LOSS [-1.37097474] Parameters [1.61238304 1.60123219 3.05122393 2.4148233  1.64990248 1.58050387
 3.23383512 2.19415868] REAL [0.50681401] FAKE [0.49910739] 
240 epoch LOSS [-1.37052107] Parameters [1.61237851 1.60131187 3.05047642 2.42445945 1.64989373 1.58049669
 3.23355789 2.20391329] REAL [0.50638608] FAKE [0.49845662] 
241 epoch LOSS [-1.3657941] Parameters [1.61237532 1.60122294 3.05116086 2.43400661 1.64984305 1.58044455
 3.23421065 2.21343177] REAL [0.50751405] FAKE [0.49720021] 
242 epoch LOSS [-1.39341652] Parameters [1.61238216 1.60122413 3.05091973 2.44366154 1.64991893 1.58049325
 3.23424681 2.22298606] REAL [0.49491381] FAKE [0.49844643] 
243 epoch LOSS [-1.39449902] Parameters [1.61234258 1.60117239 3.05044123 2.45292441 1.64984073 1.58044858
 3.23390009 2.23219435] REAL [0.49605378] FAKE [0.50014044] 
244 epoch LOSS [-1.3680833] Parameters [1.61230319 1.60128145 3.05033368 2.46198971 1.64974246 1.58047217
 3.23386641 2.24133306] REAL [0.50832817] FAKE [0.49915332] 
245 epoch LOSS [-1.36302696] Parameters [1.61218486 1.6012497  3.05003658 2.47083536 1.64975374 1.5804411
 3.23387954 2.25017468] REAL [0.51149234] FAKE [0.49972849] 
246 epoch LOSS [-1.37196495] Parameters [1.61223068 1.60120507 3.04963349 2.47966195 1.64973002 1.58039401
 3.23384826 2.25895181] REAL [0.50634015] FAKE [0.49913483] 
247 epoch LOSS [-1.38481814] Parameters [1.61224222 1.60115411 3.04923989 2.48806801 1.64970141 1.58032087
 3.23291509 2.26753454] REAL [0.50043615] FAKE [0.49969776] 
248 epoch LOSS [-1.4083594] Parameters [1.61222846 1.60119329 3.0491695  2.49626131 1.64964848 1.58037403
 3.2328434  2.27572458] REAL [0.49108229] FAKE [0.50203019] 
249 epoch LOSS [-1.36801162] Parameters [1.61216435 1.60124037 3.04937502 2.50414853 1.64961499 1.58038925
 3.23325072 2.28354693] REAL [0.51004026] FAKE [0.50079878] 
250 epoch LOSS [-1.37311875] Parameters [1.612166   1.60120313 3.04942246 2.51179462 1.6496586  1.58039579
 3.23314902 2.29113254] REAL [0.50934934] FAKE [0.50266805] 
251 epoch LOSS [-1.38129348] Parameters [1.6121528  1.60121491 3.049037   2.51897679 1.64968224 1.58034987
 3.23265106 2.29837652] REAL [0.50366838] FAKE [0.50115321] 
252 epoch LOSS [-1.41243796] Parameters [1.61216899 1.60124958 3.04947652 2.52591022 1.64964892 1.58036636
 3.23330073 2.30525388] REAL [0.48787861] FAKE [0.50080043] 
253 epoch LOSS [-1.39755999] Parameters [1.61215525 1.60127952 3.04956433 2.53255746 1.64964734 1.58034558
 3.23323991 2.31192155] REAL [0.49485624] FAKE [0.50046219] 
254 epoch LOSS [-1.40885756] Parameters [1.61213512 1.6012402  3.04981602 2.53896887 1.64965117 1.58038071
 3.23336657 2.3182409 ] REAL [0.4904104] FAKE [0.5015963] 
255 epoch LOSS [-1.4123901] Parameters [1.61214892 1.60126763 3.04999918 2.54489019 1.64968455 1.58032068
 3.23287152 2.32418489] REAL [0.48763215] FAKE [0.50052421] 
256 epoch LOSS [-1.40809812] Parameters [1.61209826 1.60126692 3.05024184 2.55038289 1.64970947 1.58031041
 3.2333826  2.3296333 ] REAL [0.49154122] FAKE [0.50236511] 
257 epoch LOSS [-1.37560017] Parameters [1.6120973  1.60124264 3.05038743 2.55565613 1.64971721 1.58035222
 3.23350987 2.33489064] REAL [0.50603963] FAKE [0.50065592] 
258 epoch LOSS [-1.39231582] Parameters [1.61214584 1.60125279 3.05030289 2.56051304 1.64971912 1.58033901
 3.23285183 2.33976739] REAL [0.49716969] FAKE [0.50017235] 
259 epoch LOSS [-1.39813611] Parameters [1.61213588 1.60125872 3.05063507 2.56483691 1.64973037 1.58032524
 3.23305979 2.34417764] REAL [0.49461759] FAKE [0.50050902] 
260 epoch LOSS [-1.37794947] Parameters [1.61210016 1.60126297 3.05087149 2.56890669 1.64972084 1.58033683
 3.23342786 2.34816419] REAL [0.50409967] FAKE [0.4999105] 
261 epoch LOSS [-1.39820348] Parameters [1.61210792 1.60129498 3.0511321  2.57276681 1.64971541 1.58034163
 3.23337508 2.35195736] REAL [0.49458372] FAKE [0.50050847] 
262 epoch LOSS [-1.38946907] Parameters [1.61212743 1.60127186 3.05136479 2.5761643  1.64970027 1.58033907
 3.23391225 2.3553739 ] REAL [0.49929805] FAKE [0.50088413] 
263 epoch LOSS [-1.40838149] Parameters [1.6121092  1.60128092 3.05108553 2.5791764  1.64969913 1.5803232
 3.23347306 2.35848262] REAL [0.4893864] FAKE [0.5003156] 
264 epoch LOSS [-1.41379652] Parameters [1.61207934 1.60127277 3.05106661 2.58177593 1.64970473 1.5803326
 3.23341799 2.36119626] REAL [0.48675475] FAKE [0.50032712] 
265 epoch LOSS [-1.39461088] Parameters [1.61208264 1.60127667 3.0510073  2.58413364 1.64970167 1.58033066
 3.23305823 2.36355242] REAL [0.49686418] FAKE [0.50101154] 
266 epoch LOSS [-1.37361455] Parameters [1.61209841 1.60127466 3.05142532 2.58614236 1.64969867 1.58032856
 3.23288867 2.36557919] REAL [0.50478165] FAKE [0.49841652] 
267 epoch LOSS [-1.40784671] Parameters [1.61209721 1.60128227 3.05115342 2.58796335 1.64969577 1.58032716
 3.23308696 2.36737378] REAL [0.48821027] FAKE [0.49884389] 
268 epoch LOSS [-1.3773635] Parameters [1.61210097 1.60128901 3.05142792 2.58914033 1.64969853 1.58031574
 3.23353978 2.36858982] REAL [0.50357839] FAKE [0.49909941] 
269 epoch LOSS [-1.40048083] Parameters [1.61210677 1.60129507 3.0514632  2.59031345 1.64969631 1.58031132
 3.23375985 2.36984501] REAL [0.49256738] FAKE [0.49960466] 
270 epoch LOSS [-1.39356332] Parameters [1.61211279 1.60130225 3.05104961 2.59093991 1.64969422 1.58030417
 3.23327037 2.37049941] REAL [0.49653359] FAKE [0.50015597] 
271 epoch LOSS [-1.37747772] Parameters [1.61210456 1.60129962 3.05054855 2.59132792 1.64968631 1.58029679
 3.23262814 2.37097797] REAL [0.50340288] FAKE [0.498982] 
272 epoch LOSS [-1.37528976] Parameters [1.61211491 1.60129566 3.05038398 2.591396   1.6496914  1.58029178
 3.23250532 2.37104857] REAL [0.50373085] FAKE [0.49821151] 
273 epoch LOSS [-1.39947373] Parameters [1.61210762 1.60129537 3.05081813 2.59125052 1.64968037 1.58029814
 3.23265486 2.3709036 ] REAL [0.49225549] FAKE [0.49878309] 
274 epoch LOSS [-1.36789138] Parameters [1.61209493 1.60127722 3.04992402 2.59087463 1.6496877  1.58029296
 3.23194729 2.37051128] REAL [0.50816763] FAKE [0.49889894] 
275 epoch LOSS [-1.37597745] Parameters [1.61210893 1.60126853 3.05045692 2.59019403 1.64969613 1.58029566
 3.23244526 2.36982773] REAL [0.50360231] FAKE [0.49842848] 
276 epoch LOSS [-1.36479258] Parameters [1.61212668 1.60127038 3.0502059  2.58931077 1.64969942 1.58029894
 3.23191743 2.3689317 ] REAL [0.507691] FAKE [0.49687181] 
277 epoch LOSS [-1.39926782] Parameters [1.61213216 1.60128135 3.04955847 2.5880096  1.64970655 1.58027536
 3.23159456 2.3676954 ] REAL [0.49013767] FAKE [0.49651374] 
278 epoch LOSS [-1.38692222] Parameters [1.61217469 1.60129345 3.04993926 2.5864392  1.64972796 1.58029962
 3.23180779 2.3661289 ] REAL [0.4958543] FAKE [0.49613609] 
279 epoch LOSS [-1.38812691] Parameters [1.61220798 1.60128391 3.05021673 2.58465211 1.64971876 1.58026579
 3.23182473 2.36443734] REAL [0.49498575] FAKE [0.49585967] 
280 epoch LOSS [-1.39090649] Parameters [1.61222238 1.601244   3.04971854 2.58277744 1.64974667 1.58028601
 3.23156355 2.36253212] REAL [0.49500768] FAKE [0.49728129] 
281 epoch LOSS [-1.36633217] Parameters [1.61223995 1.60125975 3.04992529 2.58048298 1.64976822 1.58028385
 3.23153207 2.36021626] REAL [0.50656726] FAKE [0.49653144] 
282 epoch LOSS [-1.36902769] Parameters [1.61221603 1.60125915 3.04971217 2.57793704 1.64975101 1.58028506
 3.23141247 2.35773411] REAL [0.50552426] FAKE [0.49685075] 
283 epoch LOSS [-1.39953815] Parameters [1.61223134 1.60126981 3.05007653 2.57516336 1.64975597 1.58026265
 3.2319366  2.35503689] REAL [0.48993323] FAKE [0.49643979] 
284 epoch LOSS [-1.37390918] Parameters [1.61221707 1.60126569 3.04969804 2.57219471 1.6497857  1.58029056
 3.23166127 2.35209335] REAL [0.5023501] FAKE [0.49613715] 
285 epoch LOSS [-1.38940591] Parameters [1.61222536 1.60125501 3.04949014 2.56911009 1.64978327 1.58033614
 3.23142593 2.34919483] REAL [0.49496824] FAKE [0.49648624] 
286 epoch LOSS [-1.3972587] Parameters [1.61222145 1.60124604 3.04957714 2.565854   1.64979655 1.58031653
 3.23165128 2.34587714] REAL [0.49196799] FAKE [0.49737809] 
287 epoch LOSS [-1.3636181] Parameters [1.61223951 1.60123462 3.04946693 2.56262887 1.64978044 1.5802963
 3.2314233  2.34256896] REAL [0.508327] FAKE [0.49691078] 
288 epoch LOSS [-1.38291328] Parameters [1.61223196 1.60119387 3.04981967 2.55896893 1.64976745 1.58030903
 3.23162496 2.33897234] REAL [0.49917529] FAKE [0.49747773] 
289 epoch LOSS [-1.3820104] Parameters [1.61220995 1.60118861 3.05012834 2.5552311  1.64978072 1.58028006
 3.23173601 2.33531631] REAL [0.49925599] FAKE [0.49710511] 
290 epoch LOSS [-1.40337506] Parameters [1.61224264 1.60120125 3.05050598 2.55139732 1.64977295 1.58026454
 3.2322205  2.33148895] REAL [0.48950152] FAKE [0.49792579] 
291 epoch LOSS [-1.38112997] Parameters [1.6122215  1.60120903 3.05019712 2.54741676 1.64974498 1.58026962
 3.23211076 2.32756319] REAL [0.49964594] FAKE [0.49705498] 
292 epoch LOSS [-1.36953321] Parameters [1.6122169  1.60119172 3.04981036 2.54336685 1.64974207 1.58025385
 3.23164609 2.32339645] REAL [0.50628465] FAKE [0.49786034] 
293 epoch LOSS [-1.37645383] Parameters [1.61220391 1.60120541 3.05005393 2.5391481  1.64975109 1.58028705
 3.23179012 2.31924578] REAL [0.50226008] FAKE [0.49732761] 
294 epoch LOSS [-1.3906628] Parameters [1.61217914 1.60114336 3.0503299  2.53491357 1.64976631 1.58029824
 3.23210196 2.31500885] REAL [0.49553428] FAKE [0.49769313] 
295 epoch LOSS [-1.39304068] Parameters [1.61219654 1.60119477 3.05028346 2.53049733 1.64975847 1.58032378
 3.23280979 2.31061249] REAL [0.49319171] FAKE [0.49650593] 
296 epoch LOSS [-1.37461952] Parameters [1.61221656 1.60120092 3.04973245 2.5263569  1.6497855  1.58031891
 3.23268895 2.3064326 ] REAL [0.50378931] FAKE [0.49793334] 
297 epoch LOSS [-1.38743172] Parameters [1.61221747 1.601213   3.04998838 2.52192776 1.64977409 1.5803236
 3.23296913 2.30199043] REAL [0.49772836] FAKE [0.49828894] 
298 epoch LOSS [-1.37964634] Parameters [1.61217535 1.60125701 3.04955116 2.51751388 1.64983335 1.58031885
 3.23287544 2.29754326] REAL [0.50130802] FAKE [0.49797822] 
299 epoch LOSS [-1.37807386] Parameters [1.61215155 1.60121815 3.05010975 2.51304876 1.64980944 1.58026594
 3.2329199  2.29300175] REAL [0.50208363] FAKE [0.49796492] 
