RUN 07_12_2021__22_25_51 
0 epoch LOSS [-1.25497776] Parameters [1.63066793 1.41155837 1.54799818 1.4416437  1.59505299 1.57632989
 1.59412361 1.54826527] REAL [0.47479817] FAKE [0.39957184] 
1 epoch LOSS [-1.24279362] Parameters [1.63066582 1.41156156 1.54794042 1.44087019 1.59505535 1.57632474
 1.59416781 1.54752814] REAL [0.48835175] FAKE [0.40907979] 
2 epoch LOSS [-1.22654039] Parameters [1.630661   1.41155554 1.54787419 1.43996438 1.59506226 1.57632491
 1.59417094 1.54663237] REAL [0.50251349] FAKE [0.41632303] 
3 epoch LOSS [-1.21233456] Parameters [1.63065954 1.41155899 1.54782002 1.43892011 1.59505534 1.57631865
 1.59406788 1.54556963] REAL [0.51421953] FAKE [0.42144956] 
4 epoch LOSS [-1.20516983] Parameters [1.63064931 1.41155247 1.54782134 1.43776508 1.59505704 1.57631935
 1.59412003 1.54441093] REAL [0.52078216] FAKE [0.42463254] 
5 epoch LOSS [-1.18510299] Parameters [1.63064791 1.4115416  1.54780824 1.43641799 1.5950598  1.57631124
 1.59411047 1.54309472] REAL [0.53315684] FAKE [0.4265952] 
6 epoch LOSS [-1.17654218] Parameters [1.63064333 1.41153334 1.54768648 1.43485469 1.59506102 1.57632378
 1.59418922 1.54156194] REAL [0.53860537] FAKE [0.42751574] 
7 epoch LOSS [-1.16859781] Parameters [1.63064673 1.41153005 1.5476731  1.43328829 1.59505706 1.57631212
 1.59410462 1.53996089] REAL [0.5427584] FAKE [0.42736504] 
8 epoch LOSS [-1.15908913] Parameters [1.63065771 1.41153006 1.5472438  1.43148593 1.59505893 1.57631501
 1.59388404 1.53817962] REAL [0.54761913] FAKE [0.4270254] 
9 epoch LOSS [-1.13923761] Parameters [1.63064906 1.41154084 1.54749738 1.42967178 1.59505799 1.57633166
 1.59414587 1.53627755] REAL [0.55693055] FAKE [0.42530906] 
10 epoch LOSS [-1.1229109] Parameters [1.63066911 1.41154167 1.547594   1.42750655 1.5950491  1.57632471
 1.59403011 1.5341634 ] REAL [0.56419332] FAKE [0.42336891] 
11 epoch LOSS [-1.11170871] Parameters [1.63066105 1.41152957 1.54726755 1.42526358 1.5950609  1.57632292
 1.59357387 1.53191031] REAL [0.56855406] FAKE [0.42134558] 
12 epoch LOSS [-1.10627351] Parameters [1.63068542 1.41152656 1.54695843 1.42285713 1.59504254 1.57633516
 1.5934766  1.52937598] REAL [0.56883442] FAKE [0.41847867] 
13 epoch LOSS [-1.0942386] Parameters [1.63067787 1.41152071 1.54674791 1.42038798 1.59504713 1.57632948
 1.59344253 1.52684211] REAL [0.57287067] FAKE [0.41558463] 
14 epoch LOSS [-1.06873369] Parameters [1.63067886 1.41150945 1.54677774 1.41781934 1.5950315  1.57635299
 1.59357549 1.52419265] REAL [0.58487436] FAKE [0.41279158] 
15 epoch LOSS [-1.06458113] Parameters [1.6306824  1.41151002 1.54694027 1.41493266 1.59504018 1.57632822
 1.59367697 1.52119585] REAL [0.58296481] FAKE [0.40841664] 
16 epoch LOSS [-1.04068704] Parameters [1.63067514 1.41150477 1.54648617 1.41172884 1.59505168 1.57632453
 1.59352538 1.51794857] REAL [0.59353158] FAKE [0.40489783] 
17 epoch LOSS [-1.02389649] Parameters [1.63068649 1.41149241 1.54616924 1.40824199 1.59506085 1.57631812
 1.59323743 1.51459837] REAL [0.59946667] FAKE [0.40081302] 
18 epoch LOSS [-1.02810055] Parameters [1.63066882 1.41148415 1.5461856  1.40463779 1.59504652 1.57631107
 1.5933944  1.51076785] REAL [0.59363703] FAKE [0.3974673] 
19 epoch LOSS [-1.01673743] Parameters [1.63065633 1.41148407 1.54645557 1.40060568 1.59503861 1.57630256
 1.59360294 1.50665574] REAL [0.59704668] FAKE [0.3940619] 
20 epoch LOSS [-0.9995359] Parameters [1.63064926 1.41144511 1.54671362 1.39630002 1.59504441 1.5763426
 1.59380387 1.502369  ] REAL [0.60320889] FAKE [0.38984617] 
21 epoch LOSS [-0.96315613] Parameters [1.63065655 1.41140365 1.54666005 1.39182012 1.59502023 1.57634021
 1.59361513 1.49791667] REAL [0.6201654] FAKE [0.38454107] 
22 epoch LOSS [-0.95195986] Parameters [1.63066319 1.4114023  1.54693078 1.38685672 1.59504511 1.57634459
 1.59387263 1.49316032] REAL [0.6228328] FAKE [0.38027701] 
23 epoch LOSS [-0.94918737] Parameters [1.63069459 1.41140548 1.546718   1.38181603 1.59502838 1.57633736
 1.59355127 1.48803866] REAL [0.62101848] FAKE [0.37674088] 
24 epoch LOSS [-0.94011274] Parameters [1.63074323 1.41141507 1.5469686  1.37620775 1.59502419 1.5763077
 1.59364653 1.48255597] REAL [0.62211755] FAKE [0.37217043] 
25 epoch LOSS [-0.91031665] Parameters [1.63073279 1.41144224 1.5467757  1.37041391 1.59502424 1.57630247
 1.59314179 1.47691058] REAL [0.63744615] FAKE [0.36873604] 
26 epoch LOSS [-0.89039378] Parameters [1.63072331 1.41148205 1.54645891 1.36404542 1.59501772 1.57632128
 1.59273269 1.47067847] REAL [0.6441495] FAKE [0.36273477] 
27 epoch LOSS [-0.89512416] Parameters [1.63068771 1.41146629 1.54607667 1.35741123 1.59497083 1.57632123
 1.59235756 1.4640287 ] REAL [0.63723388] FAKE [0.35885884] 
28 epoch LOSS [-0.87232626] Parameters [1.6306923  1.41149999 1.54546506 1.35053255 1.5949609  1.57631625
 1.59173733 1.45718623] REAL [0.64600424] FAKE [0.35297934] 
29 epoch LOSS [-0.84786888] Parameters [1.63071619 1.41150584 1.54529573 1.34299449 1.59497767 1.57637383
 1.59129233 1.44948065] REAL [0.6587399] FAKE [0.34977861] 
30 epoch LOSS [-0.8360745] Parameters [1.63073373 1.41150205 1.54550611 1.33519643 1.5949641  1.57633973
 1.59128374 1.44172536] REAL [0.65999727] FAKE [0.34331768] 
31 epoch LOSS [-0.83864966] Parameters [1.63066878 1.41147992 1.54549776 1.32661217 1.59501127 1.57638314
 1.59137487 1.43316251] REAL [0.65637089] FAKE [0.3413878] 
32 epoch LOSS [-0.79732579] Parameters [1.63060557 1.41152284 1.54536136 1.31731386 1.59497928 1.5763425
 1.59097953 1.42397145] REAL [0.68074068] FAKE [0.33817357] 
33 epoch LOSS [-0.79237587] Parameters [1.63066273 1.41151359 1.54541038 1.30787653 1.59491877 1.5763638
 1.59117589 1.41451145] REAL [0.67746722] FAKE [0.33167571] 
34 epoch LOSS [-0.76757171] Parameters [1.63064718 1.41152814 1.54532958 1.29773789 1.59496011 1.57637358
 1.59093049 1.4044957 ] REAL [0.6892401] FAKE [0.3265935] 
35 epoch LOSS [-0.76759687] Parameters [1.63072157 1.4116097  1.54550889 1.287045   1.5950218  1.57630112
 1.59126616 1.39401598] REAL [0.68563568] FAKE [0.3230704] 
36 epoch LOSS [-0.76616399] Parameters [1.63065797 1.41159802 1.54491235 1.27591098 1.59496538 1.57629035
 1.59057654 1.38269672] REAL [0.68251654] FAKE [0.3190017] 
37 epoch LOSS [-0.73853428] Parameters [1.63060744 1.41160948 1.54394366 1.26396953 1.59499774 1.57629843
 1.58933444 1.37059416] REAL [0.69828739] FAKE [0.31573482] 
38 epoch LOSS [-0.72778164] Parameters [1.63062079 1.41155373 1.54356021 1.25122176 1.59504305 1.57624668
 1.58846891 1.35797741] REAL [0.70248364] FAKE [0.31246907] 
39 epoch LOSS [-0.72800976] Parameters [1.63058348 1.4115498  1.54252816 1.23779579 1.59506675 1.57622618
 1.58764252 1.34437368] REAL [0.70005865] FAKE [0.31024485] 
40 epoch LOSS [-0.71432736] Parameters [1.63050287 1.4114696  1.5415658  1.22317032 1.59493532 1.57623823
 1.58650546 1.32977824] REAL [0.7033327] FAKE [0.30399756] 
41 epoch LOSS [-0.70251385] Parameters [1.63044698 1.41154068 1.53939505 1.20825078 1.59492985 1.57626741
 1.58482419 1.31475166] REAL [0.70528571] FAKE [0.29767678] 
42 epoch LOSS [-0.67596032] Parameters [1.63048251 1.41140834 1.53790002 1.19228722 1.59489132 1.57625953
 1.58341393 1.29859621] REAL [0.72188964] FAKE [0.29536639] 
43 epoch LOSS [-0.66151206] Parameters [1.63044616 1.4114531  1.53722354 1.17532567 1.59484761 1.5762442
 1.58240456 1.28179458] REAL [0.72951184] FAKE [0.29258116] 
44 epoch LOSS [-0.6436308] Parameters [1.63046145 1.41142938 1.53585935 1.15780769 1.59477363 1.5761949
 1.58115966 1.26413997] REAL [0.73800283] FAKE [0.28810382] 
45 epoch LOSS [-0.64034332] Parameters [1.63048731 1.411362   1.53416398 1.1387791  1.59481583 1.5762627
 1.57925032 1.24520706] REAL [0.74197811] FAKE [0.28958628] 
46 epoch LOSS [-0.63322262] Parameters [1.63047846 1.41146424 1.53263199 1.11919014 1.59500913 1.5763552
 1.57783886 1.22559457] REAL [0.74005132] FAKE [0.28264674] 
47 epoch LOSS [-0.63849787] Parameters [1.63020582 1.41143454 1.53011307 1.09794151 1.59494449 1.57637522
 1.57522219 1.20419743] REAL [0.7355352] FAKE [0.28203969] 
48 epoch LOSS [-0.61639317] Parameters [1.63018894 1.4114482  1.52829859 1.07587663 1.59495847 1.57641781
 1.57359068 1.18190988] REAL [0.74594349] FAKE [0.27623443] 
49 epoch LOSS [-0.61966469] Parameters [1.6300844  1.41163023 1.52652072 1.05237965 1.59495517 1.57653047
 1.57214854 1.15822838] REAL [0.74582434] FAKE [0.27848313] 
50 epoch LOSS [-0.60492041] Parameters [1.62994195 1.41163858 1.5243831  1.0275763  1.59490705 1.57669013
 1.56995275 1.13382325] REAL [0.75531012] FAKE [0.27696203] 
51 epoch LOSS [-0.60134021] Parameters [1.62988579 1.41146571 1.52013202 1.00177631 1.59491919 1.5766167
 1.56645701 1.10803053] REAL [0.75653577] FAKE [0.27554436] 
52 epoch LOSS [-0.63033591] Parameters [1.62980205 1.41146587 1.51670619 0.97477079 1.59491818 1.57686848
 1.56281695 1.08101974] REAL [0.73663551] FAKE [0.27723695] 
53 epoch LOSS [-0.60072217] Parameters [1.62993778 1.41152955 1.51269716 0.94688986 1.59483498 1.57682043
 1.55837792 1.05293093] REAL [0.75700584] FAKE [0.27554661] 
54 epoch LOSS [-0.58662692] Parameters [1.62987621 1.41140167 1.50841744 0.91799311 1.59464691 1.57678734
 1.55410715 1.02393419] REAL [0.76468725] FAKE [0.27264352] 
55 epoch LOSS [-0.62289503] Parameters [1.63000307 1.41135852 1.50387856 0.88784821 1.59448293 1.57685705
 1.54941866 0.99366232] REAL [0.74387606] FAKE [0.27892648] 
56 epoch LOSS [-0.6004937] Parameters [1.6301854  1.41154189 1.49779238 0.85680272 1.59447542 1.57665387
 1.54376425 0.96269969] REAL [0.76165994] FAKE [0.27980884] 
57 epoch LOSS [-0.59218182] Parameters [1.63012938 1.41169348 1.49180581 0.82504781 1.59444293 1.57661786
 1.53756505 0.93109456] REAL [0.76197027] FAKE [0.27409352] 
58 epoch LOSS [-0.62012482] Parameters [1.63006187 1.41141026 1.48597727 0.79254098 1.59407214 1.57647818
 1.53139145 0.89861423] REAL [0.75339957] FAKE [0.28606636] 
59 epoch LOSS [-0.61423336] Parameters [1.63033939 1.41139124 1.47886781 0.75994185 1.59409493 1.57652174
 1.52437881 0.86580722] REAL [0.76272957] FAKE [0.29063255] 
60 epoch LOSS [-0.6154349] Parameters [1.63032185 1.41156895 1.46986958 0.72749258 1.59429472 1.57669598
 1.51569669 0.83321069] REAL [0.74807299] FAKE [0.27760282] 
61 epoch LOSS [-0.62778101] Parameters [1.63050231 1.41179735 1.46126693 0.69496957 1.59424375 1.57686393
 1.50644925 0.80023767] REAL [0.74776847] FAKE [0.2861762] 
62 epoch LOSS [-0.63207856] Parameters [1.63018397 1.41180141 1.4514093  0.66247425 1.59414726 1.57688707
 1.49702491 0.76787001] REAL [0.73796504] FAKE [0.27979525] 
63 epoch LOSS [-0.64026738] Parameters [1.63045177 1.4118163  1.43993428 0.63078872 1.59423262 1.5768794
 1.48598903 0.73617008] REAL [0.74185682] FAKE [0.28941618] 
64 epoch LOSS [-0.65189354] Parameters [1.63069596 1.4120893  1.42800963 0.5995713  1.59426671 1.57674061
 1.47421531 0.70493217] REAL [0.73236247] FAKE [0.28852416] 
65 epoch LOSS [-0.62955145] Parameters [1.63077104 1.412137   1.41520076 0.56950377 1.59431643 1.57669471
 1.46154154 0.674689  ] REAL [0.74501277] FAKE [0.2848032] 
66 epoch LOSS [-0.66019917] Parameters [1.6306241  1.4120538  1.40085076 0.54021963 1.59429551 1.57644007
 1.44759442 0.64546113] REAL [0.72723137] FAKE [0.28943054] 
67 epoch LOSS [-0.62873956] Parameters [1.63057797 1.41195681 1.38576798 0.51232582 1.59432638 1.57614416
 1.43248549 0.61765947] REAL [0.75080362] FAKE [0.289743] 
68 epoch LOSS [-0.6413656] Parameters [1.63057872 1.41184982 1.36879944 0.48565828 1.59458596 1.57609712
 1.41553581 0.59112744] REAL [0.73588811] FAKE [0.28443899] 
69 epoch LOSS [-0.65530986] Parameters [1.63067488 1.41152508 1.35014796 0.46041735 1.59466265 1.57596141
 1.39682942 0.56620444] REAL [0.72965697] FAKE [0.28832157] 
70 epoch LOSS [-0.66440823] Parameters [1.63069824 1.41161321 1.32977872 0.4363046  1.59486214 1.57594323
 1.37709375 0.54218657] REAL [0.72586999] FAKE [0.29108799] 
71 epoch LOSS [-0.62877032] Parameters [1.63073057 1.41166405 1.30794332 0.41357097 1.59473893 1.57568103
 1.35520477 0.51940599] REAL [0.74719084] FAKE [0.28633075] 
72 epoch LOSS [-0.63217014] Parameters [1.6310203  1.41180692 1.28343477 0.391967   1.59486125 1.57588522
 1.33031882 0.49765811] REAL [0.74110353] FAKE [0.28291091] 
73 epoch LOSS [-0.63205308] Parameters [1.63123217 1.41172011 1.25785012 0.37180363 1.59498147 1.57602934
 1.30472796 0.47727162] REAL [0.74067946] FAKE [0.28241635] 
74 epoch LOSS [-0.64414175] Parameters [1.63110328 1.41167856 1.23024218 0.35318883 1.59513659 1.57628031
 1.2772136  0.4584799 ] REAL [0.72694253] FAKE [0.27764162] 
75 epoch LOSS [-0.66241057] Parameters [1.63085355 1.41148834 1.19995815 0.33528223 1.59555629 1.57638133
 1.24670487 0.44048392] REAL [0.71782866] FAKE [0.28171309] 
76 epoch LOSS [-0.67691451] Parameters [1.63061931 1.41165211 1.1673213  0.31855377 1.59536649 1.57634808
 1.21420203 0.42364659] REAL [0.71414214] FAKE [0.28840137] 
77 epoch LOSS [-0.64488727] Parameters [1.63093862 1.41180082 1.13375225 0.3028368  1.59561712 1.57626106
 1.18041186 0.40776701] REAL [0.74174994] FAKE [0.29258951] 
78 epoch LOSS [-0.6871209] Parameters [1.63118564 1.41206697 1.0979473  0.28775305 1.59530041 1.57609136
 1.1449462  0.39311443] REAL [0.70450479] FAKE [0.28599174] 
79 epoch LOSS [-0.67107998] Parameters [1.63125631 1.41235732 1.06028483 0.27375857 1.59533147 1.57575174
 1.10728329 0.37925056] REAL [0.72919231] FAKE [0.29901038] 
80 epoch LOSS [-0.69143147] Parameters [1.63152637 1.41245663 1.02138821 0.26070229 1.59521114 1.57592956
 1.06824409 0.36643555] REAL [0.71317761] FAKE [0.29770847] 
81 epoch LOSS [-0.70878921] Parameters [1.63128988 1.41212965 0.98133607 0.24875393 1.59553388 1.57567155
 1.02857507 0.3546509 ] REAL [0.71058104] FAKE [0.30727136] 
82 epoch LOSS [-0.73763604] Parameters [1.63113533 1.41223502 0.94144352 0.23808344 1.59545451 1.57590116
 0.98872563 0.34426303] REAL [0.68587193] FAKE [0.30272241] 
83 epoch LOSS [-0.72809664] Parameters [1.63112352 1.41189385 0.90146745 0.22827935 1.59550606 1.57586326
 0.94876694 0.33438261] REAL [0.70184061] FAKE [0.31205589] 
84 epoch LOSS [-0.75821927] Parameters [1.63061496 1.41147094 0.86153279 0.22072987 1.59592058 1.57573309
 0.90919757 0.32656875] REAL [0.6970825] FAKE [0.32791318] 
85 epoch LOSS [-0.75188938] Parameters [1.63100507 1.41165845 0.8223478  0.21403689 1.59568152 1.57600952
 0.87021329 0.3199346 ] REAL [0.6869514] FAKE [0.31367064] 
86 epoch LOSS [-0.75919258] Parameters [1.63065031 1.4116254  0.78381355 0.20906367 1.59574436 1.57596429
 0.83181612 0.31512328] REAL [0.68634709] FAKE [0.31806488] 
87 epoch LOSS [-0.79199519] Parameters [1.63040118 1.41134707 0.74634037 0.20536023 1.59573798 1.57622991
 0.79404781 0.31151251] REAL [0.67690785] FAKE [0.33086876] 
88 epoch LOSS [-0.7981859] Parameters [1.63062341 1.41103667 0.71032427 0.20489544 1.59576366 1.57644568
 0.75779266 0.31027588] REAL [0.67758634] FAKE [0.33566425] 
89 epoch LOSS [-0.78448104] Parameters [1.63053653 1.41103802 0.67493414 0.20525726 1.59577466 1.57700188
 0.72285401 0.31100462] REAL [0.6943238] FAKE [0.3427325] 
90 epoch LOSS [-0.85107194] Parameters [1.6307291  1.41083384 0.64069566 0.20755792 1.59565939 1.57690451
 0.68857835 0.31296726] REAL [0.64204442] FAKE [0.33500394] 
91 epoch LOSS [-0.79614173] Parameters [1.63075202 1.41064764 0.60803925 0.21178677 1.59571718 1.57666353
 0.65586356 0.31713836] REAL [0.68671712] FAKE [0.3431561] 
92 epoch LOSS [-0.8449944] Parameters [1.63071375 1.41033274 0.57638414 0.21909276 1.59567493 1.57639478
 0.62421462 0.32385316] REAL [0.66070499] FAKE [0.34984635] 
93 epoch LOSS [-0.8243408] Parameters [1.63084655 1.41037491 0.54644427 0.22891141 1.59529653 1.57661529
 0.59431471 0.33326747] REAL [0.67128571] FAKE [0.3467402] 
94 epoch LOSS [-0.8775212] Parameters [1.63099396 1.41046367 0.51706745 0.24133968 1.59517891 1.57640599
 0.56500412 0.34591316] REAL [0.64291301] FAKE [0.353237] 
95 epoch LOSS [-0.89109219] Parameters [1.63095078 1.41036249 0.4888432  0.25698238 1.59505479 1.57660158
 0.53655359 0.36074573] REAL [0.62768083] FAKE [0.34647122] 
96 epoch LOSS [-0.91843522] Parameters [1.6310638  1.40985977 0.46121006 0.2748443  1.5951389  1.57674989
 0.50881966 0.3791235 ] REAL [0.61714593] FAKE [0.35324353] 
97 epoch LOSS [-0.90861944] Parameters [1.6312858  1.40950148 0.43437188 0.29718176 1.59486066 1.57662455
 0.48157564 0.40009019] REAL [0.61991189] FAKE [0.34977805] 
98 epoch LOSS [-0.94574533] Parameters [1.6311163  1.4094436  0.40663349 0.3234599  1.59488858 1.57685004
 0.45425617 0.42627703] REAL [0.60820041] FAKE [0.36141117] 
99 epoch LOSS [-0.86806861] Parameters [1.63170159 1.40920855 0.37957253 0.35531966 1.59410307 1.57697272
 0.42715474 0.45839598] REAL [0.6592549] FAKE [0.36327892] 
100 epoch LOSS [-0.91929162] Parameters [1.6317459  1.40958922 0.35204958 0.39163885 1.59420174 1.57722931
 0.39948088 0.49471728] REAL [0.63093434] FAKE [0.36791926] 
101 epoch LOSS [-1.0038693] Parameters [1.63164423 1.40967687 0.3239271  0.43467592 1.59442749 1.57714045
 0.37065509 0.53780541] REAL [0.59856816] FAKE [0.3877744] 
102 epoch LOSS [-0.96757493] Parameters [1.63155163 1.40932879 0.29438324 0.48489197 1.59404003 1.57711156
 0.34105612 0.58829963] REAL [0.62240311] FAKE [0.38945765] 
103 epoch LOSS [-1.00536855] Parameters [1.63177589 1.40937275 0.26323191 0.54232607 1.59410635 1.57739408
 0.30906987 0.6446164 ] REAL [0.60861212] FAKE [0.39878004] 
104 epoch LOSS [-1.02824919] Parameters [1.63087441 1.4087284  0.22930095 0.60781078 1.59412105 1.57824115
 0.27587102 0.70847734] REAL [0.6137414] FAKE [0.41729113] 
105 epoch LOSS [-1.09842914] Parameters [1.63056156 1.40902821 0.19423631 0.67898443 1.59381471 1.57758422
 0.24049591 0.77912702] REAL [0.60502529] FAKE [0.44895793] 
106 epoch LOSS [-1.24820649] Parameters [1.63093266 1.40841789 0.15707745 0.75507481 1.59395371 1.57770547
 0.20369918 0.85448848] REAL [0.57555296] FAKE [0.5013159] 
107 epoch LOSS [-1.35073153] Parameters [1.63105931 1.40827312 0.12186773 0.83496268 1.59504011 1.57683201
 0.16779652 0.93409546] REAL [0.53999076] FAKE [0.52026829] 
108 epoch LOSS [-1.47404103] Parameters [1.63188095 1.40791478 0.0887976  0.91281234 1.59619122 1.57651613
 0.1344601  1.01141281] REAL [0.51215701] FAKE [0.55287495] 
109 epoch LOSS [-1.4966728] Parameters [1.63273449 1.40759943 0.06025056 0.98652999 1.59619975 1.57656155
 0.10623475 1.08441201] REAL [0.51628187] FAKE [0.56637293] 
110 epoch LOSS [-1.64787885] Parameters [1.63236309 1.40757711 0.03657767 1.05264433 1.59654416 1.57611755
 0.08249667 1.15054551] REAL [0.45817368] FAKE [0.57994595] 
111 epoch LOSS [-1.6317906] Parameters [1.63278866 1.40758969 0.01913183 1.11000676 1.59659129 1.57653857
 0.06438683 1.20825416] REAL [0.48657126] FAKE [0.59804643] 
112 epoch LOSS [-1.75225124] Parameters [1.63271824 1.40754374 0.00740454 1.15953595 1.59689598 1.57617896
 0.05154335 1.25824205] REAL [0.43577607] FAKE [0.60212782] 
113 epoch LOSS [-1.66610398] Parameters [ 1.63293105e+00  1.40741807e+00 -3.38947150e-04  1.20113895e+00
  1.59706316e+00  1.57608333e+00  4.32978428e-02  1.29941864e+00] REAL [0.47413826] FAKE [0.60142025] 
114 epoch LOSS [-1.79661292] Parameters [ 1.63295986  1.40722647 -0.00757268  1.23620053  1.59699036  1.57582634
  0.03771779  1.33397827] REAL [0.41466182] FAKE [0.60001209] 
115 epoch LOSS [-1.7405142] Parameters [ 1.63241241  1.40706016 -0.01199542  1.26599573  1.59683315  1.57608122
  0.03195252  1.36345727] REAL [0.43603729] FAKE [0.59767163] 
116 epoch LOSS [-1.6693438] Parameters [ 1.63245162  1.40695076 -0.01529292  1.29024216  1.59673069  1.57614457
  0.02882006  1.38742641] REAL [0.46327155] FAKE [0.59339046] 
117 epoch LOSS [-1.76713661] Parameters [ 1.6323479   1.40703126 -0.01651662  1.3112819   1.59674517  1.57606406
  0.02721463  1.40844649] REAL [0.41385265] FAKE [0.58724097] 
118 epoch LOSS [-1.7107861] Parameters [ 1.63240808  1.40700691 -0.01988647  1.32872789  1.5966505   1.57607938
  0.0255368   1.42619358] REAL [0.43370239] FAKE [0.58330027] 
119 epoch LOSS [-1.66947579] Parameters [ 1.63227405  1.4069381  -0.02087272  1.3436218   1.59659872  1.57604577
  0.02505981  1.44115638] REAL [0.44598124] FAKE [0.5776823] 
120 epoch LOSS [-1.63561175] Parameters [ 1.63234204  1.40701804 -0.02263788  1.35593456  1.59654353  1.57610812
  0.02400808  1.45383088] REAL [0.45286931] FAKE [0.56978064] 
121 epoch LOSS [-1.64025473] Parameters [ 1.63231681  1.40701596 -0.02271332  1.36686865  1.59655959  1.57603394
  0.0250283   1.46465756] REAL [0.44414809] FAKE [0.56336492] 
122 epoch LOSS [-1.5549929] Parameters [ 1.63233842  1.40702093 -0.02325435  1.37590132  1.59654488  1.5760383
  0.02411593  1.47370553] REAL [0.4791122] FAKE [0.5592037] 
123 epoch LOSS [-1.56525586] Parameters [ 1.63232469  1.40699842 -0.02308843  1.38364863  1.59659923  1.57600241
  0.0243058   1.48150861] REAL [0.46928267] FAKE [0.55456586] 
124 epoch LOSS [-1.56176593] Parameters [ 1.63232746  1.40697995 -0.02397145  1.39033472  1.59660002  1.57601499
  0.02306702  1.48825474] REAL [0.46804644] FAKE [0.55182799] 
125 epoch LOSS [-1.61134108] Parameters [ 1.63232181  1.40699726 -0.02399685  1.39621769  1.59656007  1.57600106
  0.02384699  1.49402089] REAL [0.44212181] FAKE [0.54849608] 
126 epoch LOSS [-1.56963794] Parameters [ 1.63230777  1.40700879 -0.02352794  1.40122938  1.59654534  1.57598447
  0.02499923  1.49876755] REAL [0.45762222] FAKE [0.54521326] 
127 epoch LOSS [-1.4686714] Parameters [ 1.63230887  1.4070027  -0.02251041  1.40542103  1.59654068  1.5759773
  0.02588178  1.50299612] REAL [0.49816455] FAKE [0.53784112] 
128 epoch LOSS [-1.46828356] Parameters [ 1.63232616  1.40700412 -0.0245356   1.40868944  1.59654923  1.57596649
  0.02406736  1.50621562] REAL [0.49556821] FAKE [0.5352396] 
129 epoch LOSS [-1.451618] Parameters [ 1.63235286  1.40699644 -0.0240032   1.41151035  1.59653641  1.57595652
  0.02457265  1.50903581] REAL [0.49796959] FAKE [0.52970811] 
130 epoch LOSS [-1.42890137] Parameters [ 1.63235395  1.40699869 -0.02396712  1.41385195  1.59653088  1.57596647
  0.02453958  1.51141799] REAL [0.50526009] FAKE [0.52584425] 
131 epoch LOSS [-1.43731488] Parameters [ 1.63235385  1.40700445 -0.02412742  1.41560567  1.5965188   1.57596919
  0.02448237  1.51318027] REAL [0.49882419] FAKE [0.52375046] 
132 epoch LOSS [-1.45898002] Parameters [ 1.63235693  1.40699333 -0.02510356  1.41700334  1.59651657  1.57597117
  0.02333137  1.51459907] REAL [0.48338838] FAKE [0.51907559] 
133 epoch LOSS [-1.43748277] Parameters [ 1.63236668  1.40699067 -0.02538664  1.41789107  1.59652754  1.57596181
  0.02312033  1.51551082] REAL [0.49008876] FAKE [0.51534308] 
134 epoch LOSS [-1.42045729] Parameters [ 1.63236989  1.40699461 -0.02429924  1.41838498  1.59653015  1.57596241
  0.02330308  1.51597905] REAL [0.49300399] FAKE [0.50993599] 
135 epoch LOSS [-1.42843268] Parameters [ 1.63236089  1.40698206 -0.02437366  1.41845869  1.59652197  1.57596419
  0.02345112  1.51605852] REAL [0.48462012] FAKE [0.5054182] 
136 epoch LOSS [-1.43761053] Parameters [ 1.63236007  1.40699651 -0.02374337  1.41819505  1.59653503  1.57594897
  0.02442205  1.51576705] REAL [0.47610469] FAKE [0.50117154] 
137 epoch LOSS [-1.34480902] Parameters [ 1.63235947  1.4069849  -0.0244826   1.4175519   1.5965206   1.5759638
  0.02407519  1.51517149] REAL [0.51871026] FAKE [0.49762036] 
138 epoch LOSS [-1.36456268] Parameters [ 1.63235012  1.40699177 -0.02434071  1.41654816  1.59649005  1.57594834
  0.02401678  1.5142114 ] REAL [0.50438728] FAKE [0.4934599] 
139 epoch LOSS [-1.32032716] Parameters [ 1.63236363  1.40702447 -0.02312985  1.4151861   1.59647671  1.57596444
  0.02484647  1.51285658] REAL [0.52454975] FAKE [0.49090068] 
140 epoch LOSS [-1.31292588] Parameters [ 1.63238499  1.40700235 -0.02345914  1.41342977  1.59649896  1.57596045
  0.0248686   1.51109216] REAL [0.52442059] FAKE [0.4869924] 
141 epoch LOSS [-1.30649862] Parameters [ 1.63235287  1.40703278 -0.02310951  1.41149258  1.59650007  1.57596601
  0.02550075  1.50918882] REAL [0.52556139] FAKE [0.48480528] 
142 epoch LOSS [-1.30324586] Parameters [ 1.63237541  1.40703894 -0.02272346  1.40918187  1.59651025  1.57597778
  0.02556512  1.50685332] REAL [0.52224342] FAKE [0.47984289] 
143 epoch LOSS [-1.32807284] Parameters [ 1.63236328  1.40703512 -0.02222936  1.40631562  1.59649413  1.57596871
  0.02594998  1.50399101] REAL [0.5083557] FAKE [0.47873617] 
144 epoch LOSS [-1.34720356] Parameters [ 1.63233971  1.40705708 -0.02245411  1.40303852  1.59653256  1.57601567
  0.02567564  1.50074995] REAL [0.4962956] FAKE [0.47618672] 
145 epoch LOSS [-1.29710258] Parameters [ 1.63235911  1.40703367 -0.02423654  1.39956742  1.59654698  1.57598884
  0.02444945  1.49726373] REAL [0.51848662] FAKE [0.47284546] 
146 epoch LOSS [-1.27943631] Parameters [ 1.63238396  1.40704461 -0.02380834  1.39551874  1.59657721  1.57596664
  0.02449789  1.49325689] REAL [0.52396273] FAKE [0.46905752] 
147 epoch LOSS [-1.24801936] Parameters [ 1.63238727  1.40698268 -0.02374183  1.39103818  1.59658236  1.57599081
  0.02483864  1.48873384] REAL [0.5376174] FAKE [0.46602766] 
148 epoch LOSS [-1.25548816] Parameters [ 1.63233933  1.40697185 -0.02393815  1.3863117   1.59664412  1.57597733
  0.02510362  1.48396783] REAL [0.53047264] FAKE [0.46286256] 
149 epoch LOSS [-1.31841071] Parameters [ 1.63239733  1.40693203 -0.02318686  1.38058658  1.59662404  1.57596279
  0.02545047  1.47822668] REAL [0.49663604] FAKE [0.46125498] 
150 epoch LOSS [-1.26654767] Parameters [ 1.63243254  1.40690635 -0.02295561  1.37431397  1.59655486  1.57599117
  0.02580742  1.47204238] REAL [0.51893876] FAKE [0.45696324] 
151 epoch LOSS [-1.22222679] Parameters [ 1.63241145  1.40696783 -0.02310246  1.36738279  1.59656394  1.57599669
  0.02594947  1.46504559] REAL [0.53953459] FAKE [0.45402299] 
152 epoch LOSS [-1.27183362] Parameters [ 1.63237229  1.40699452 -0.02334248  1.35999728  1.59654803  1.57601979
  0.02575137  1.4576355 ] REAL [0.51369758] FAKE [0.45431483] 
153 epoch LOSS [-1.24588112] Parameters [ 1.63235146  1.40702979 -0.02370962  1.35184097  1.59659363  1.57599498
  0.02523774  1.4494537 ] REAL [0.52612792] FAKE [0.45319893] 
154 epoch LOSS [-1.22637641] Parameters [ 1.63235806  1.40710217 -0.02369774  1.34269933  1.59653438  1.57600116
  0.02523149  1.44052336] REAL [0.53178939] FAKE [0.44836499] 
155 epoch LOSS [-1.23347907] Parameters [ 1.63223389  1.40714906 -0.02391185  1.33276982  1.59648239  1.5760397
  0.0248238   1.43050491] REAL [0.52702667] FAKE [0.44731936] 
156 epoch LOSS [-1.21161648] Parameters [ 1.63223709  1.40704891 -0.02380936  1.32176861  1.59637633  1.57593611
  0.02500137  1.41956036] REAL [0.53497335] FAKE [0.44349445] 
157 epoch LOSS [-1.23014662] Parameters [ 1.63221044  1.40709132 -0.02434675  1.30982842  1.59633844  1.57593377
  0.02485264  1.40774184] REAL [0.52233054] FAKE [0.44048892] 
158 epoch LOSS [-1.17779222] Parameters [ 1.63214935  1.40712363 -0.02423162  1.29654049  1.59636873  1.57599933
  0.02512787  1.39428783] REAL [0.5482508] FAKE [0.43829012] 
159 epoch LOSS [-1.1719036] Parameters [ 1.63206703  1.4071512  -0.02482233  1.28206566  1.59642025  1.57594602
  0.02488007  1.37977798] REAL [0.55007792] FAKE [0.43684944] 
160 epoch LOSS [-1.16053322] Parameters [ 1.63220711  1.40723492 -0.02490664  1.26624965  1.5964884   1.57605148
  0.02488881  1.36437323] REAL [0.55696835] FAKE [0.43745625] 
161 epoch LOSS [-1.15937982] Parameters [ 1.63224684  1.40723392 -0.02496453  1.24897092  1.59652649  1.57590632
  0.02487872  1.34704558] REAL [0.55564937] FAKE [0.43547015] 
162 epoch LOSS [-1.17473173] Parameters [ 1.63201801  1.40718259 -0.02516068  1.23023526  1.59647369  1.57595076
  0.02517743  1.32832756] REAL [0.54727485] FAKE [0.43556361] 
163 epoch LOSS [-1.20406481] Parameters [ 1.63189924  1.40713196 -0.02541678  1.20987554  1.59650823  1.57605867
  0.02485117  1.30815322] REAL [0.53054365] FAKE [0.43459431] 
164 epoch LOSS [-1.16460156] Parameters [ 1.63190456  1.40723844 -0.02509245  1.18730458  1.59656788  1.57605173
  0.02499776  1.28571482] REAL [0.55165118] FAKE [0.43434007] 
165 epoch LOSS [-1.17955503] Parameters [ 1.63196899  1.40703307 -0.02517143  1.1633692   1.59673577  1.57623236
  0.02449928  1.2618545 ] REAL [0.54861508] FAKE [0.43965175] 
166 epoch LOSS [-1.18266194] Parameters [ 1.63188478  1.40682991 -0.02557297  1.13748067  1.59676207  1.57654803
  0.02369817  1.23613774] REAL [0.54565035] FAKE [0.43835485] 
167 epoch LOSS [-1.22418414] Parameters [ 1.63173913  1.40672161 -0.02519778  1.11043092  1.59660277  1.5762144
  0.02373924  1.20892195] REAL [0.51926] FAKE [0.43381453] 
168 epoch LOSS [-1.1698206] Parameters [ 1.63180288  1.40713267 -0.02493999  1.08109337  1.59655891  1.57626143
  0.02359856  1.17955478] REAL [0.5577857] FAKE [0.44347331] 
169 epoch LOSS [-1.22859114] Parameters [ 1.6315223   1.40710024 -0.02404273  1.0499551   1.59637084  1.57621172
  0.02405571  1.14851419] REAL [0.52336096] FAKE [0.44072124] 
170 epoch LOSS [-1.18226479] Parameters [ 1.63168578  1.40685346 -0.02459321  1.01696435  1.59659421  1.57636436
  0.02333115  1.11560826] REAL [0.55123668] FAKE [0.44382583] 
171 epoch LOSS [-1.19879258] Parameters [ 1.63139593  1.40673403 -0.02425949  0.98258734  1.59694713  1.5762581
  0.02392291  1.08144159] REAL [0.55367253] FAKE [0.45534936] 
172 epoch LOSS [-1.21800358] Parameters [ 1.63164809  1.40656161 -0.02386926  0.94692458  1.59686768  1.57632935
  0.02420973  1.04599887] REAL [0.54400168] FAKE [0.45621462] 
173 epoch LOSS [-1.2251285] Parameters [ 1.63152114  1.40673864 -0.02432603  0.91048488  1.59674325  1.57645428
  0.02318148  1.00941715] REAL [0.54878926] FAKE [0.46478553] 
174 epoch LOSS [-1.27059082] Parameters [ 1.63126585  1.4073485  -0.02477946  0.8731848   1.59706636  1.57634082
  0.02247615  0.97188739] REAL [0.52582639] FAKE [0.46623875] 
175 epoch LOSS [-1.28054075] Parameters [ 1.63149478  1.407236   -0.02370483  0.8357194   1.59735917  1.57647044
  0.02270531  0.93426747] REAL [0.5294073] FAKE [0.47509792] 
176 epoch LOSS [-1.36084525] Parameters [ 1.6311936   1.40717415 -0.0235428   0.7982532   1.59725372  1.57621598
  0.02270191  0.89680789] REAL [0.49985396] FAKE [0.4869623] 
177 epoch LOSS [-1.38504332] Parameters [ 1.63119734  1.40712156 -0.02343136  0.7610838   1.59718616  1.57600297
  0.02258252  0.8597566 ] REAL [0.49985257] FAKE [0.49922643] 
178 epoch LOSS [-1.38745601] Parameters [ 1.63132925  1.40707509 -0.02343185  0.72447377  1.59707281  1.57580889
  0.02178321  0.8232571 ] REAL [0.50235807] FAKE [0.50292476] 
179 epoch LOSS [-1.43777069] Parameters [ 1.63121741  1.40707382 -0.0227841   0.68925208  1.5971203   1.57583674
  0.02237489  0.78844388] REAL [0.48310633] FAKE [0.50847977] 
180 epoch LOSS [-1.43782597] Parameters [ 1.63149158  1.40706718 -0.02138356  0.6555439   1.59748593  1.57581009
  0.02301459  0.75441569] REAL [0.49016947] FAKE [0.51558916] 
181 epoch LOSS [-1.43788991] Parameters [ 1.63161853  1.40733836 -0.02254865  0.62370068  1.59744158  1.5755658
  0.02171111  0.72237177] REAL [0.49237887] FAKE [0.51779364] 
182 epoch LOSS [-1.47820224] Parameters [ 1.6316214   1.40739742 -0.02231527  0.59360672  1.59741522  1.57571362
  0.02171724  0.69252871] REAL [0.47719567] FAKE [0.52210947] 
183 epoch LOSS [-1.40069056] Parameters [ 1.63161418  1.40737698 -0.02283686  0.56609078  1.59750871  1.57559503
  0.02189369  0.66464734] REAL [0.51305191] FAKE [0.5196846] 
184 epoch LOSS [-1.46742319] Parameters [ 1.63177035  1.40737821 -0.02253765  0.54025535  1.59756019  1.57572751
  0.02250348  0.6387957 ] REAL [0.48549964] FAKE [0.5251928] 
185 epoch LOSS [-1.45979566] Parameters [ 1.63172454  1.40744822 -0.02158367  0.51641864  1.59772107  1.57573378
  0.02288501  0.61499748] REAL [0.49334633] FAKE [0.529167] 
186 epoch LOSS [-1.45991945] Parameters [ 1.63163541  1.40740266 -0.02194432  0.49529062  1.59775963  1.57576887
  0.02203945  0.59381898] REAL [0.49281715] FAKE [0.52871976] 
187 epoch LOSS [-1.50462422] Parameters [ 1.63157672  1.4074538  -0.02183191  0.47563171  1.59772055  1.57575996
  0.02240616  0.57422781] REAL [0.47159355] FAKE [0.52904204] 
188 epoch LOSS [-1.4931767] Parameters [ 1.63155106  1.40748443 -0.02205305  0.45816084  1.59769868  1.57576856
  0.02252097  0.55674368] REAL [0.47696506] FAKE [0.52898468] 
189 epoch LOSS [-1.51274227] Parameters [ 1.63156915  1.40749655 -0.02172415  0.4425668   1.59776461  1.57579532
  0.02194168  0.5409532 ] REAL [0.46795858] FAKE [0.52922113] 
190 epoch LOSS [-1.4058388] Parameters [ 1.6315229   1.40743131 -0.0215475   0.42902545  1.59791765  1.57573249
  0.02205681  0.52730531] REAL [0.51892873] FAKE [0.52756262] 
191 epoch LOSS [-1.42382984] Parameters [ 1.63153588  1.40737717 -0.02193655  0.41729866  1.59791896  1.57569552
  0.02214493  0.51538335] REAL [0.50678832] FAKE [0.52487054] 
192 epoch LOSS [-1.4869723] Parameters [ 1.63150844  1.40737022 -0.02234087  0.40706511  1.5979334   1.57569307
  0.02207477  0.50520379] REAL [0.47417551] FAKE [0.52326503] 
193 epoch LOSS [-1.44949745] Parameters [ 1.63150357  1.40736947 -0.02246956  0.39841488  1.59792509  1.5757148
  0.02185772  0.49649965] REAL [0.4907824] FAKE [0.52180804] 
194 epoch LOSS [-1.38525286] Parameters [ 1.63148791  1.40735687 -0.02267879  0.39123436  1.59793612  1.57574052
  0.02165667  0.48941167] REAL [0.52036438] FAKE [0.51906679] 
195 epoch LOSS [-1.47262449] Parameters [ 1.63148121  1.4073646  -0.02207501  0.3854007   1.59793495  1.57574
  0.02207001  0.48355774] REAL [0.4754913] FAKE [0.51771391] 
196 epoch LOSS [-1.37660412] Parameters [ 1.6314793   1.40735645 -0.02293933  0.38129766  1.59794194  1.57575858
  0.02190776  0.47943967] REAL [0.52027124] FAKE [0.51480244] 
197 epoch LOSS [-1.42943937] Parameters [ 1.63150679  1.40734697 -0.0230341   0.37848195  1.59795964  1.57575306
  0.02150966  0.47638205] REAL [0.49092008] FAKE [0.51225641] 
198 epoch LOSS [-1.39586203] Parameters [ 1.63149543  1.40734073 -0.02326776  0.37681388  1.59795323  1.57577789
  0.02149624  0.47467509] REAL [0.50606178] FAKE [0.51069316] 
199 epoch LOSS [-1.38064587] Parameters [ 1.63146588  1.40736514 -0.02293006  0.376156    1.59794432  1.57575752
  0.02189024  0.47402871] REAL [0.51039444] FAKE [0.5074082] 
200 epoch LOSS [-1.36411811] Parameters [ 1.63147445  1.407362   -0.02261336  0.37687215  1.59794053  1.57578506
  0.02283777  0.47462577] REAL [0.51631581] FAKE [0.50494254] 
201 epoch LOSS [-1.32765466] Parameters [ 1.63145258  1.40738349 -0.02327565  0.37884898  1.59792869  1.57574424
  0.02234026  0.47648733] REAL [0.53252349] FAKE [0.50218481] 
202 epoch LOSS [-1.33063975] Parameters [ 1.63146671  1.40743794 -0.02363913  0.38195043  1.5979247   1.57569787
  0.02192357  0.47946587] REAL [0.52637622] FAKE [0.49787223] 
203 epoch LOSS [-1.41789341] Parameters [ 1.63150759  1.4074267  -0.02310235  0.38617463  1.59792688  1.57563632
  0.02310235  0.48362538] REAL [0.48130429] FAKE [0.4967347] 
204 epoch LOSS [-1.35277792] Parameters [ 1.63152749  1.40757755 -0.02421544  0.39136449  1.59784248  1.57573118
  0.02275738  0.48885089] REAL [0.51202439] FAKE [0.49510001] 
205 epoch LOSS [-1.3984708] Parameters [ 1.63145794  1.40757094 -0.02434109  0.39778174  1.59783472  1.57567264
  0.02278534  0.49529812] REAL [0.48565873] FAKE [0.49146523] 
206 epoch LOSS [-1.34546799] Parameters [ 1.6314712   1.40752529 -0.02456858  0.40514332  1.59784105  1.57572141
  0.02306094  0.50264298] REAL [0.51297776] FAKE [0.49234094] 
207 epoch LOSS [-1.33639369] Parameters [ 1.63136314  1.40756195 -0.02429114  0.41359023  1.59778191  1.57569255
  0.02342726  0.51106264] REAL [0.51355588] FAKE [0.48829002] 
208 epoch LOSS [-1.37634275] Parameters [ 1.63127821  1.4075348  -0.02416046  0.42309087  1.59788804  1.57582089
  0.02411311  0.52063515] REAL [0.49345975] FAKE [0.48830614] 
209 epoch LOSS [-1.32614665] Parameters [ 1.63128756  1.40756187 -0.02468599  0.43350838  1.59787342  1.57589835
  0.02403257  0.53111555] REAL [0.51699448] FAKE [0.48645805] 
210 epoch LOSS [-1.3534895] Parameters [ 1.63134243  1.4075644  -0.02496258  0.44483953  1.59798256  1.57590507
  0.02352749  0.5424695 ] REAL [0.50414144] FAKE [0.48756996] 
211 epoch LOSS [-1.36783002] Parameters [ 1.63124612  1.4074073  -0.02468239  0.45725704  1.59811244  1.57575541
  0.02366736  0.55491378] REAL [0.49489625] FAKE [0.48542959] 
212 epoch LOSS [-1.34550227] Parameters [ 1.63133315  1.4074578  -0.02364774  0.47048496  1.5979467   1.57577298
  0.02491337  0.56816582] REAL [0.50701843] FAKE [0.48639169] 
213 epoch LOSS [-1.32711135] Parameters [ 1.63139554  1.40750894 -0.02369189  0.48462826  1.59794823  1.57588204
  0.02465158  0.58225517] REAL [0.51429576] FAKE [0.48426106] 
214 epoch LOSS [-1.38355374] Parameters [ 1.63144442  1.40751741 -0.02342229  0.49947342  1.59797569  1.57582129
  0.02443599  0.59709729] REAL [0.48792549] FAKE [0.48622054] 
215 epoch LOSS [-1.3022565] Parameters [ 1.63153258  1.4076358  -0.022946    0.5150258   1.59776332  1.5759996
  0.02506723  0.61274571] REAL [0.52532826] FAKE [0.48238551] 
216 epoch LOSS [-1.36426216] Parameters [ 1.63170755  1.40752279 -0.0225856   0.53113364  1.59769747  1.57624665
  0.02512678  0.62882042] REAL [0.49536169] FAKE [0.48407562] 
217 epoch LOSS [-1.30092479] Parameters [ 1.63168843  1.40742737 -0.02273837  0.5477015   1.59748041  1.57635641
  0.02493876  0.64545676] REAL [0.52679758] FAKE [0.48314137] 
218 epoch LOSS [-1.28966313] Parameters [ 1.63185728  1.40751766 -0.02261018  0.56471112  1.59747745  1.57647876
  0.02525207  0.66239904] REAL [0.54022925] FAKE [0.49028393] 
219 epoch LOSS [-1.33414046] Parameters [ 1.63189818  1.40738459 -0.02289298  0.58203465  1.59759314  1.57640119
  0.02500563  0.67964953] REAL [0.51430196] FAKE [0.48787972] 
220 epoch LOSS [-1.39285016] Parameters [ 1.63178844  1.40735447 -0.02270375  0.59906621  1.59732188  1.57629364
  0.02447996  0.69682193] REAL [0.47633392] FAKE [0.4785876] 
221 epoch LOSS [-1.32020928] Parameters [ 1.6317747   1.40718099 -0.02258736  0.6166726   1.59714391  1.57629492
  0.02472815  0.71436231] REAL [0.52100523] FAKE [0.48737673] 
222 epoch LOSS [-1.34669] Parameters [ 1.63178072  1.4072251  -0.02292178  0.63393159  1.59721403  1.57614762
  0.02460187  0.73153355] REAL [0.50871913] FAKE [0.48871636] 
223 epoch LOSS [-1.39705717] Parameters [ 1.63180166  1.40695391 -0.02333733  0.65127788  1.59718399  1.57627126
  0.0238008   0.74873133] REAL [0.48757942] FAKE [0.49275192] 
224 epoch LOSS [-1.37391755] Parameters [ 1.63169875  1.40694471 -0.02306102  0.66828079  1.59717573  1.57633829
  0.02429799  0.76582476] REAL [0.49761459] FAKE [0.49134645] 
225 epoch LOSS [-1.39432287] Parameters [ 1.63153096  1.4069744  -0.02329524  0.68461487  1.59716636  1.57646863
  0.024816    0.78219298] REAL [0.49564369] FAKE [0.49963872] 
226 epoch LOSS [-1.43396812] Parameters [ 1.63155301  1.40675245 -0.02250685  0.70060542  1.59726081  1.57622392
  0.02563301  0.79813454] REAL [0.47422189] FAKE [0.49736357] 
227 epoch LOSS [-1.33420159] Parameters [ 1.63164263  1.40684633 -0.02181707  0.7161064   1.59729448  1.57638185
  0.02629927  0.8137752 ] REAL [0.52264064] FAKE [0.49608135] 
228 epoch LOSS [-1.31493325] Parameters [ 1.63172482  1.40683381 -0.02252552  0.73121491  1.5973291   1.57639259
  0.02589502  0.82887625] REAL [0.5359866] FAKE [0.49906911] 
229 epoch LOSS [-1.37686851] Parameters [ 1.63174054  1.40680794 -0.02249874  0.74550682  1.5973468   1.57639962
  0.02547507  0.84312199] REAL [0.50137295] FAKE [0.49664695] 
230 epoch LOSS [-1.32677243] Parameters [ 1.63168479  1.4069271  -0.02324594  0.75899035  1.59738457  1.57633155
  0.02512214  0.85679269] REAL [0.52782108] FAKE [0.49730644] 
231 epoch LOSS [-1.34665942] Parameters [ 1.63169838  1.40679465 -0.02291517  0.77160232  1.59729377  1.57629825
  0.02521211  0.86936002] REAL [0.52190462] FAKE [0.50161828] 
232 epoch LOSS [-1.35022225] Parameters [ 1.63167736  1.40693856 -0.02269485  0.78351044  1.59719653  1.57632899
  0.02593386  0.88157951] REAL [0.52122443] FAKE [0.50274271] 
233 epoch LOSS [-1.39084245] Parameters [ 1.63164965  1.40690662 -0.02273022  0.79458281  1.59717138  1.57639111
  0.02611994  0.89260702] REAL [0.49735047] FAKE [0.49961732] 
234 epoch LOSS [-1.44098008] Parameters [ 1.63160109  1.40682733 -0.02422035  0.80501378  1.59718342  1.57637014
  0.02478757  0.90299754] REAL [0.47526577] FAKE [0.501972] 
235 epoch LOSS [-1.37228085] Parameters [ 1.63153647  1.40690181 -0.02457156  0.81415345  1.59722164  1.57639402
  0.02452876  0.91224834] REAL [0.50752328] FAKE [0.50046027] 
236 epoch LOSS [-1.34623402] Parameters [ 1.63154282  1.40681595 -0.02466309  0.82228946  1.59719483  1.5764266
  0.02420641  0.92045615] REAL [0.51960043] FAKE [0.49919519] 
237 epoch LOSS [-1.38421639] Parameters [ 1.63152966  1.40678247 -0.02484725  0.82972938  1.59720634  1.57642535
  0.02394565  0.92761749] REAL [0.49966503] FAKE [0.49862404] 
238 epoch LOSS [-1.38218049] Parameters [ 1.63157437  1.40679402 -0.02394962  0.83667904  1.59725538  1.57641336
  0.02462725  0.93458249] REAL [0.50218036] FAKE [0.50011867] 
239 epoch LOSS [-1.40499884] Parameters [ 1.63159761  1.4067856  -0.02505148  0.84243353  1.59722688  1.57640179
  0.02374045  0.94038365] REAL [0.4914989] FAKE [0.50077744] 
240 epoch LOSS [-1.4570074] Parameters [ 1.63162562  1.40678545 -0.02445987  0.84744562  1.5972133   1.57639829
  0.02338152  0.94540489] REAL [0.46789206] FAKE [0.50216657] 
241 epoch LOSS [-1.41455322] Parameters [ 1.63161339  1.40678533 -0.02465881  0.85186514  1.59720283  1.576381
  0.02317601  0.94989578] REAL [0.48655896] FAKE [0.50050417] 
242 epoch LOSS [-1.38477556] Parameters [ 1.63160894  1.40677877 -0.02504003  0.85548953  1.59720993  1.5763701
  0.02285893  0.9535221 ] REAL [0.4982614] FAKE [0.4974927] 
243 epoch LOSS [-1.35614809] Parameters [ 1.63160499  1.40676695 -0.02471322  0.85853771  1.59722053  1.5763628
  0.02367582  0.95672269] REAL [0.5106159] FAKE [0.49541071] 
244 epoch LOSS [-1.34977561] Parameters [ 1.631606    1.40675934 -0.02370789  0.86067093  1.5972283   1.57635776
  0.02442593  0.95883481] REAL [0.51522976] FAKE [0.49673241] 
245 epoch LOSS [-1.44155666] Parameters [ 1.63159958  1.40674384 -0.02472388  0.86244757  1.59724179  1.57635656
  0.02347648  0.9605742 ] REAL [0.47029391] FAKE [0.49699704] 
246 epoch LOSS [-1.35983937] Parameters [ 1.63161513  1.40672227 -0.02492882  0.86342598  1.59726424  1.57635498
  0.02292406  0.96159112] REAL [0.50981101] FAKE [0.49647615] 
247 epoch LOSS [-1.43085564] Parameters [ 1.6316083   1.40672638 -0.02425377  0.86351093  1.59726594  1.57636795
  0.02276908  0.96173405] REAL [0.47579748] FAKE [0.49746635] 
248 epoch LOSS [-1.42373887] Parameters [ 1.6316534   1.40672709 -0.0243306   0.86323599  1.59726445  1.57636902
  0.02253076  0.96147796] REAL [0.47831975] FAKE [0.49654605] 
249 epoch LOSS [-1.33736301] Parameters [ 1.63164638  1.40676082 -0.02487226  0.86241361  1.59728209  1.5763536
  0.02242459  0.96073746] REAL [0.51897486] FAKE [0.49412374] 
250 epoch LOSS [-1.37899066] Parameters [ 1.63161242  1.40675242 -0.02468875  0.86114009  1.59732468  1.57636592
  0.0227419   0.95949538] REAL [0.49957926] FAKE [0.4959106] 
251 epoch LOSS [-1.3684451] Parameters [ 1.63158037  1.40675759 -0.02554001  0.85893663  1.59732634  1.57632208
  0.0219787   0.95738577] REAL [0.50391381] FAKE [0.49494859] 
252 epoch LOSS [-1.38244219] Parameters [ 1.6315872   1.40683241 -0.02489668  0.85648071  1.59728282  1.57632859
  0.02270649  0.95490042] REAL [0.49652793] FAKE [0.49456036] 
253 epoch LOSS [-1.43306417] Parameters [ 1.63163986  1.4067812  -0.02354918  0.85373322  1.5973073   1.57628501
  0.02343493  0.95210691] REAL [0.47226248] FAKE [0.4948217] 
254 epoch LOSS [-1.32051244] Parameters [ 1.63163525  1.40676207 -0.02299581  0.85024008  1.5973633   1.57628138
  0.02378033  0.94883023] REAL [0.52974326] FAKE [0.4959852] 
255 epoch LOSS [-1.37209912] Parameters [ 1.63161963  1.40670321 -0.02270051  0.84658422  1.5973392   1.57627138
  0.0236168   0.94516433] REAL [0.50382343] FAKE [0.49670042] 
256 epoch LOSS [-1.34498953] Parameters [ 1.63156444  1.40673211 -0.02399815  0.84269513  1.59728547  1.57631094
  0.02213437  0.94137494] REAL [0.51769535] FAKE [0.49672634] 
257 epoch LOSS [-1.38593674] Parameters [ 1.63150427  1.40671293 -0.02347094  0.83823065  1.59735284  1.57631056
  0.02287155  0.936929  ] REAL [0.4969398] FAKE [0.49674102] 
258 epoch LOSS [-1.34114119] Parameters [ 1.63154316  1.40668268 -0.02264364  0.83364874  1.59728977  1.57630507
  0.02358406  0.93250995] REAL [0.51761773] FAKE [0.49471007] 
259 epoch LOSS [-1.35418994] Parameters [ 1.6315782   1.40666685 -0.02297971  0.82915076  1.59721639  1.57626643
  0.0226459   0.9279439 ] REAL [0.50982778] FAKE [0.49364012] 
260 epoch LOSS [-1.33129078] Parameters [ 1.6315459   1.40663923 -0.0235884   0.82415965  1.59722036  1.57624061
  0.02203031  0.92305884] REAL [0.52329956] FAKE [0.49524877] 
261 epoch LOSS [-1.4295024] Parameters [ 1.63151361  1.40659797 -0.02281304  0.81916745  1.59716265  1.57630972
  0.0219044   0.91810611] REAL [0.47604591] FAKE [0.49704844] 
262 epoch LOSS [-1.32644203] Parameters [ 1.63148916  1.40660143 -0.022501    0.81364777  1.59713788  1.57632642
  0.02201928  0.91282684] REAL [0.52586215] FAKE [0.49526708] 
263 epoch LOSS [-1.35891422] Parameters [ 1.63149193  1.4066198  -0.02134789  0.80852898  1.59709848  1.57630668
  0.02339433  0.90758809] REAL [0.50825781] FAKE [0.49446993] 
264 epoch LOSS [-1.37412987] Parameters [ 1.63148556  1.40663551 -0.0216872   0.80308814  1.59707108  1.57632122
  0.02375854  0.90199627] REAL [0.50235552] FAKE [0.49625378] 
265 epoch LOSS [-1.38698159] Parameters [ 1.63150967  1.40663625 -0.02266022  0.79741813  1.59702712  1.5763125
  0.0227978   0.89622223] REAL [0.49612407] FAKE [0.49643997] 
266 epoch LOSS [-1.42933823] Parameters [ 1.63148689  1.40665436 -0.02290731  0.79218773  1.59704869  1.5763855
  0.02303825  0.89085752] REAL [0.47671404] FAKE [0.49767089] 
267 epoch LOSS [-1.32386006] Parameters [ 1.63149094  1.40661919 -0.02266189  0.78655641  1.59706947  1.57637346
  0.02266141  0.88513619] REAL [0.53008508] FAKE [0.49799354] 
268 epoch LOSS [-1.32858849] Parameters [ 1.63150853  1.40657257 -0.02306538  0.78119775  1.59703092  1.57639074
  0.0226188   0.87979438] REAL [0.52717891] FAKE [0.4976073] 
269 epoch LOSS [-1.34509409] Parameters [ 1.63151031  1.40661337 -0.02262974  0.77540179  1.59704026  1.57636852
  0.02337682  0.87416328] REAL [0.51694274] FAKE [0.49604632] 
270 epoch LOSS [-1.33524294] Parameters [ 1.63152127  1.40657755 -0.02318128  0.76997421  1.59702257  1.57641932
  0.02293389  0.86894936] REAL [0.52029274] FAKE [0.49433419] 
271 epoch LOSS [-1.38411725] Parameters [ 1.63151137  1.40651785 -0.02297002  0.7646932   1.59700515  1.57641994
  0.02358045  0.86364331] REAL [0.49381784] FAKE [0.49263706] 
272 epoch LOSS [-1.32252296] Parameters [ 1.63151023  1.40656555 -0.02341954  0.75982322  1.59700604  1.57642928
  0.02356451  0.8588679 ] REAL [0.525756] FAKE [0.49318281] 
273 epoch LOSS [-1.34006607] Parameters [ 1.6315239   1.40653733 -0.02301882  0.75473079  1.59703892  1.57636588
  0.02331977  0.85375773] REAL [0.51922618] FAKE [0.4957335] 
274 epoch LOSS [-1.36845238] Parameters [ 1.6315495   1.40653988 -0.02275575  0.7499481   1.59700472  1.57633781
  0.0234691   0.84908593] REAL [0.50556725] FAKE [0.49660402] 
275 epoch LOSS [-1.4270168] Parameters [ 1.63151236  1.40659124 -0.02329672  0.74552107  1.59700933  1.57631141
  0.02285891  0.84463503] REAL [0.47926147] FAKE [0.49917965] 
276 epoch LOSS [-1.32395737] Parameters [ 1.631493    1.40658612 -0.0231536   0.74108722  1.59701217  1.57633619
  0.02306448  0.84019776] REAL [0.52930973] FAKE [0.49730711] 
277 epoch LOSS [-1.39478203] Parameters [ 1.63144829  1.40657487 -0.02256521  0.73695307  1.59702955  1.57632736
  0.02291632  0.83575231] REAL [0.49089401] FAKE [0.49502936] 
278 epoch LOSS [-1.36044584] Parameters [ 1.63145521  1.40658829 -0.0233402   0.7330233   1.59701058  1.57631971
  0.02272306  0.83186039] REAL [0.50844642] FAKE [0.49543086] 
279 epoch LOSS [-1.37681787] Parameters [ 1.63144589  1.40660489 -0.02265801  0.72938075  1.59701934  1.57630198
  0.02305784  0.82821238] REAL [0.5025947] FAKE [0.49784512] 
280 epoch LOSS [-1.4213579] Parameters [ 1.63144937  1.40659633 -0.02283216  0.72596668  1.59700633  1.57629532
  0.02295194  0.82472073] REAL [0.47999216] FAKE [0.49710425] 
281 epoch LOSS [-1.39804126] Parameters [ 1.63143989  1.40661905 -0.02237306  0.72257764  1.59701228  1.57627711
  0.02340038  0.8214394 ] REAL [0.4947719] FAKE [0.50061745] 
282 epoch LOSS [-1.37120186] Parameters [ 1.63145275  1.40660847 -0.02268368  0.71910697  1.59700998  1.57626507
  0.0235007   0.81808282] REAL [0.5079896] FAKE [0.50038005] 
283 epoch LOSS [-1.37216888] Parameters [ 1.63143847  1.4065899  -0.02233319  0.7163714   1.5970142   1.57625057
  0.02435459  0.81531245] REAL [0.50567339] FAKE [0.49857668] 
284 epoch LOSS [-1.33774629] Parameters [ 1.63145298  1.40658188 -0.02232373  0.71351371  1.59703035  1.5762578
  0.02437824  0.81248595] REAL [0.52226415] FAKE [0.49750244] 
285 epoch LOSS [-1.34090164] Parameters [ 1.63145961  1.40659149 -0.02204198  0.7109081   1.59703316  1.57625018
  0.02529593  0.80995617] REAL [0.52092181] FAKE [0.49779472] 
286 epoch LOSS [-1.34173872] Parameters [ 1.63146532  1.40661168 -0.02291854  0.70882466  1.59702882  1.57627897
  0.02502745  0.80794004] REAL [0.52077576] FAKE [0.4980742] 
287 epoch LOSS [-1.42144536] Parameters [ 1.63146861  1.40661166 -0.02221315  0.7068509   1.59703618  1.57626784
  0.02475974  0.80609291] REAL [0.48312774] FAKE [0.50041182] 
288 epoch LOSS [-1.32389227] Parameters [ 1.63146585  1.40662037 -0.02249416  0.70524315  1.59703093  1.57627463
  0.02455048  0.80431275] REAL [0.52971977] FAKE [0.49766353] 
289 epoch LOSS [-1.42240543] Parameters [ 1.63145392  1.4066308  -0.02177205  0.70365495  1.59703709  1.57627849
  0.02524444  0.80279553] REAL [0.47948295] FAKE [0.49709727] 
290 epoch LOSS [-1.43030341] Parameters [ 1.63146876  1.40663436 -0.02225579  0.70269109  1.59703375  1.57629193
  0.02578861  0.80193929] REAL [0.47790303] FAKE [0.49940404] 
291 epoch LOSS [-1.34373435] Parameters [ 1.63147118  1.40664899 -0.02162533  0.70195542  1.59707423  1.57628397
  0.02585403  0.80103145] REAL [0.52207308] FAKE [0.50031963] 
292 epoch LOSS [-1.35703963] Parameters [ 1.63147556  1.40664224 -0.02238402  0.70134495  1.59707261  1.57629884
  0.02462144  0.80015694] REAL [0.5158529] FAKE [0.50097845] 
293 epoch LOSS [-1.39524746] Parameters [ 1.6315126   1.40664979 -0.02300199  0.70083341  1.59708979  1.57632022
  0.02375884  0.79974235] REAL [0.49314956] FAKE [0.49757287] 
294 epoch LOSS [-1.36636363] Parameters [ 1.63149351  1.40664933 -0.0227067   0.70046272  1.59707114  1.57630876
  0.02335258  0.79934692] REAL [0.50587153] FAKE [0.49585487] 
295 epoch LOSS [-1.4143734] Parameters [ 1.63149338  1.40665954 -0.02319116  0.70015908  1.59706142  1.57630539
  0.02350868  0.79916627] REAL [0.48412042] FAKE [0.4978979] 
296 epoch LOSS [-1.32452005] Parameters [ 1.63149928  1.40665152 -0.02339462  0.70018895  1.59705957  1.57631788
  0.02351061  0.7994729 ] REAL [0.53068402] FAKE [0.49889096] 
297 epoch LOSS [-1.40645633] Parameters [ 1.63149591  1.4066512  -0.02380853  0.70056741  1.59704799  1.57630225
  0.02267173  0.79985916] REAL [0.49216566] FAKE [0.50217986] 
298 epoch LOSS [-1.33369634] Parameters [ 1.63148     1.40662092 -0.02436314  0.70094809  1.59705156  1.57630569
  0.02283624  0.80000424] REAL [0.52948882] FAKE [0.50234744] 
299 epoch LOSS [-1.42037976] Parameters [ 1.63146974  1.40660814 -0.02371141  0.70130234  1.59706666  1.57629647
  0.02249308  0.80037432] REAL [0.48567406] FAKE [0.50250124] 
