RUN 07_12_2021__21_32_48 
0 epoch LOSS [-1.22973107] Parameters [1.5079209  1.63337896 1.57604739 1.62465558 1.68492967 1.56964397
 1.47314649 1.60006192] REAL [0.52280011] FAKE [0.44075912] 
1 epoch LOSS [-1.21810808] Parameters [1.50791529 1.63337238 1.57437422 1.62400696 1.68493666 1.56964488
 1.47150773 1.59943125] REAL [0.53131741] FAKE [0.44329089] 
2 epoch LOSS [-1.19505765] Parameters [1.50793277 1.63335764 1.57238979 1.62343873 1.68493941 1.56965763
 1.46952913 1.59881308] REAL [0.54433949] FAKE [0.44393801] 
3 epoch LOSS [-1.17431925] Parameters [1.50792621 1.63335448 1.57047137 1.62285071 1.68494731 1.56965347
 1.46749793 1.59827736] REAL [0.5551459] FAKE [0.44333682] 
4 epoch LOSS [-1.16281594] Parameters [1.50792676 1.63334291 1.56830807 1.62246423 1.68495835 1.56965477
 1.46544404 1.59790598] REAL [0.55970755] FAKE [0.44148571] 
5 epoch LOSS [-1.14690412] Parameters [1.50793642 1.63333654 1.5661084  1.62203238 1.68496118 1.56966213
 1.46330351 1.59747516] REAL [0.56531865] FAKE [0.43816013] 
6 epoch LOSS [-1.12585814] Parameters [1.50791535 1.63332658 1.56332194 1.6216751  1.68496833 1.5696413
 1.46041875 1.59710919] REAL [0.57379516] FAKE [0.43468679] 
7 epoch LOSS [-1.11832161] Parameters [1.50791143 1.63333377 1.56053368 1.62132894 1.68497744 1.56964214
 1.45770003 1.5967434 ] REAL [0.57404026] FAKE [0.43065338] 
8 epoch LOSS [-1.09015368] Parameters [1.50792334 1.6333235  1.55728676 1.62105975 1.68497041 1.56963953
 1.45437058 1.59648311] REAL [0.58645623] FAKE [0.42678615] 
9 epoch LOSS [-1.08584212] Parameters [1.50791012 1.63331708 1.55394654 1.62082303 1.68496554 1.56963522
 1.4509934  1.59624692] REAL [0.58480716] FAKE [0.42268601] 
10 epoch LOSS [-1.07321827] Parameters [1.50789736 1.63331367 1.55019528 1.62064703 1.68494771 1.56961815
 1.4472977  1.59605114] REAL [0.58779043] FAKE [0.41831922] 
11 epoch LOSS [-1.06276845] Parameters [1.50792442 1.63329721 1.54643313 1.62046397 1.68493297 1.56962208
 1.44348475 1.59591939] REAL [0.5895662] FAKE [0.41397931] 
12 epoch LOSS [-1.02602706] Parameters [1.50792978 1.63330809 1.54203101 1.62034054 1.68493875 1.56959662
 1.43905451 1.59580339] REAL [0.6073881] FAKE [0.40988612] 
13 epoch LOSS [-1.01715189] Parameters [1.50793325 1.63331982 1.53718624 1.62027432 1.6849327  1.56956464
 1.4344403  1.59575375] REAL [0.60670006] FAKE [0.40395025] 
14 epoch LOSS [-0.99476129] Parameters [1.5079006  1.63333347 1.53205076 1.6202453  1.68493554 1.5695666
 1.42917935 1.59574182] REAL [0.61615381] FAKE [0.39980617] 
15 epoch LOSS [-0.98057967] Parameters [1.50789529 1.6333672  1.52680961 1.6202234  1.68497255 1.56952439
 1.42396384 1.5957188 ] REAL [0.61896345] FAKE [0.39399717] 
16 epoch LOSS [-0.98335369] Parameters [1.50790321 1.63337157 1.52072639 1.62026218 1.68498867 1.56953251
 1.41792633 1.59568035] REAL [0.61421407] FAKE [0.39100299] 
17 epoch LOSS [-0.96499644] Parameters [1.50788078 1.63334125 1.51451457 1.62035671 1.68498788 1.56955297
 1.41133267 1.59575608] REAL [0.61933877] FAKE [0.38485273] 
18 epoch LOSS [-0.9443557] Parameters [1.50785721 1.63332563 1.50723558 1.62054386 1.68500488 1.5695339
 1.40408261 1.59590521] REAL [0.62834145] FAKE [0.38102113] 
19 epoch LOSS [-0.92609067] Parameters [1.50783418 1.63327622 1.49908416 1.62068621 1.68496714 1.5695504
 1.3962663  1.59604522] REAL [0.63234928] FAKE [0.37360699] 
20 epoch LOSS [-0.91225864] Parameters [1.50784471 1.63328206 1.49024468 1.62083348 1.68497321 1.56958289
 1.38738843 1.59620623] REAL [0.63786382] FAKE [0.3703733] 
21 epoch LOSS [-0.89420071] Parameters [1.50784898 1.63324035 1.48075979 1.62102677 1.68497799 1.56960874
 1.37795263 1.59644071] REAL [0.64270693] FAKE [0.36373126] 
22 epoch LOSS [-0.87787804] Parameters [1.50786512 1.63323674 1.4699171  1.62128881 1.68507734 1.5696117
 1.36699295 1.59674679] REAL [0.65066003] FAKE [0.36116561] 
23 epoch LOSS [-0.86392254] Parameters [1.50784502 1.63326236 1.45787296 1.62154024 1.68503868 1.56956397
 1.35496641 1.5970178 ] REAL [0.65482543] FAKE [0.35630865] 
24 epoch LOSS [-0.85232149] Parameters [1.50792488 1.63326696 1.44510826 1.6218432  1.68499378 1.56963877
 1.34212421 1.59724318] REAL [0.6578324] FAKE [0.35177434] 
25 epoch LOSS [-0.84629806] Parameters [1.50800418 1.63327698 1.43109608 1.62221963 1.68501616 1.56965751
 1.32835332 1.59762227] REAL [0.65674966] FAKE [0.34678288] 
26 epoch LOSS [-0.8315627] Parameters [1.50790524 1.63327587 1.41579519 1.62258623 1.68507952 1.56969209
 1.31313197 1.59803049] REAL [0.66160947] FAKE [0.3419556] 
27 epoch LOSS [-0.81323161] Parameters [1.50784079 1.63329255 1.39849884 1.62307563 1.68516296 1.56971354
 1.29624565 1.59854726] REAL [0.66956345] FAKE [0.33774346] 
28 epoch LOSS [-0.77896724] Parameters [1.5077942  1.63341738 1.37998671 1.62347344 1.68520258 1.56975339
 1.27742299 1.59892651] REAL [0.6884537] FAKE [0.33346327] 
29 epoch LOSS [-0.77433721] Parameters [1.50780539 1.6335582  1.3594017  1.62407152 1.68513373 1.56971505
 1.25665811 1.59932508] REAL [0.68786927] FAKE [0.32980109] 
30 epoch LOSS [-0.76644215] Parameters [1.50782562 1.63347709 1.33617531 1.62460056 1.68516701 1.56968658
 1.23409744 1.59972408] REAL [0.68941015] FAKE [0.32599871] 
31 epoch LOSS [-0.77154879] Parameters [1.50786513 1.63347613 1.3110568  1.62503478 1.68512602 1.56970527
 1.20920997 1.60033658] REAL [0.68498205] FAKE [0.32509689] 
32 epoch LOSS [-0.74985053] Parameters [1.50782067 1.63355231 1.28225825 1.62568229 1.68515236 1.56942816
 1.18102779 1.60101786] REAL [0.69658622] FAKE [0.32178222] 
33 epoch LOSS [-0.74398285] Parameters [1.50792432 1.63363147 1.25057536 1.62638368 1.68508465 1.56945321
 1.14948786 1.60179467] REAL [0.6966138] FAKE [0.31781797] 
34 epoch LOSS [-0.7591819] Parameters [1.50791993 1.63342317 1.2149023  1.62682304 1.6850192  1.56913322
 1.11381582 1.60236973] REAL [0.69306546] FAKE [0.32466815] 
35 epoch LOSS [-0.72205981] Parameters [1.50797961 1.63327843 1.17517333 1.62754703 1.68509673 1.56905934
 1.07388754 1.6031229 ] REAL [0.71005589] FAKE [0.31589798] 
36 epoch LOSS [-0.74496437] Parameters [1.50824074 1.63328724 1.13047819 1.62815157 1.68520918 1.56929152
 1.02961667 1.60373896] REAL [0.70064093] FAKE [0.3224044] 
37 epoch LOSS [-0.73868658] Parameters [1.50842198 1.63313036 1.08116789 1.62902999 1.68512776 1.5693569
 0.98027289 1.60487134] REAL [0.70590714] FAKE [0.32322404] 
38 epoch LOSS [-0.80351442] Parameters [1.50808566 1.63290813 1.02511895 1.63001613 1.68533741 1.56937044
 0.92489699 1.60534612] REAL [0.68881138] FAKE [0.3499634] 
39 epoch LOSS [-0.77835108] Parameters [1.50777532 1.6330782  0.96423052 1.63058837 1.68535754 1.56939166
 0.86422961 1.60634951] REAL [0.70022223] FAKE [0.34426173] 
40 epoch LOSS [-0.84938689] Parameters [1.50729414 1.63268072 0.89818047 1.63151629 1.68545873 1.56933779
 0.79783356 1.60683492] REAL [0.67830039] FAKE [0.36948722] 
41 epoch LOSS [-0.87988589] Parameters [1.50738628 1.63281324 0.82746762 1.63206328 1.68497206 1.56953266
 0.72713936 1.60704913] REAL [0.67077402] FAKE [0.38156483] 
42 epoch LOSS [-0.91181958] Parameters [1.5074592  1.63247406 0.75318042 1.63218452 1.68495951 1.56979674
 0.65342354 1.60684777] REAL [0.67208477] FAKE [0.40216996] 
43 epoch LOSS [-0.96953053] Parameters [1.50708561 1.63292206 0.67844983 1.63244786 1.68480887 1.56975029
 0.57875707 1.60657643] REAL [0.65084071] FAKE [0.41727516] 
44 epoch LOSS [-1.0426844] Parameters [1.50623977 1.63340099 0.60527788 1.63282396 1.68464437 1.56958773
 0.50578075 1.60678603] REAL [0.6344882] FAKE [0.44442286] 
45 epoch LOSS [-1.10612642] Parameters [1.50565886 1.63306277 0.53620785 1.63229515 1.68358219 1.57048242
 0.43635908 1.60648395] REAL [0.61924501] FAKE [0.46573972] 
46 epoch LOSS [-1.1637786] Parameters [1.50672781 1.63283428 0.47315169 1.63193698 1.68347506 1.57034024
 0.37282476 1.60617007] REAL [0.59276061] FAKE [0.47313659] 
47 epoch LOSS [-1.24331861] Parameters [1.50616429 1.63258451 0.41594141 1.6320364  1.68384738 1.57057942
 0.31590825 1.60615449] REAL [0.56465438] FAKE [0.48920001] 
48 epoch LOSS [-1.25575823] Parameters [1.50605445 1.63291289 0.36537122 1.63236761 1.68402174 1.57030392
 0.26508027 1.60615444] REAL [0.56004282] FAKE [0.49136073] 
49 epoch LOSS [-1.26467383] Parameters [1.50641162 1.63288952 0.32273151 1.63259798 1.68395632 1.57038391
 0.22253262 1.60655869] REAL [0.55608491] FAKE [0.4922873] 
50 epoch LOSS [-1.27400882] Parameters [1.5064118  1.63289715 0.28560315 1.6328821  1.68426869 1.57064237
 0.18532995 1.60684941] REAL [0.55498048] FAKE [0.49600376] 
51 epoch LOSS [-1.26351856] Parameters [1.50643714 1.63311137 0.25392278 1.63325289 1.68441369 1.57082662
 0.15380293 1.60743989] REAL [0.55773925] FAKE [0.49320812] 
52 epoch LOSS [-1.26952002] Parameters [1.50651207 1.6332716  0.22722542 1.63373746 1.68410306 1.5708411
 0.12662473 1.60826231] REAL [0.54715207] FAKE [0.48649294] 
53 epoch LOSS [-1.2823237] Parameters [1.5066701  1.63342961 0.20360136 1.63469965 1.68413654 1.57095279
 0.10291207 1.60935833] REAL [0.53885281] FAKE [0.48521754] 
54 epoch LOSS [-1.24241821] Parameters [1.50665022 1.63334883 0.183392   1.63604454 1.68420104 1.5710393
 0.08276546 1.61071022] REAL [0.5573602] FAKE [0.482049] 
55 epoch LOSS [-1.2701844] Parameters [1.50681629 1.63327068 0.16701186 1.63778303 1.6843016  1.57112694
 0.06616151 1.6123818 ] REAL [0.54004413] FAKE [0.48007982] 
56 epoch LOSS [-1.24872429] Parameters [1.50688336 1.63333818 0.15225633 1.63963154 1.68443257 1.57108656
 0.05149183 1.61440658] REAL [0.54350283] FAKE [0.47218209] 
57 epoch LOSS [-1.19081159] Parameters [1.50689219 1.63330015 0.14015159 1.64182323 1.68450262 1.570979
 0.03926136 1.61658172] REAL [0.57057361] FAKE [0.46724759] 
58 epoch LOSS [-1.21364962] Parameters [1.50689369 1.63337644 0.12980307 1.64465837 1.68450521 1.57096362
 0.02901762 1.61939445] REAL [0.55543178] FAKE [0.4650811] 
59 epoch LOSS [-1.18264124] Parameters [1.5069516  1.63335216 0.11993952 1.64719054 1.68455094 1.57095869
 0.01919844 1.62195777] REAL [0.56728661] FAKE [0.45976477] 
60 epoch LOSS [-1.18345151] Parameters [1.50701354 1.63333838 0.11153179 1.65053955 1.68460675 1.57101561
 0.01053014 1.62541817] REAL [0.56355442] FAKE [0.45662747] 
61 epoch LOSS [-1.19195262] Parameters [1.5070384  1.63337615 0.10498948 1.65433564 1.68463503 1.57100607
 0.00367689 1.6291797 ] REAL [0.55396242] FAKE [0.45189818] 
62 epoch LOSS [-1.16036779] Parameters [ 1.50700301  1.63338059  0.09867192  1.65846443  1.68462093  1.57099248
 -0.00293941  1.63353066] REAL [0.56574361] FAKE [0.44609024] 
63 epoch LOSS [-1.15993923] Parameters [ 1.50702254  1.63343325  0.09324728  1.6633951   1.68463631  1.57097635
 -0.00816144  1.63831013] REAL [0.5630495] FAKE [0.4432013] 
64 epoch LOSS [-1.09450336] Parameters [ 1.50705899  1.63345077  0.08832168  1.66908014  1.68465296  1.57100895
 -0.01334929  1.6442441 ] REAL [0.59790452] FAKE [0.44020193] 
65 epoch LOSS [-1.11973829] Parameters [ 1.50708378  1.63344252  0.08438348  1.67555215  1.6846644   1.57101991
 -0.01707745  1.65065688] REAL [0.5782072] FAKE [0.43555667] 
66 epoch LOSS [-1.1178183] Parameters [ 1.50701991  1.63340582  0.08129553  1.68309398  1.6846797   1.5709872
 -0.02041657  1.65798915] REAL [0.57710476] FAKE [0.43339158] 
67 epoch LOSS [-1.0908263] Parameters [ 1.50699281  1.63338665  0.07837905  1.6912752   1.68465126  1.57098725
 -0.02349285  1.66616465] REAL [0.58738112] FAKE [0.42807356] 
68 epoch LOSS [-1.06874035] Parameters [ 1.50703025  1.63336882  0.07566645  1.70071498  1.68464155  1.57091298
 -0.02615751  1.6757649 ] REAL [0.5969652] FAKE [0.42468864] 
69 epoch LOSS [-1.03189683] Parameters [ 1.50704199  1.63336017  0.07305951  1.71133043  1.6846432   1.57094629
 -0.02845377  1.68610286] REAL [0.61514382] FAKE [0.42073641] 
70 epoch LOSS [-1.0608621] Parameters [ 1.50699683  1.63329572  0.07122128  1.72373773  1.68472123  1.57094931
 -0.0307269   1.69866501] REAL [0.59272043] FAKE [0.41598561] 
71 epoch LOSS [-1.06493324] Parameters [ 1.50701427  1.63330954  0.06919022  1.7381282   1.68473728  1.57091698
 -0.03282503  1.71314875] REAL [0.58884527] FAKE [0.41453063] 
72 epoch LOSS [-1.02440925] Parameters [ 1.5070668   1.63334     0.06774616  1.75458431  1.68479806  1.57085416
 -0.0347383   1.72987682] REAL [0.60755291] FAKE [0.40909099] 
73 epoch LOSS [-1.00953707] Parameters [ 1.50697243  1.63338432  0.06679356  1.77320768  1.68481668  1.57102602
 -0.03559181  1.74838292] REAL [0.61407613] FAKE [0.40660838] 
74 epoch LOSS [-1.01431826] Parameters [ 1.50693511  1.63344562  0.06463639  1.79370437  1.68488575  1.57102764
 -0.03735067  1.7694658 ] REAL [0.61208531] FAKE [0.40751791] 
75 epoch LOSS [-1.00541215] Parameters [ 1.50696641  1.63345692  0.06302323  1.81776835  1.68487354  1.57110572
 -0.03931138  1.79342284] REAL [0.61285346] FAKE [0.4029669] 
76 epoch LOSS [-0.97086586] Parameters [ 1.50695984  1.63339377  0.06225858  1.84576997  1.68497998  1.57116302
 -0.04003737  1.82133897] REAL [0.63039576] FAKE [0.3991791] 
77 epoch LOSS [-0.99707692] Parameters [ 1.50704954  1.63352676  0.06136252  1.8775666   1.68496257  1.57106315
 -0.04124291  1.85406459] REAL [0.61929269] FAKE [0.40422944] 
78 epoch LOSS [-0.98836875] Parameters [ 1.50709231  1.63355956  0.06072744  1.91424016  1.68468497  1.57079526
 -0.04225271  1.89091583] REAL [0.620641] FAKE [0.40032431] 
79 epoch LOSS [-0.99483834] Parameters [ 1.50696728  1.63348294  0.06074386  1.9559928   1.68494086  1.57050426
 -0.04268189  1.93323247] REAL [0.62802153] FAKE [0.4111934] 
80 epoch LOSS [-1.04697065] Parameters [ 1.50694251  1.63336287  0.0601396   2.00370741  1.68463341  1.57054087
 -0.04337532  1.98113357] REAL [0.5975583] FAKE [0.41261056] 
81 epoch LOSS [-1.01928765] Parameters [ 1.50691976  1.63290662  0.0592174   2.05803225  1.68485907  1.57039369
 -0.04448913  2.03579985] REAL [0.61680691] FAKE [0.4149678] 
82 epoch LOSS [-1.08986342] Parameters [ 1.50734666  1.6333179   0.0582312   2.11957621  1.68461901  1.5704308
 -0.04542187  2.09797785] REAL [0.58477126] FAKE [0.4249676] 
83 epoch LOSS [-1.11909181] Parameters [ 1.50757506  1.63278196  0.05710222  2.18702066  1.6847827   1.57011748
 -0.0462864   2.16503673] REAL [0.58621642] FAKE [0.44290839] 
84 epoch LOSS [-1.23987006] Parameters [ 1.50799994  1.63235324  0.05614033  2.26078197  1.68502817  1.56995286
 -0.04723074  2.23864587] REAL [0.55719669] FAKE [0.48057512] 
85 epoch LOSS [-1.24592862] Parameters [ 1.508764    1.63280699  0.05532362  2.33880271  1.68532095  1.56964229
 -0.04769988  2.31663821] REAL [0.55531681] FAKE [0.48196482] 
86 epoch LOSS [-1.3412543] Parameters [ 1.50881453  1.63335454  0.05454886  2.41823902  1.68568366  1.56975806
 -0.04838966  2.3963077 ] REAL [0.54637874] FAKE [0.52136234] 
87 epoch LOSS [-1.43638538] Parameters [ 1.50929276  1.63337128  0.05273919  2.49665404  1.68593326  1.56980137
 -0.04985503  2.47453254] REAL [0.52773538] FAKE [0.54942245] 
88 epoch LOSS [-1.52339658] Parameters [ 1.50920647  1.63338631  0.05333599  2.57109926  1.68548439  1.56957133
 -0.05052078  2.54907738] REAL [0.49802433] FAKE [0.56233007] 
89 epoch LOSS [-1.57368567] Parameters [ 1.50941057  1.63310836  0.05361078  2.63935178  1.68559101  1.56972118
 -0.05060196  2.61733037] REAL [0.48601033] FAKE [0.5735074] 
90 epoch LOSS [-1.64831052] Parameters [ 1.50972836  1.63287151  0.05290687  2.70020318  1.68598432  1.57016018
 -0.0522152   2.67823349] REAL [0.46694826] FAKE [0.58801721] 
91 epoch LOSS [-1.64834992] Parameters [ 1.51002454  1.63251296  0.05324427  2.75331928  1.68604349  1.57032295
 -0.05255851  2.73153131] REAL [0.47046318] FAKE [0.59111132] 
92 epoch LOSS [-1.72945637] Parameters [ 1.50994535  1.63252787  0.05324057  2.79843512  1.68568507  1.57019659
 -0.05188113  2.77717688] REAL [0.43717051] FAKE [0.59425257] 
93 epoch LOSS [-1.74270749] Parameters [ 1.510066    1.63242152  0.05248561  2.83707858  1.68567018  1.5701997
 -0.05272274  2.81607865] REAL [0.43141711] FAKE [0.59425387] 
94 epoch LOSS [-1.74823797] Parameters [ 1.51001682  1.63239273  0.05250651  2.87022057  1.68580254  1.57007803
 -0.05276377  2.8496829 ] REAL [0.42452072] FAKE [0.58993661] 
95 epoch LOSS [-1.69660889] Parameters [ 1.51013256  1.63239766  0.05214493  2.89828509  1.68572749  1.56981981
 -0.05330699  2.87792051] REAL [0.44486812] FAKE [0.58795862] 
96 epoch LOSS [-1.66793711] Parameters [ 1.51008992  1.63222123  0.05148536  2.92267355  1.68567829  1.56993491
 -0.05336345  2.9019279 ] REAL [0.45333018] FAKE [0.58388873] 
97 epoch LOSS [-1.68258489] Parameters [ 1.5101799   1.63227341  0.0520024   2.94313015  1.6856403   1.57004641
 -0.05315968  2.92231527] REAL [0.44672349] FAKE [0.58387493] 
98 epoch LOSS [-1.67943798] Parameters [ 1.51016628  1.63227844  0.05185684  2.95975213  1.68562435  1.56998788
 -0.05339296  2.9393491 ] REAL [0.4406092] FAKE [0.57677064] 
99 epoch LOSS [-1.66542907] Parameters [ 1.51011243  1.63235077  0.05225946  2.97409048  1.68556346  1.5700567
 -0.05295076  2.9536361 ] REAL [0.44381001] FAKE [0.57389537] 
100 epoch LOSS [-1.61107293] Parameters [ 1.5101348   1.6323348   0.05191571  2.98620537  1.6855432   1.57005551
 -0.05314713  2.96601164] REAL [0.46473574] FAKE [0.57035096] 
101 epoch LOSS [-1.58839121] Parameters [ 1.51010685  1.63235799  0.05221972  2.99654944  1.68548553  1.56998595
 -0.05295673  2.97660307] REAL [0.47138105] FAKE [0.56669036] 
102 epoch LOSS [-1.61710037] Parameters [ 1.51013121  1.63235088  0.05228235  3.00599067  1.68554566  1.56994471
 -0.05291118  2.98586317] REAL [0.45342716] FAKE [0.5622817] 
103 epoch LOSS [-1.55822522] Parameters [ 1.51016858  1.63231912  0.05286156  3.01395529  1.68555262  1.56991111
 -0.05303518  2.99374676] REAL [0.47542214] FAKE [0.55721594] 
104 epoch LOSS [-1.58722649] Parameters [ 1.51023252  1.63233679  0.05236789  3.02064993  1.68558311  1.56991129
 -0.05376506  3.00039801] REAL [0.45671917] FAKE [0.5522588] 
105 epoch LOSS [-1.53922637] Parameters [ 1.51024144  1.63232127  0.05295427  3.02611446  1.685593    1.56989741
 -0.05350921  3.00603934] REAL [0.47440552] FAKE [0.54775607] 
106 epoch LOSS [-1.51384561] Parameters [ 1.51023278  1.63234273  0.05288944  3.03094448  1.68559289  1.56987192
 -0.05363724  3.01078189] REAL [0.48094873] FAKE [0.54244172] 
107 epoch LOSS [-1.519798] Parameters [ 1.5102096   1.63232489  0.05301589  3.0349975   1.6855804   1.56989403
 -0.05362579  3.01496152] REAL [0.47346052] FAKE [0.53796344] 
108 epoch LOSS [-1.51010648] Parameters [ 1.51019787  1.63230664  0.05246823  3.0383507   1.68559027  1.56988178
 -0.05423071  3.01846033] REAL [0.47455766] FAKE [0.53454243] 
109 epoch LOSS [-1.52010622] Parameters [ 1.51020805  1.63229012  0.05208244  3.04105509  1.6855915   1.56986899
 -0.05457246  3.02110171] REAL [0.46625332] FAKE [0.53096601] 
110 epoch LOSS [-1.43083559] Parameters [ 1.51019134  1.63230094  0.05282193  3.04322162  1.68559865  1.5698649
 -0.0541321   3.02320936] REAL [0.50375084] FAKE [0.52534264] 
111 epoch LOSS [-1.45350862] Parameters [ 1.51019056  1.63229018  0.05300882  3.04489214  1.6855987   1.56986141
 -0.05366807  3.02485268] REAL [0.4890104] FAKE [0.52199645] 
112 epoch LOSS [-1.46284216] Parameters [ 1.51018203  1.63227952  0.05285012  3.04604779  1.68559847  1.56985925
 -0.05389973  3.026001  ] REAL [0.48078078] FAKE [0.51833109] 
113 epoch LOSS [-1.41467301] Parameters [ 1.51017777  1.63228145  0.05352082  3.04680226  1.68559605  1.56985927
 -0.05351514  3.0267538 ] REAL [0.49979172] FAKE [0.51378734] 
114 epoch LOSS [-1.37249938] Parameters [ 1.51018088  1.63227158  0.05402505  3.04711302  1.68559825  1.56985619
 -0.05320065  3.0270707 ] REAL [0.5161437] FAKE [0.50891072] 
115 epoch LOSS [-1.40763415] Parameters [ 1.51018484  1.63227022  0.05381254  3.04701302  1.68560186  1.56985795
 -0.05359259  3.02697229] REAL [0.49425721] FAKE [0.50486999] 
116 epoch LOSS [-1.37466001] Parameters [ 1.51018525  1.63226093  0.05373143  3.04649721  1.68560644  1.56985684
 -0.05369799  3.02646251] REAL [0.50713774] FAKE [0.50126849] 
117 epoch LOSS [-1.33911431] Parameters [ 1.51018877  1.63227144  0.05353516  3.04566043  1.68559433  1.56986466
 -0.05386849  3.02563393] REAL [0.52201746] FAKE [0.49795226] 
118 epoch LOSS [-1.39139753] Parameters [ 1.51018798  1.63228017  0.05270533  3.04446676  1.68559062  1.56986885
 -0.05443759  3.02439006] REAL [0.49232562] FAKE [0.49479075] 
119 epoch LOSS [-1.33789807] Parameters [ 1.5102083   1.6322856   0.05287958  3.04279355  1.68559072  1.56987951
 -0.05410661  3.02271266] REAL [0.51650032] FAKE [0.49197199] 
120 epoch LOSS [-1.29837209] Parameters [ 1.51018988  1.63229372  0.05324215  3.04067651  1.6855969   1.56989205
 -0.05367609  3.02064943] REAL [0.53397026] FAKE [0.48878087] 
121 epoch LOSS [-1.302459] Parameters [ 1.5101962   1.63227524  0.05346811  3.03811348  1.68558562  1.5698714
 -0.05354699  3.01810391] REAL [0.52689713] FAKE [0.48403123] 
122 epoch LOSS [-1.34070408] Parameters [ 1.51016756  1.63225934  0.05355412  3.03523507  1.68560975  1.56986772
 -0.05384441  3.0153604 ] REAL [0.50386661] FAKE [0.48069317] 
123 epoch LOSS [-1.25741458] Parameters [ 1.51017895  1.63228137  0.05326912  3.03188909  1.68561274  1.569843
 -0.05389579  3.01203511] REAL [0.54283588] FAKE [0.47610623] 
124 epoch LOSS [-1.29608177] Parameters [ 1.51017945  1.63228302  0.05307105  3.02811983  1.68561767  1.56985605
 -0.05409384  3.00827471] REAL [0.5197651] FAKE [0.47360503] 
125 epoch LOSS [-1.28120169] Parameters [ 1.51017136  1.63226209  0.05311579  3.02388761  1.68565451  1.56984534
 -0.05367508  3.0041445 ] REAL [0.52496501] FAKE [0.47100591] 
126 epoch LOSS [-1.229822] Parameters [ 1.51015381  1.63227804  0.05301215  3.0187574   1.68564023  1.56986119
 -0.05383188  2.99921936] REAL [0.54902438] FAKE [0.4675198] 
127 epoch LOSS [-1.29019186] Parameters [ 1.5101517   1.63229001  0.05391464  3.01330732  1.68560346  1.56988474
 -0.05317804  2.99381181] REAL [0.515746] FAKE [0.46636916] 
128 epoch LOSS [-1.20631731] Parameters [ 1.51016654  1.63230913  0.05329321  3.0073149   1.68561389  1.56988245
 -0.05357285  2.98792021] REAL [0.55615596] FAKE [0.46184615] 
129 epoch LOSS [-1.20417786] Parameters [ 1.51017704  1.63233325  0.05346403  3.00075448  1.68556811  1.56991315
 -0.05347416  2.98116464] REAL [0.55534242] FAKE [0.45990351] 
130 epoch LOSS [-1.23450554] Parameters [ 1.51021511  1.6323563   0.05387389  2.99313915  1.68552111  1.56988168
 -0.05321431  2.9737568 ] REAL [0.53403254] FAKE [0.45512946] 
131 epoch LOSS [-1.18316626] Parameters [ 1.5102922   1.63236807  0.05431565  2.98496661  1.68557292  1.56987232
 -0.05280035  2.96562304] REAL [0.55879284] FAKE [0.45184095] 
132 epoch LOSS [-1.20103752] Parameters [ 1.51034454  1.63236256  0.05386408  2.97578743  1.68556837  1.56990333
 -0.05307661  2.9565326 ] REAL [0.54640557] FAKE [0.44934332] 
133 epoch LOSS [-1.22439764] Parameters [ 1.51031027  1.63242531  0.05391102  2.96578237  1.68550977  1.56990081
 -0.05298797  2.94672807] REAL [0.53310894] FAKE [0.44864046] 
134 epoch LOSS [-1.17134911] Parameters [ 1.51029315  1.63251851  0.05384415  2.95478095  1.68552825  1.56987251
 -0.05312737  2.93551518] REAL [0.55875548] FAKE [0.44528776] 
135 epoch LOSS [-1.17742305] Parameters [ 1.51029342  1.6324703   0.05339295  2.94229497  1.68551601  1.56976765
 -0.05366482  2.92308472] REAL [0.55393302] FAKE [0.44384683] 
136 epoch LOSS [-1.14787903] Parameters [ 1.51038833  1.63241051  0.05329129  2.92864906  1.68553204  1.56981568
 -0.05362109  2.90912746] REAL [0.56733016] FAKE [0.4406977] 
137 epoch LOSS [-1.11827474] Parameters [ 1.51042629  1.6323951   0.0534969   2.91329646  1.68547869  1.56980938
 -0.05363551  2.89400125] REAL [0.58150106] FAKE [0.4379319] 
138 epoch LOSS [-1.1287077] Parameters [ 1.51023914  1.63239156  0.05356153  2.89652596  1.68541308  1.56975971
 -0.05387328  2.87739728] REAL [0.57732139] FAKE [0.43973844] 
139 epoch LOSS [-1.15141578] Parameters [ 1.51036213  1.63249259  0.05336941  2.87754835  1.68538943  1.56977033
 -0.05434659  2.85877474] REAL [0.55941645] FAKE [0.43478817] 
140 epoch LOSS [-1.11109456] Parameters [ 1.5103627   1.63238851  0.05325194  2.85701013  1.68537711  1.5696346
 -0.05458714  2.83822256] REAL [0.58138867] FAKE [0.43377218] 
141 epoch LOSS [-1.13228019] Parameters [ 1.51025663  1.6323589   0.05306627  2.83450239  1.68534481  1.56978083
 -0.05477623  2.8156387 ] REAL [0.56924348] FAKE [0.4338143] 
142 epoch LOSS [-1.12457064] Parameters [ 1.5102479   1.63255886  0.05378707  2.80960257  1.68534995  1.56985137
 -0.0543466   2.79059521] REAL [0.57376514] FAKE [0.43392885] 
143 epoch LOSS [-1.12775545] Parameters [ 1.51020948  1.63256048  0.05359413  2.78213841  1.6853914   1.56994256
 -0.05458501  2.76290656] REAL [0.56956544] FAKE [0.43156815] 
144 epoch LOSS [-1.18133784] Parameters [ 1.51013858  1.6323973   0.05361897  2.75184329  1.68537334  1.56986718
 -0.05446611  2.73235803] REAL [0.54440843] FAKE [0.43632775] 
145 epoch LOSS [-1.19061903] Parameters [ 1.51021246  1.63239294  0.05396363  2.71826843  1.68501582  1.56969475
 -0.05433726  2.69895576] REAL [0.54597104] FAKE [0.44313347] 
146 epoch LOSS [-1.16718635] Parameters [ 1.51032847  1.63234393  0.0545204   2.68267103  1.68496401  1.56999998
 -0.05409724  2.66299657] REAL [0.56083448] FAKE [0.44503869] 
147 epoch LOSS [-1.16710653] Parameters [ 1.51041925  1.63223807  0.05508275  2.64400381  1.68520009  1.56994106
 -0.05398208  2.6243846 ] REAL [0.56024773] FAKE [0.44441313] 
148 epoch LOSS [-1.21637732] Parameters [ 1.51028186  1.63208605  0.05534849  2.60203842  1.68499219  1.56988842
 -0.05370911  2.58211555] REAL [0.54295399] FAKE [0.45427857] 
149 epoch LOSS [-1.23934785] Parameters [ 1.51022531  1.63186604  0.05482126  2.55759809  1.68516899  1.57027677
 -0.05370549  2.53720363] REAL [0.53821611] FAKE [0.46197634] 
150 epoch LOSS [-1.28280417] Parameters [ 1.51024842  1.63153423  0.05524709  2.51071248  1.68493249  1.57006859
 -0.05356109  2.49040667] REAL [0.52874046] FAKE [0.47562415] 
151 epoch LOSS [-1.31394058] Parameters [ 1.50985671  1.6317296   0.05563058  2.46221663  1.68515533  1.57011729
 -0.0530146   2.44166106] REAL [0.51517679] FAKE [0.47831714] 
152 epoch LOSS [-1.30895655] Parameters [ 1.50986877  1.63176417  0.05518337  2.41256231  1.68541838  1.57058386
 -0.05306741  2.39186999] REAL [0.53275804] FAKE [0.49301235] 
153 epoch LOSS [-1.37580265] Parameters [ 1.50970367  1.6319207   0.05461179  2.36260134  1.68568646  1.57087771
 -0.05418509  2.34196631] REAL [0.51061414] FAKE [0.50522965] 
154 epoch LOSS [-1.4404398] Parameters [ 1.50936581  1.63216763  0.05417319  2.31322273  1.68599545  1.57071473
 -0.05524433  2.29255926] REAL [0.4921711] FAKE [0.5188186] 
155 epoch LOSS [-1.40055004] Parameters [ 1.50911152  1.63213567  0.05420936  2.26507276  1.68584572  1.57087819
 -0.05522088  2.24419897] REAL [0.52066498] FAKE [0.52664118] 
156 epoch LOSS [-1.50592371] Parameters [ 1.50883768  1.63207087  0.05460145  2.2192832   1.68569736  1.57112523
 -0.05516611  2.19858612] REAL [0.47815665] FAKE [0.53610953] 
157 epoch LOSS [-1.49059682] Parameters [ 1.50905801  1.63206645  0.05484637  2.17610356  1.68560191  1.57111131
 -0.05488332  2.15567275] REAL [0.48916583] FAKE [0.53954635] 
158 epoch LOSS [-1.4846899] Parameters [ 1.50910803  1.63254214  0.05514229  2.13670443  1.68511976  1.57140506
 -0.05520317  2.11641898] REAL [0.50016434] FAKE [0.54700371] 
159 epoch LOSS [-1.57086247] Parameters [ 1.50919147  1.63243975  0.05373709  2.10072688  1.68536446  1.57115929
 -0.05599424  2.08062703] REAL [0.46159036] FAKE [0.54967468] 
160 epoch LOSS [-1.50230313] Parameters [ 1.50901719  1.63251855  0.05379857  2.06890218  1.68508584  1.57103358
 -0.05630749  2.04868165] REAL [0.49414388] FAKE [0.54948981] 
161 epoch LOSS [-1.57339505] Parameters [ 1.50902442  1.63246878  0.05431403  2.04059324  1.68517357  1.57108279
 -0.05584892  2.02038484] REAL [0.46203683] FAKE [0.55124777] 
162 epoch LOSS [-1.49773413] Parameters [ 1.50895476  1.63251289  0.0534334   2.01594372  1.68516268  1.57115044
 -0.05621706  1.99578936] REAL [0.49803155] FAKE [0.55095954] 
163 epoch LOSS [-1.57083116] Parameters [ 1.50909555  1.63259616  0.05352009  1.9943859   1.68516664  1.57112226
 -0.0564061   1.97416097] REAL [0.45714807] FAKE [0.54528445] 
164 epoch LOSS [-1.56592178] Parameters [ 1.50906152  1.63264047  0.05392772  1.9761193   1.68515284  1.57101634
 -0.05600776  1.95602329] REAL [0.46101505] FAKE [0.5468795] 
165 epoch LOSS [-1.52342759] Parameters [ 1.50901869  1.63262615  0.05383972  1.96073393  1.68524306  1.57100311
 -0.05659756  1.94062263] REAL [0.47520119] FAKE [0.54132372] 
166 epoch LOSS [-1.49848409] Parameters [ 1.5090451   1.6326133   0.05401183  1.94790648  1.68520948  1.57098143
 -0.05628204  1.92777638] REAL [0.48184221] FAKE [0.53622024] 
167 epoch LOSS [-1.46788578] Parameters [ 1.50904615  1.63268145  0.05433083  1.93735029  1.68515824  1.57096705
 -0.05653392  1.91730108] REAL [0.49190667] FAKE [0.53159384] 
168 epoch LOSS [-1.50057928] Parameters [ 1.50902109  1.63266236  0.05469721  1.92917344  1.68515202  1.57098488
 -0.0564336   1.90912765] REAL [0.47157918] FAKE [0.52711877] 
169 epoch LOSS [-1.41582222] Parameters [ 1.50902701  1.63266229  0.0544535   1.92315127  1.685151    1.57098012
 -0.05676715  1.90310566] REAL [0.50968715] FAKE [0.52377462] 
170 epoch LOSS [-1.39406449] Parameters [ 1.50901989  1.63266711  0.05443196  1.91891957  1.68514696  1.57097975
 -0.05636666  1.89908034] REAL [0.51452005] FAKE [0.51787108] 
171 epoch LOSS [-1.45098289] Parameters [ 1.50901846  1.63265841  0.05382594  1.91655778  1.68515395  1.57097016
 -0.0566383   1.89681155] REAL [0.48176846] FAKE [0.51358409] 
172 epoch LOSS [-1.39746353] Parameters [ 1.50904644  1.63266294  0.05441826  1.91612119  1.68515143  1.57096266
 -0.05649434  1.89631472] REAL [0.50515957] FAKE [0.51060367] 
173 epoch LOSS [-1.42292073] Parameters [ 1.50901044  1.63261363  0.05487066  1.9172927   1.68517926  1.57102426
 -0.056111    1.89750568] REAL [0.48848479] FAKE [0.5066191] 
174 epoch LOSS [-1.33476178] Parameters [ 1.50904446  1.63264712  0.05487126  1.92013705  1.68518119  1.57102186
 -0.05629748  1.90032944] REAL [0.52762947] FAKE [0.50112553] 
175 epoch LOSS [-1.36608488] Parameters [ 1.50907131  1.63261185  0.05522092  1.92446328  1.68528266  1.57095816
 -0.05565549  1.90462087] REAL [0.50709165] FAKE [0.49692769] 
176 epoch LOSS [-1.36322657] Parameters [ 1.50906402  1.63257005  0.05519974  1.93033884  1.68526799  1.57095625
 -0.05560703  1.91055404] REAL [0.50682922] FAKE [0.49522647] 
177 epoch LOSS [-1.32177238] Parameters [ 1.5089973   1.63265206  0.05497855  1.9377665   1.68530335  1.5709939
 -0.05538227  1.91796885] REAL [0.52511545] FAKE [0.49218357] 
178 epoch LOSS [-1.33967183] Parameters [ 1.50898595  1.63268295  0.05596885  1.94670907  1.68524483  1.57091432
 -0.05463169  1.92691164] REAL [0.50852114] FAKE [0.48491499] 
179 epoch LOSS [-1.27229532] Parameters [ 1.50886836  1.63263662  0.05606819  1.95714872  1.68531059  1.57081018
 -0.05495403  1.93736451] REAL [0.54027024] FAKE [0.48139331] 
180 epoch LOSS [-1.32382574] Parameters [ 1.50893354  1.63267194  0.05602321  1.96903742  1.68517755  1.57079938
 -0.05497459  1.94925453] REAL [0.51162028] FAKE [0.47985787] 
181 epoch LOSS [-1.27579563] Parameters [ 1.5088051   1.63265033  0.0567822   1.98246743  1.68507442  1.57090653
 -0.05472335  1.96269368] REAL [0.53584327] FAKE [0.47893583] 
182 epoch LOSS [-1.28265226] Parameters [ 1.50872203  1.63257844  0.05667327  1.99747475  1.68498697  1.57085555
 -0.05467975  1.97771269] REAL [0.53060961] FAKE [0.47739196] 
183 epoch LOSS [-1.26869392] Parameters [ 1.50884872  1.63229452  0.05725272  2.01397347  1.68503601  1.57107931
 -0.0542761   1.99419462] REAL [0.53383406] FAKE [0.47324708] 
184 epoch LOSS [-1.31518444] Parameters [ 1.50890497  1.63211024  0.05668649  2.0319178   1.68505376  1.5710437
 -0.05527202  2.0121083 ] REAL [0.50890293] FAKE [0.47254222] 
185 epoch LOSS [-1.26135801] Parameters [ 1.5090257   1.63206537  0.05681566  2.05128596  1.68504833  1.57122033
 -0.0552032   2.03150252] REAL [0.53526044] FAKE [0.4707827] 
186 epoch LOSS [-1.2465322] Parameters [ 1.50912736  1.63195871  0.05635049  2.07203174  1.68504128  1.57123177
 -0.05522128  2.05222705] REAL [0.54386581] FAKE [0.47137684] 
187 epoch LOSS [-1.29151862] Parameters [ 1.50935444  1.63216787  0.05642975  2.0940241   1.68521421  1.57111221
 -0.0545862   2.0742257 ] REAL [0.52151875] FAKE [0.47297567] 
188 epoch LOSS [-1.24369743] Parameters [ 1.50902631  1.63184281  0.05669527  2.1172313   1.68544426  1.57143456
 -0.05457517  2.09738872] REAL [0.54740825] FAKE [0.47330678] 
189 epoch LOSS [-1.28382836] Parameters [ 1.50896402  1.63188986  0.05650588  2.14141535  1.68576294  1.57155057
 -0.05478862  2.12158407] REAL [0.52540338] FAKE [0.4728338] 
190 epoch LOSS [-1.30123306] Parameters [ 1.50891613  1.6318124   0.05719661  2.16651322  1.68590463  1.57165978
 -0.05429003  2.14665853] REAL [0.51625769] FAKE [0.47275177] 
191 epoch LOSS [-1.30423922] Parameters [ 1.50884143  1.63171972  0.05615177  2.19225179  1.68588764  1.57174333
 -0.0542719   2.17249553] REAL [0.52547947] FAKE [0.48355943] 
192 epoch LOSS [-1.28479485] Parameters [ 1.50886339  1.63189126  0.05667378  2.21848059  1.68586335  1.5718147
 -0.053788    2.19870399] REAL [0.53029735] FAKE [0.47820342] 
193 epoch LOSS [-1.36023522] Parameters [ 1.50856611  1.63144896  0.05680551  2.24483798  1.6860798   1.57162156
 -0.05351924  2.22502027] REAL [0.50239572] FAKE [0.48924643] 
194 epoch LOSS [-1.36183033] Parameters [ 1.50859127  1.63158688  0.05666124  2.27110107  1.68623876  1.571454
 -0.05399738  2.25120208] REAL [0.50403053] FAKE [0.49171446] 
195 epoch LOSS [-1.33954792] Parameters [ 1.50875195  1.63164891  0.05655107  2.29718477  1.68620469  1.57159023
 -0.05438869  2.27731224] REAL [0.51591537] FAKE [0.49223441] 
196 epoch LOSS [-1.35960638] Parameters [ 1.5087566   1.63148356  0.0562375   2.32285105  1.68605491  1.57147204
 -0.05497579  2.30280976] REAL [0.51110304] FAKE [0.49763197] 
197 epoch LOSS [-1.33436197] Parameters [ 1.50880001  1.631198    0.0563662   2.34761934  1.68625026  1.57131154
 -0.05499228  2.32782159] REAL [0.52722588] FAKE [0.500544] 
198 epoch LOSS [-1.36604365] Parameters [ 1.50888818  1.63128513  0.05621239  2.3717523   1.68617363  1.57122727
 -0.05521313  2.35200231] REAL [0.5134514] FAKE [0.50313839] 
199 epoch LOSS [-1.39223177] Parameters [ 1.50888707  1.63121406  0.05741506  2.39459526  1.68605539  1.57116715
 -0.0545127   2.37479206] REAL [0.50500441] FAKE [0.50788539] 
200 epoch LOSS [-1.35513828] Parameters [ 1.50875094  1.63110091  0.05797797  2.41666784  1.68592729  1.57110758
 -0.05461156  2.39679417] REAL [0.5197929] FAKE [0.50381848] 
201 epoch LOSS [-1.35984235] Parameters [ 1.50873011  1.631241    0.05590852  2.43742174  1.68587552  1.57112148
 -0.05611795  2.41761652] REAL [0.52245283] FAKE [0.5086614] 
202 epoch LOSS [-1.409185] Parameters [ 1.50861734  1.63117697  0.05626874  2.45630605  1.68590894  1.57112412
 -0.05598182  2.43667985] REAL [0.49884589] FAKE [0.51018472] 
203 epoch LOSS [-1.37119604] Parameters [ 1.5087565   1.63108193  0.05688568  2.47348173  1.68597849  1.57115962
 -0.05502105  2.45395245] REAL [0.51842389] FAKE [0.51043302] 
204 epoch LOSS [-1.44010986] Parameters [ 1.50869087  1.63119022  0.05649674  2.48966188  1.68605415  1.57103183
 -0.05564765  2.47004057] REAL [0.48171951] FAKE [0.50821644] 
205 epoch LOSS [-1.42100723] Parameters [ 1.50872489  1.63115956  0.05566209  2.50378941  1.6860514   1.57100326
 -0.05594116  2.48403563] REAL [0.49307737] FAKE [0.51027832] 
206 epoch LOSS [-1.44420218] Parameters [ 1.50874843  1.63119216  0.05482834  2.515995    1.68607836  1.57099799
 -0.05628922  2.49634495] REAL [0.48027357] FAKE [0.50875032] 
207 epoch LOSS [-1.45161353] Parameters [ 1.50874402  1.6311422   0.0547582   2.52713383  1.68608565  1.57095759
 -0.05623472  2.50745501] REAL [0.47669931] FAKE [0.50872153] 
208 epoch LOSS [-1.40147126] Parameters [ 1.50878158  1.63113614  0.05508853  2.53650025  1.68607236  1.57095933
 -0.05564602  2.5169935 ] REAL [0.50002272] FAKE [0.50755353] 
209 epoch LOSS [-1.41196142] Parameters [ 1.50878133  1.63113395  0.05498873  2.54439939  1.68607711  1.57096267
 -0.05555166  2.52504605] REAL [0.49424239] FAKE [0.50699315] 
210 epoch LOSS [-1.43304509] Parameters [ 1.5087877   1.63113741  0.0551391   2.55084907  1.68606912  1.57097189
 -0.05478584  2.53141013] REAL [0.48361909] FAKE [0.50667515] 
211 epoch LOSS [-1.38128165] Parameters [ 1.50876975  1.6311316   0.05457846  2.55583867  1.68606872  1.57096393
 -0.05532221  2.53626704] REAL [0.50638991] FAKE [0.50382834] 
212 epoch LOSS [-1.43669622] Parameters [ 1.50876009  1.63115105  0.05350424  2.55983014  1.68608576  1.5709621
 -0.05621047  2.54009545] REAL [0.47813156] FAKE [0.50283179] 
213 epoch LOSS [-1.39149616] Parameters [ 1.50875439  1.63113402  0.05355358  2.56259316  1.6860673   1.57096155
 -0.05634147  2.5429892 ] REAL [0.499224] FAKE [0.50182097] 
214 epoch LOSS [-1.42645341] Parameters [ 1.50879525  1.63114254  0.05334566  2.56393492  1.6860296   1.57099769
 -0.05660705  2.54436035] REAL [0.48150926] FAKE [0.50123667] 
215 epoch LOSS [-1.36171505] Parameters [ 1.50882698  1.63118545  0.05405139  2.56445027  1.68597293  1.57101692
 -0.05636293  2.54490101] REAL [0.51382715] FAKE [0.50134794] 
216 epoch LOSS [-1.34691285] Parameters [ 1.50881354  1.63118421  0.05407642  2.5637069   1.68600256  1.57095036
 -0.05623723  2.54407614] REAL [0.52007202] FAKE [0.49998884] 
217 epoch LOSS [-1.34414615] Parameters [ 1.50888204  1.63118337  0.05404352  2.56185437  1.68598422  1.57101101
 -0.05680294  2.54228797] REAL [0.51814782] FAKE [0.49674156] 
218 epoch LOSS [-1.41905802] Parameters [ 1.50882386  1.63122192  0.05441986  2.5593024   1.68602264  1.57099643
 -0.05646257  2.53974442] REAL [0.48216994] FAKE [0.49822294] 
219 epoch LOSS [-1.35870558] Parameters [ 1.50886944  1.63123013  0.0553952   2.55566415  1.68604954  1.57095686
 -0.05524224  2.53610669] REAL [0.51017259] FAKE [0.4962622] 
220 epoch LOSS [-1.35622349] Parameters [ 1.50887908  1.63105993  0.05487462  2.55126738  1.68608173  1.57096664
 -0.05510891  2.5317113 ] REAL [0.51081647] FAKE [0.49564686] 
221 epoch LOSS [-1.33987201] Parameters [ 1.50885485  1.63093866  0.05478823  2.5459479   1.68608854  1.57110479
 -0.05522572  2.52615298] REAL [0.51699228] FAKE [0.4934563] 
222 epoch LOSS [-1.3963632] Parameters [ 1.50878496  1.63102151  0.05523439  2.5398758   1.68618871  1.5710688
 -0.05520888  2.51999828] REAL [0.49129609] FAKE [0.49623979] 
223 epoch LOSS [-1.40804056] Parameters [ 1.50890764  1.63118654  0.05508107  2.53306669  1.68617108  1.57103422
 -0.05498335  2.51315914] REAL [0.48648753] FAKE [0.49716669] 
224 epoch LOSS [-1.33619636] Parameters [ 1.50877044  1.63113018  0.05423168  2.52555073  1.68617411  1.57095213
 -0.05575014  2.50565377] REAL [0.51753125] FAKE [0.49212046] 
225 epoch LOSS [-1.33464268] Parameters [ 1.50872425  1.631157    0.05348064  2.51773468  1.68608216  1.57091703
 -0.05623099  2.4977767 ] REAL [0.52069219] FAKE [0.49441872] 
226 epoch LOSS [-1.37084805] Parameters [ 1.50857232  1.63130747  0.05252463  2.50927728  1.68599637  1.57088209
 -0.05676416  2.48941076] REAL [0.5009673] FAKE [0.49319735] 
227 epoch LOSS [-1.31268156] Parameters [ 1.50856617  1.63135887  0.05290061  2.50037209  1.68600165  1.57077481
 -0.05630611  2.48046598] REAL [0.53078977] FAKE [0.49302436] 
228 epoch LOSS [-1.39444381] Parameters [ 1.50861464  1.63132559  0.05306333  2.49101443  1.68594905  1.57075437
 -0.05596506  2.47111544] REAL [0.48585044] FAKE [0.48961472] 
229 epoch LOSS [-1.39909784] Parameters [ 1.5085256   1.63122938  0.05304028  2.48140781  1.68596963  1.57085652
 -0.05567137  2.46142645] REAL [0.48678955] FAKE [0.4929646] 
230 epoch LOSS [-1.37116329] Parameters [ 1.5087743   1.63134107  0.05369487  2.47117915  1.6860225   1.57082591
 -0.0552424   2.45140385] REAL [0.50179829] FAKE [0.4941961] 
231 epoch LOSS [-1.36206332] Parameters [ 1.50879023  1.63123471  0.05409472  2.46133565  1.68596898  1.57088778
 -0.05479456  2.44157251] REAL [0.50797025] FAKE [0.49577411] 
232 epoch LOSS [-1.39933877] Parameters [ 1.50874286  1.63136085  0.05304579  2.45122545  1.68593741  1.57086298
 -0.05637978  2.431073  ] REAL [0.49070331] FAKE [0.49712979] 
233 epoch LOSS [-1.36786059] Parameters [ 1.50877083  1.63143015  0.05308727  2.44066252  1.68585616  1.57085613
 -0.05613904  2.42067679] REAL [0.50462761] FAKE [0.49536812] 
234 epoch LOSS [-1.3554561] Parameters [ 1.50864225  1.63134792  0.05334411  2.43059895  1.68579766  1.57075353
 -0.05611624  2.41041548] REAL [0.51111903] FAKE [0.49555845] 
235 epoch LOSS [-1.39401225] Parameters [ 1.50867503  1.631433    0.05342034  2.42013589  1.68584231  1.57079774
 -0.05602374  2.39997866] REAL [0.49290343] FAKE [0.4967007] 
236 epoch LOSS [-1.38746912] Parameters [ 1.50863232  1.63133789  0.05338059  2.41015219  1.68582293  1.57081924
 -0.05588637  2.38990946] REAL [0.49502034] FAKE [0.49556318] 
237 epoch LOSS [-1.3604494] Parameters [ 1.5086399   1.6313359   0.05321301  2.40031808  1.68582769  1.57084665
 -0.05624926  2.38020274] REAL [0.51119735] FAKE [0.4981479] 
238 epoch LOSS [-1.33651545] Parameters [ 1.50867263  1.63136973  0.05333999  2.39049632  1.68578537  1.57086978
 -0.05617011  2.37034325] REAL [0.52420463] FAKE [0.49874599] 
239 epoch LOSS [-1.40397875] Parameters [ 1.50866994  1.63132332  0.05288256  2.38102346  1.68574201  1.57091119
 -0.05669981  2.36093117] REAL [0.48743941] FAKE [0.49610606] 
240 epoch LOSS [-1.36339789] Parameters [ 1.50867079  1.63137257  0.05394732  2.37204331  1.68578997  1.57098366
 -0.05590456  2.35184163] REAL [0.50797564] FAKE [0.49645193] 
241 epoch LOSS [-1.41905212] Parameters [ 1.50872422  1.63131503  0.05423845  2.36355302  1.68576018  1.57096376
 -0.05619577  2.34321683] REAL [0.4809818] FAKE [0.49698047] 
242 epoch LOSS [-1.38038889] Parameters [ 1.50875024  1.63119217  0.054075    2.35497031  1.68580431  1.57090725
 -0.05649383  2.3348396 ] REAL [0.5005398] FAKE [0.49758094] 
243 epoch LOSS [-1.38988801] Parameters [ 1.50874753  1.63114609  0.05424782  2.34696866  1.68570292  1.57094128
 -0.05594934  2.32682522] REAL [0.49709426] FAKE [0.49888136] 
244 epoch LOSS [-1.39881719] Parameters [ 1.50876737  1.63112963  0.05457028  2.33958887  1.68576626  1.57091951
 -0.05602575  2.31948076] REAL [0.49444541] FAKE [0.50067528] 
245 epoch LOSS [-1.37946445] Parameters [ 1.50879609  1.63125547  0.05415423  2.33273677  1.68576157  1.57097023
 -0.05666628  2.31261214] REAL [0.50339342] FAKE [0.49996699] 
246 epoch LOSS [-1.41583324] Parameters [ 1.50879325  1.63125387  0.05464348  2.32596375  1.68573499  1.57094175
 -0.05637248  2.30595054] REAL [0.48334373] FAKE [0.49782469] 
247 epoch LOSS [-1.40390158] Parameters [ 1.50881075  1.63129515  0.05429234  2.3201675   1.68576039  1.57094041
 -0.05620541  2.3000551 ] REAL [0.49180755] FAKE [0.500543] 
248 epoch LOSS [-1.38142975] Parameters [ 1.50883094  1.63124719  0.0537288   2.3149648   1.68574278  1.57097197
 -0.05696257  2.29499409] REAL [0.50196602] FAKE [0.49952964] 
249 epoch LOSS [-1.37600964] Parameters [ 1.50877561  1.63126156  0.05492108  2.31048003  1.68569674  1.57100479
 -0.05606714  2.29060188] REAL [0.50520349] FAKE [0.50003423] 
250 epoch LOSS [-1.38302828] Parameters [ 1.50879666  1.63128589  0.05494857  2.30601148  1.68567947  1.57102552
 -0.05626457  2.28613119] REAL [0.50125373] FAKE [0.49961897] 
251 epoch LOSS [-1.35865997] Parameters [ 1.50881408  1.63127246  0.05566506  2.30269016  1.68568313  1.57101475
 -0.05590856  2.28293044] REAL [0.51341941] FAKE [0.49942496] 
252 epoch LOSS [-1.42373456] Parameters [ 1.50881215  1.63127414  0.05549162  2.29997267  1.68569935  1.57101696
 -0.05620517  2.28005789] REAL [0.4839254] FAKE [0.50237577] 
253 epoch LOSS [-1.34049304] Parameters [ 1.50882427  1.6312818   0.05552033  2.29753246  1.68569921  1.57103224
 -0.05609981  2.27749713] REAL [0.52425445] FAKE [0.50078325] 
254 epoch LOSS [-1.36720587] Parameters [ 1.50882248  1.63128019  0.05538679  2.2959523   1.68570211  1.57104682
 -0.05649705  2.27610597] REAL [0.5093463] FAKE [0.49971569] 
255 epoch LOSS [-1.35058894] Parameters [ 1.50883151  1.63128499  0.05569745  2.2946616   1.68570313  1.57104423
 -0.05648058  2.27467905] REAL [0.51794336] FAKE [0.49977614] 
256 epoch LOSS [-1.39070994] Parameters [ 1.50884117  1.63127935  0.05511089  2.29380514  1.68571282  1.57106771
 -0.05654767  2.27389705] REAL [0.4970007] FAKE [0.49919881] 
257 epoch LOSS [-1.36573511] Parameters [ 1.50885296  1.63128445  0.055335    2.29349934  1.68570623  1.57107466
 -0.05670907  2.27341495] REAL [0.50915493] FAKE [0.49879104] 
258 epoch LOSS [-1.34183068] Parameters [ 1.50882914  1.63128902  0.05562542  2.29342646  1.68570143  1.57107367
 -0.0566926   2.27349187] REAL [0.52017538] FAKE [0.49754109] 
259 epoch LOSS [-1.39515941] Parameters [ 1.50884699  1.63127928  0.05577178  2.29374042  1.68569128  1.57106562
 -0.05655947  2.2740265 ] REAL [0.49416813] FAKE [0.49856432] 
260 epoch LOSS [-1.38665698] Parameters [ 1.50884925  1.6312961   0.05608158  2.2950121   1.68568306  1.57105149
 -0.05630685  2.27525763] REAL [0.49830039] FAKE [0.49847649] 
261 epoch LOSS [-1.42040718] Parameters [ 1.50885712  1.6312859   0.05644867  2.29648006  1.68567291  1.57105745
 -0.05601148  2.27667951] REAL [0.48096496] FAKE [0.49764403] 
262 epoch LOSS [-1.38094259] Parameters [ 1.50887322  1.63126525  0.05657949  2.29829309  1.68567728  1.57107606
 -0.05623027  2.27846324] REAL [0.50155595] FAKE [0.49887639] 
263 epoch LOSS [-1.4249548] Parameters [ 1.5088703   1.6312769   0.05684819  2.30058283  1.68564567  1.57103588
 -0.05550419  2.28064136] REAL [0.48069267] FAKE [0.4996401] 
264 epoch LOSS [-1.40329507] Parameters [ 1.50884729  1.63130872  0.05648867  2.30289479  1.68563338  1.57099717
 -0.05643267  2.28300138] REAL [0.48968531] FAKE [0.49807408] 
265 epoch LOSS [-1.34952554] Parameters [ 1.50886584  1.63129524  0.05626788  2.30531865  1.68568115  1.57101877
 -0.05663309  2.28562583] REAL [0.51798372] FAKE [0.49928294] 
266 epoch LOSS [-1.35755623] Parameters [ 1.50885046  1.63132341  0.05602334  2.308574    1.68574139  1.57101981
 -0.05730562  2.28873917] REAL [0.51399606] FAKE [0.49943437] 
267 epoch LOSS [-1.39670289] Parameters [ 1.50890592  1.63134275  0.05650197  2.31182372  1.68576883  1.57102188
 -0.05687033  2.29209381] REAL [0.49289483] FAKE [0.49804431] 
268 epoch LOSS [-1.33571423] Parameters [ 1.50887049  1.63130721  0.05636942  2.31491917  1.68579368  1.57103646
 -0.05708378  2.29527618] REAL [0.5237244] FAKE [0.49788422] 
269 epoch LOSS [-1.36754011] Parameters [ 1.50885744  1.63130639  0.05561822  2.3187607   1.68578662  1.57102307
 -0.05775511  2.29907336] REAL [0.50714241] FAKE [0.49770952] 
270 epoch LOSS [-1.4131526] Parameters [ 1.50883088  1.63132412  0.05613089  2.32257519  1.68572638  1.57098405
 -0.05791881  2.30281436] REAL [0.48612876] FAKE [0.49936143] 
271 epoch LOSS [-1.34775801] Parameters [ 1.50888536  1.6313019   0.05723622  2.32665937  1.68567649  1.57098315
 -0.05746098  2.30669528] REAL [0.51885583] FAKE [0.49924023] 
272 epoch LOSS [-1.41349595] Parameters [ 1.50885824  1.63134366  0.05645838  2.33039038  1.68563091  1.57100364
 -0.05809607  2.31039818] REAL [0.48625514] FAKE [0.49966337] 
273 epoch LOSS [-1.35433114] Parameters [ 1.50884036  1.63138231  0.05696669  2.3346326   1.68565739  1.57100521
 -0.05726389  2.31454263] REAL [0.51418798] FAKE [0.49800483] 
274 epoch LOSS [-1.40847857] Parameters [ 1.50883152  1.63139382  0.0567494   2.3386893   1.68566681  1.57105917
 -0.05827256  2.31863488] REAL [0.48855945] FAKE [0.4995184] 
275 epoch LOSS [-1.33767937] Parameters [ 1.50883451  1.63142334  0.05718805  2.34265055  1.68567902  1.57109849
 -0.05819439  2.32277775] REAL [0.52402934] FAKE [0.49916159] 
276 epoch LOSS [-1.35578378] Parameters [ 1.50882992  1.63143051  0.0565108   2.34651381  1.68564647  1.57112155
 -0.05894228  2.32667015] REAL [0.5135148] FAKE [0.49807639] 
277 epoch LOSS [-1.41014353] Parameters [ 1.50884323  1.63148802  0.05690417  2.35043901  1.68566798  1.57110888
 -0.05880558  2.33063185] REAL [0.48661172] FAKE [0.49835108] 
278 epoch LOSS [-1.33624827] Parameters [ 1.50883653  1.63149361  0.05641372  2.35439127  1.68561936  1.57110204
 -0.05864462  2.33468531] REAL [0.52417415] FAKE [0.49858289] 
279 epoch LOSS [-1.42652383] Parameters [ 1.50879952  1.63149208  0.0558948   2.35804132  1.68559651  1.57113672
 -0.0588973   2.3383053 ] REAL [0.47990158] FAKE [0.49960104] 
280 epoch LOSS [-1.39425569] Parameters [ 1.50882468  1.6314639   0.0560458   2.36163689  1.68558346  1.57115727
 -0.05863505  2.34193044] REAL [0.4970824] FAKE [0.50105341] 
281 epoch LOSS [-1.42845805] Parameters [ 1.50881046  1.63148311  0.0557876   2.36508789  1.68557236  1.57114828
 -0.0583722   2.34544073] REAL [0.48042352] FAKE [0.50111058] 
282 epoch LOSS [-1.36762582] Parameters [ 1.5087842   1.6315082   0.05629319  2.36846001  1.68556616  1.5711343
 -0.05823431  2.34867248] REAL [0.50755186] FAKE [0.49815775] 
283 epoch LOSS [-1.37581214] Parameters [ 1.50880247  1.63151946  0.05610021  2.37145812  1.68555103  1.57113412
 -0.05801334  2.35181614] REAL [0.50187406] FAKE [0.49661805] 
284 epoch LOSS [-1.42072223] Parameters [ 1.50879827  1.63151193  0.05597612  2.37407087  1.68555135  1.571151
 -0.05798573  2.35433754] REAL [0.48095829] FAKE [0.49779532] 
285 epoch LOSS [-1.37627615] Parameters [ 1.50881118  1.63151953  0.05555069  2.37659962  1.68554747  1.57115074
 -0.05817757  2.35713641] REAL [0.50341448] FAKE [0.49839119] 
286 epoch LOSS [-1.42605454] Parameters [ 1.50879646  1.63153485  0.05515239  2.37907801  1.68555808  1.57115821
 -0.0580505   2.35945879] REAL [0.4794075] FAKE [0.4988502] 
287 epoch LOSS [-1.40645683] Parameters [ 1.50879771  1.63152573  0.05468726  2.38162416  1.68556338  1.57114634
 -0.05817231  2.36164173] REAL [0.48853376] FAKE [0.49847917] 
288 epoch LOSS [-1.42650565] Parameters [ 1.50880082  1.63152472  0.05594852  2.38365845  1.68554941  1.57115405
 -0.0573481   2.36360054] REAL [0.47927179] FAKE [0.49893439] 
289 epoch LOSS [-1.39429836] Parameters [ 1.50879861  1.6315224   0.0553819   2.38593897  1.68554701  1.57115507
 -0.0576432   2.36580954] REAL [0.49639376] FAKE [0.50038254] 
290 epoch LOSS [-1.3532033] Parameters [ 1.50880362  1.63152704  0.05503013  2.38779772  1.68552714  1.57115862
 -0.05774393  2.36755967] REAL [0.51672194] FAKE [0.49990286] 
291 epoch LOSS [-1.33989793] Parameters [ 1.50879465  1.63153213  0.05573436  2.38915642  1.68552387  1.57115413
 -0.05725694  2.36903797] REAL [0.52326691] FAKE [0.49954336] 
292 epoch LOSS [-1.39466207] Parameters [ 1.50878302  1.63155634  0.05590873  2.39013807  1.68553348  1.57115155
 -0.05718535  2.37017177] REAL [0.49507257] FAKE [0.49923139] 
293 epoch LOSS [-1.39722683] Parameters [ 1.50877841  1.63156458  0.05598311  2.39119764  1.68554674  1.57114846
 -0.05655933  2.37131756] REAL [0.49325039] FAKE [0.49866889] 
294 epoch LOSS [-1.39363698] Parameters [ 1.50877861  1.63155751  0.05567533  2.39210603  1.68553124  1.57113685
 -0.05642887  2.3722373 ] REAL [0.49456781] FAKE [0.49820618] 
295 epoch LOSS [-1.38556724] Parameters [ 1.50876876  1.63155974  0.05497959  2.39268513  1.68553184  1.5711381
 -0.05720291  2.37275471] REAL [0.49934175] FAKE [0.49897671] 
296 epoch LOSS [-1.35431369] Parameters [ 1.50877641  1.63155893  0.05486284  2.39343658  1.68552543  1.57112454
 -0.05742047  2.37339834] REAL [0.51524978] FAKE [0.49903057] 
297 epoch LOSS [-1.41299517] Parameters [ 1.5087694   1.63156817  0.05453365  2.39379481  1.68551443  1.57114036
 -0.05743451  2.37365307] REAL [0.48566918] FAKE [0.49880879] 
298 epoch LOSS [-1.34306035] Parameters [ 1.50878096  1.6315688   0.05434467  2.39401086  1.68551964  1.57113017
 -0.05794813  2.37378873] REAL [0.5207215] FAKE [0.4986849] 
299 epoch LOSS [-1.38159181] Parameters [ 1.50878102  1.63159072  0.0534121   2.39415923  1.68554267  1.57114923
 -0.05851895  2.37387141] REAL [0.5021378] FAKE [0.49978192] 
