RUN 11_12_2021__16_50_36 
0 epoch LOSS [-1.75919619] Parameters [1.52650993 1.53338876 1.56598913 1.54989178 1.62577849 1.59568434
 1.50477837 1.61581175] REAL [0.76421671] FAKE [0.77469321] 
1 epoch LOSS [-1.62814799] Parameters [1.52651682 1.53338203 1.56664784 1.55088404 1.62577468 1.59568035
 1.50540426 1.61675266] REAL [0.72557781] FAKE [0.72946696] 
2 epoch LOSS [-1.53280518] Parameters [1.52651818 1.53338254 1.56713564 1.55165185 1.62577205 1.59567809
 1.50592046 1.6176038 ] REAL [0.69286217] FAKE [0.68835202] 
3 epoch LOSS [-1.47361914] Parameters [1.52651662 1.53337867 1.56748318 1.55282343 1.62576765 1.59568316
 1.50631716 1.61874366] REAL [0.65935223] FAKE [0.65254556] 
4 epoch LOSS [-1.42693261] Parameters [1.52651535 1.53337669 1.56776296 1.55380589 1.62576806 1.59568486
 1.50665086 1.61971068] REAL [0.63496239] FAKE [0.6219554] 
5 epoch LOSS [-1.3939253] Parameters [1.52651091 1.53337872 1.56799919 1.55464778 1.62576806 1.59568706
 1.50688868 1.62046313] REAL [0.61459908] FAKE [0.59632298] 
6 epoch LOSS [-1.36760854] Parameters [1.52650685 1.53338003 1.56816169 1.55549071 1.62577016 1.59568983
 1.50705283 1.62127918] REAL [0.59915112] FAKE [0.57487291] 
7 epoch LOSS [-1.33871681] Parameters [1.52650886 1.53337933 1.56828227 1.5565499  1.62576483 1.59569118
 1.50715813 1.6223983 ] REAL [0.59185063] FAKE [0.55701343] 
8 epoch LOSS [-1.32543445] Parameters [1.52650617 1.53338319 1.56831584 1.55734041 1.62576629 1.59569526
 1.5071876  1.62332613] REAL [0.58008655] FAKE [0.54198644] 
9 epoch LOSS [-1.30437064] Parameters [1.52650829 1.53337396 1.56829849 1.55862973 1.62576573 1.5956964
 1.50717926 1.62448598] REAL [0.57677548] FAKE [0.52955133] 
10 epoch LOSS [-1.28593972] Parameters [1.52651041 1.53337443 1.56824195 1.55950781 1.62576171 1.59568797
 1.50711155 1.62547804] REAL [0.57434835] FAKE [0.51877509] 
11 epoch LOSS [-1.27421225] Parameters [1.52652108 1.53337264 1.56812107 1.56049469 1.62575748 1.59568213
 1.50698485 1.62638778] REAL [0.57018375] FAKE [0.50954201] 
12 epoch LOSS [-1.26213058] Parameters [1.52651492 1.53337794 1.56795193 1.56169075 1.62576062 1.59568699
 1.50684127 1.62752561] REAL [0.56794903] FAKE [0.50162724] 
13 epoch LOSS [-1.24256327] Parameters [1.52651819 1.53337579 1.56773972 1.5629674  1.62575536 1.59568817
 1.50661506 1.62895521] REAL [0.57115912] FAKE [0.49463576] 
14 epoch LOSS [-1.22457443] Parameters [1.5265269  1.53337091 1.56746434 1.56411825 1.62575821 1.5956831
 1.50630391 1.6301787 ] REAL [0.57434089] FAKE [0.48831305] 
15 epoch LOSS [-1.21181949] Parameters [1.52652654 1.53336472 1.56722746 1.56547288 1.62575394 1.59568313
 1.50601794 1.63146064] REAL [0.57543252] FAKE [0.48272787] 
16 epoch LOSS [-1.19639376] Parameters [1.52652521 1.5333638  1.56683387 1.56661877 1.62575079 1.59568746
 1.50560789 1.63255871] REAL [0.57841211] FAKE [0.47739277] 
17 epoch LOSS [-1.18604179] Parameters [1.52651918 1.53336991 1.56638189 1.56824411 1.6257562  1.59569256
 1.50515705 1.63407259] REAL [0.57890408] FAKE [0.4724034] 
18 epoch LOSS [-1.17095548] Parameters [1.52651791 1.53337978 1.56584393 1.5698414  1.62575278 1.59570436
 1.50465297 1.63584204] REAL [0.58244201] FAKE [0.46763707] 
19 epoch LOSS [-1.15573998] Parameters [1.52651903 1.53336885 1.56532144 1.57138373 1.6257644  1.59571224
 1.50413142 1.6375006 ] REAL [0.5864649] FAKE [0.46318273] 
20 epoch LOSS [-1.1403366] Parameters [1.52651887 1.53337769 1.56471065 1.57304844 1.62576121 1.59571617
 1.50348458 1.63922117] REAL [0.59078676] FAKE [0.45883792] 
21 epoch LOSS [-1.12529071] Parameters [1.52650307 1.53338236 1.56401547 1.5748479  1.6257625  1.59572115
 1.50284247 1.64097583] REAL [0.59464022] FAKE [0.45419417] 
22 epoch LOSS [-1.1120617] Parameters [1.52649576 1.53338134 1.56321325 1.57708171 1.62575957 1.59573068
 1.50207346 1.64316575] REAL [0.59819363] FAKE [0.45021112] 
23 epoch LOSS [-1.09842514] Parameters [1.52649802 1.53340573 1.56228046 1.57933532 1.62574387 1.59573417
 1.50119205 1.64550945] REAL [0.6017277] FAKE [0.44593589] 
24 epoch LOSS [-1.08522212] Parameters [1.5264875  1.53340466 1.56136152 1.58172546 1.62573651 1.59573305
 1.50020725 1.64812474] REAL [0.6054156] FAKE [0.44199202] 
25 epoch LOSS [-1.07033929] Parameters [1.52649512 1.53340842 1.56040007 1.58421967 1.62573184 1.59574482
 1.49918993 1.65057214] REAL [0.60949601] FAKE [0.4374169] 
26 epoch LOSS [-1.05715622] Parameters [1.52650789 1.53341829 1.5593499  1.58725333 1.62570632 1.59572159
 1.49809159 1.65340252] REAL [0.61317306] FAKE [0.43336966] 
27 epoch LOSS [-1.0431713] Parameters [1.52649755 1.53341798 1.5580813  1.59014804 1.62570505 1.59570572
 1.49684039 1.65635335] REAL [0.61714385] FAKE [0.42908683] 
28 epoch LOSS [-1.03117176] Parameters [1.5264892  1.53340678 1.55690939 1.59341646 1.62570099 1.59568016
 1.49571795 1.65982975] REAL [0.62081108] FAKE [0.42560806] 
29 epoch LOSS [-1.01766388] Parameters [1.52647836 1.53341136 1.5553979  1.59676674 1.62569617 1.59567635
 1.49408555 1.66325566] REAL [0.62376259] FAKE [0.42055146] 
30 epoch LOSS [-1.00489805] Parameters [1.52649055 1.53342456 1.5539925  1.60045246 1.62570096 1.59568192
 1.49261227 1.66699809] REAL [0.62753103] FAKE [0.41663131] 
31 epoch LOSS [-0.99000986] Parameters [1.52650884 1.53344803 1.55255125 1.60437749 1.62569797 1.59570489
 1.49114717 1.67093803] REAL [0.63235875] FAKE [0.41240154] 
32 epoch LOSS [-0.97917112] Parameters [1.52649167 1.53344195 1.55087258 1.60876286 1.62571776 1.59569267
 1.48933343 1.67554715] REAL [0.6352312] FAKE [0.40868408] 
33 epoch LOSS [-0.96679659] Parameters [1.52648064 1.53344578 1.54907567 1.61344948 1.62573241 1.59568699
 1.48755181 1.68032881] REAL [0.63903744] FAKE [0.40488723] 
34 epoch LOSS [-0.95785937] Parameters [1.52643811 1.53344024 1.54714429 1.61889441 1.62576416 1.59568911
 1.48566259 1.68561964] REAL [0.64087485] FAKE [0.40126626] 
35 epoch LOSS [-0.94216443] Parameters [1.52644903 1.53339088 1.54479685 1.62445347 1.62574374 1.59567971
 1.48331033 1.69088248] REAL [0.64695119] FAKE [0.39750746] 
36 epoch LOSS [-0.93102401] Parameters [1.52646544 1.53339903 1.54248031 1.63085292 1.62575666 1.59566946
 1.4809797  1.69708524] REAL [0.64907699] FAKE [0.39275326] 
37 epoch LOSS [-0.92107116] Parameters [1.52652128 1.53342399 1.54003389 1.63684958 1.62572606 1.5956722
 1.47852228 1.70351824] REAL [0.65137139] FAKE [0.38883961] 
38 epoch LOSS [-0.91116654] Parameters [1.52652459 1.53340185 1.53739599 1.64392287 1.62572149 1.59564658
 1.47603132 1.71021631] REAL [0.65434719] FAKE [0.38556329] 
39 epoch LOSS [-0.89449984] Parameters [1.52651819 1.5334215  1.53474799 1.65151235 1.62568016 1.59564573
 1.47363146 1.71769703] REAL [0.6606043] FAKE [0.38115446] 
40 epoch LOSS [-0.88838451] Parameters [1.52652932 1.53338498 1.53186883 1.65973111 1.62572093 1.59561077
 1.47058122 1.72585183] REAL [0.6615249] FAKE [0.37822492] 
41 epoch LOSS [-0.87108223] Parameters [1.52651918 1.53335696 1.52898468 1.66827521 1.6257513  1.59558436
 1.4676771  1.73454911] REAL [0.66700743] FAKE [0.37257312] 
42 epoch LOSS [-0.86545762] Parameters [1.52654084 1.53331556 1.52579607 1.67813203 1.62576661 1.59558665
 1.46455166 1.74448573] REAL [0.66963215] FAKE [0.3715073] 
43 epoch LOSS [-0.8527952] Parameters [1.52649953 1.53336748 1.52259163 1.68781837 1.62581903 1.59555437
 1.46114984 1.7547222 ] REAL [0.67220777] FAKE [0.36593727] 
44 epoch LOSS [-0.84818234] Parameters [1.52645283 1.5333509  1.51837863 1.69847486 1.62577207 1.59552666
 1.45710082 1.765658  ] REAL [0.672896] FAKE [0.36365719] 
45 epoch LOSS [-0.83907156] Parameters [1.52644211 1.5333197  1.51429103 1.71021846 1.62571747 1.59551699
 1.45291335 1.77754208] REAL [0.67544072] FAKE [0.36025248] 
46 epoch LOSS [-0.82697489] Parameters [1.52656572 1.53323069 1.51006575 1.72341326 1.62567688 1.59555494
 1.44866928 1.7909851 ] REAL [0.68166061] FAKE [0.35837516] 
47 epoch LOSS [-0.81404584] Parameters [1.52663733 1.53321898 1.5056078  1.73738655 1.62566286 1.59551872
 1.44396947 1.80488524] REAL [0.68563624] FAKE [0.35379455] 
48 epoch LOSS [-0.81083713] Parameters [1.526641   1.533261   1.50084324 1.75311386 1.62563573 1.59539117
 1.43912184 1.82040478] REAL [0.68715034] FAKE [0.35314618] 
49 epoch LOSS [-0.80771178] Parameters [1.5266199  1.53318805 1.49548743 1.76985774 1.62563021 1.59532634
 1.4336212  1.83701025] REAL [0.68641833] FAKE [0.3504294] 
50 epoch LOSS [-0.79894532] Parameters [1.52672694 1.53313331 1.48956369 1.7879684  1.62559234 1.59525107
 1.42773366 1.85489489] REAL [0.68782463] FAKE [0.34604972] 
51 epoch LOSS [-0.78280059] Parameters [1.52672125 1.53308649 1.4834318  1.80726544 1.62559648 1.59534523
 1.42173532 1.87426493] REAL [0.69545947] FAKE [0.34270217] 
52 epoch LOSS [-0.77740896] Parameters [1.52661181 1.53300216 1.47692679 1.82820689 1.6256022  1.5953898
 1.41536025 1.89479469] REAL [0.69614632] FAKE [0.33980072] 
53 epoch LOSS [-0.78214811] Parameters [1.52661706 1.53299824 1.46999651 1.85112267 1.62556561 1.59532215
 1.4086112  1.91759331] REAL [0.69462241] FAKE [0.34148056] 
54 epoch LOSS [-0.77372664] Parameters [1.52663619 1.53303667 1.46234495 1.87631388 1.6256548  1.5953212
 1.40089089 1.94259493] REAL [0.70088418] FAKE [0.34184447] 
55 epoch LOSS [-0.77162912] Parameters [1.52670809 1.53301715 1.45368757 1.90407639 1.62569382 1.59523888
 1.3918383  1.97028577] REAL [0.69718327] FAKE [0.33696146] 
56 epoch LOSS [-0.75940224] Parameters [1.52697771 1.53330322 1.44462264 1.93335671 1.62542755 1.59539175
 1.38328346 2.0003808 ] REAL [0.70167751] FAKE [0.3331038] 
57 epoch LOSS [-0.76934715] Parameters [1.52704177 1.53306803 1.43464117 1.9651879  1.62556553 1.5954627
 1.37356852 2.03233825] REAL [0.69818314] FAKE [0.33639841] 
58 epoch LOSS [-0.77164242] Parameters [1.52722529 1.53317714 1.42391828 2.00050964 1.62539935 1.59565463
 1.36315083 2.06746748] REAL [0.70446698] FAKE [0.34382556] 
59 epoch LOSS [-0.77932024] Parameters [1.52702191 1.53303031 1.41207125 2.03840796 1.62542848 1.59558774
 1.35129419 2.10528938] REAL [0.69620839] FAKE [0.34112009] 
60 epoch LOSS [-0.78787233] Parameters [1.52721683 1.53297047 1.39930737 2.07946774 1.62547855 1.59598487
 1.33872595 2.14666109] REAL [0.69760797] FAKE [0.34804148] 
61 epoch LOSS [-0.78942302] Parameters [1.52706608 1.53296007 1.3855734  2.12283335 1.62537637 1.59595567
 1.32512565 2.18980258] REAL [0.69250281] FAKE [0.34425287] 
62 epoch LOSS [-0.79062235] Parameters [1.52698941 1.53296901 1.37104662 2.16899332 1.6252681  1.59620554
 1.30994494 2.23596925] REAL [0.69292302] FAKE [0.34543604] 
63 epoch LOSS [-0.82769561] Parameters [1.52728491 1.53291379 1.35459314 2.21730058 1.62503224 1.59632716
 1.29385043 2.28421332] REAL [0.68600853] FAKE [0.36290111] 
64 epoch LOSS [-0.83870472] Parameters [1.52702082 1.53319889 1.33808999 2.26703887 1.62461257 1.59623678
 1.2772494  2.33367651] REAL [0.6835012] FAKE [0.36756502] 
65 epoch LOSS [-0.86261405] Parameters [1.52669069 1.53343298 1.32008577 2.31734158 1.62469689 1.59591402
 1.25983874 2.38380362] REAL [0.67549867] FAKE [0.37519143] 
66 epoch LOSS [-0.88469535] Parameters [1.52652743 1.53365049 1.30122641 2.36734473 1.6251984  1.59597306
 1.24128086 2.43408093] REAL [0.66944011] FAKE [0.38330566] 
67 epoch LOSS [-0.92369075] Parameters [1.52639536 1.53335902 1.28260997 2.4169355  1.62526695 1.59642237
 1.22300223 2.48382216] REAL [0.65589795] FAKE [0.39464529] 
68 epoch LOSS [-0.94852938] Parameters [1.52642437 1.5338421  1.26335483 2.46446441 1.62518922 1.5966863
 1.20372711 2.53140476] REAL [0.64574619] FAKE [0.40021297] 
69 epoch LOSS [-0.95036695] Parameters [1.52622089 1.53394073 1.24416966 2.50973377 1.62519734 1.59678826
 1.18410017 2.57690454] REAL [0.64125988] FAKE [0.39712565] 
70 epoch LOSS [-0.99033194] Parameters [1.52619636 1.53383363 1.22471594 2.55236085 1.62500619 1.59631543
 1.16447149 2.61979885] REAL [0.63168857] FAKE [0.41196757] 
71 epoch LOSS [-0.98128004] Parameters [1.52600622 1.53357759 1.20456979 2.59186126 1.62474262 1.59582287
 1.14473554 2.6593736 ] REAL [0.62135842] FAKE [0.39675559] 
72 epoch LOSS [-1.01611826] Parameters [1.52596199 1.53362101 1.184797   2.62813214 1.62500553 1.59618324
 1.12477845 2.69567746] REAL [0.60858236] FAKE [0.40517928] 
73 epoch LOSS [-1.00565644] Parameters [1.52615958 1.53337151 1.16453298 2.66125298 1.62534318 1.59619373
 1.10447847 2.72872687] REAL [0.61274308] FAKE [0.40300521] 
74 epoch LOSS [-1.01052466] Parameters [1.52614455 1.53328058 1.14349749 2.6913721  1.62560947 1.59625218
 1.08395647 2.75882506] REAL [0.61208617] FAKE [0.40526685] 
75 epoch LOSS [-0.99936513] Parameters [1.52629766 1.53306199 1.12216325 2.71860196 1.62591189 1.59635106
 1.06239968 2.78614558] REAL [0.6103883] FAKE [0.39691985] 
76 epoch LOSS [-0.99877399] Parameters [1.52647715 1.53324264 1.09957679 2.74310815 1.62584077 1.5963593
 1.04005663 2.81037344] REAL [0.60969164] FAKE [0.39587372] 
77 epoch LOSS [-1.01758963] Parameters [1.52666218 1.53335183 1.07628158 2.76506796 1.62588358 1.59646058
 1.01690584 2.83247358] REAL [0.59636615] FAKE [0.3938872] 
78 epoch LOSS [-1.02290519] Parameters [1.52653798 1.53349468 1.05170007 2.78494835 1.62599068 1.59673704
 0.99232224 2.85249756] REAL [0.58953837] FAKE [0.39011796] 
79 epoch LOSS [-1.00420942] Parameters [1.52650294 1.5338757  1.02627396 2.80326744 1.62595406 1.59671574
 0.96676994 2.87066381] REAL [0.59668613] FAKE [0.3860522] 
80 epoch LOSS [-1.01950004] Parameters [1.52643982 1.5340394  0.99939685 2.81922259 1.62589411 1.59673098
 0.9398446  2.88718074] REAL [0.59542153] FAKE [0.39408427] 
81 epoch LOSS [-0.99316802] Parameters [1.52664892 1.53393923 0.97085122 2.83360109 1.62598168 1.59644324
 0.91118715 2.90175685] REAL [0.60687672] FAKE [0.38965959] 
82 epoch LOSS [-1.00276437] Parameters [1.5267872  1.53378312 0.94111896 2.84682219 1.62582473 1.59667438
 0.88072583 2.91481362] REAL [0.60168894] FAKE [0.39027649] 
83 epoch LOSS [-1.01834506] Parameters [1.52693176 1.53362416 0.90953111 2.85862073 1.62596525 1.59674064
 0.84923236 2.9266282 ] REAL [0.5880511] FAKE [0.38578094] 
84 epoch LOSS [-0.99904851] Parameters [1.52705853 1.53352602 0.87691737 2.86923432 1.62600423 1.5969167
 0.81627584 2.93701191] REAL [0.60309768] FAKE [0.38943615] 
85 epoch LOSS [-1.01027697] Parameters [1.52703792 1.53368605 0.84245591 2.87913391 1.6264345  1.59662233
 0.7817858  2.94680859] REAL [0.6023158] FAKE [0.39546976] 
86 epoch LOSS [-1.02465935] Parameters [1.52715658 1.5331225  0.80672753 2.88697246 1.6265053  1.59668968
 0.74617911 2.95520324] REAL [0.59279017] FAKE [0.39452656] 
87 epoch LOSS [-1.06615807] Parameters [1.52694903 1.53298101 0.77027092 2.89396068 1.62679556 1.59674387
 0.70954396 2.9625603 ] REAL [0.57432521] FAKE [0.4004636] 
88 epoch LOSS [-1.04621374] Parameters [1.52712071 1.53318419 0.73288306 2.90012954 1.62672874 1.59641387
 0.67193932 2.9687201 ] REAL [0.60021002] FAKE [0.41476282] 
89 epoch LOSS [-1.08308737] Parameters [1.52709217 1.53325683 0.69502132 2.90521895 1.62675805 1.59652837
 0.63398146 2.9737553 ] REAL [0.58107563] FAKE [0.41737586] 
90 epoch LOSS [-1.08891813] Parameters [1.52720279 1.53299827 0.65687737 2.90883185 1.62691354 1.59642698
 0.59592093 2.97769421] REAL [0.57609192] FAKE [0.41575221] 
91 epoch LOSS [-1.09058223] Parameters [1.52740813 1.53314429 0.6185795  2.91156482 1.62742784 1.59618833
 0.55766888 2.98053995] REAL [0.5771241] FAKE [0.41776683] 
92 epoch LOSS [-1.09290306] Parameters [1.52760135 1.53311099 0.58104679 2.91334103 1.6275342  1.59666166
 0.52002134 2.98172479] REAL [0.57941883] FAKE [0.42141706] 
93 epoch LOSS [-1.11600114] Parameters [1.5277113  1.53330714 0.54441266 2.91440387 1.62748512 1.59642037
 0.4833417  2.98262483] REAL [0.56903583] FAKE [0.4243119] 
94 epoch LOSS [-1.15481784] Parameters [1.5277636  1.53335386 0.50907262 2.91364939 1.62744675 1.59638994
 0.4478935  2.98249968] REAL [0.55541017] FAKE [0.43264465] 
95 epoch LOSS [-1.14899426] Parameters [1.52821585 1.53355776 0.47526894 2.91260439 1.62732545 1.59671226
 0.41408722 2.98048416] REAL [0.55103488] FAKE [0.42479978] 
96 epoch LOSS [-1.12723645] Parameters [1.52810013 1.53315807 0.44290605 2.91033447 1.62732918 1.5968151
 0.3817972  2.97810114] REAL [0.56591908] FAKE [0.4276086] 
97 epoch LOSS [-1.16091187] Parameters [1.52810893 1.53324944 0.41217486 2.90718294 1.62719356 1.59689476
 0.35141751 2.97482876] REAL [0.55235046] FAKE [0.43296788] 
98 epoch LOSS [-1.16624261] Parameters [1.52806795 1.53328264 0.38352247 2.90224141 1.62699328 1.59679735
 0.32254724 2.97042523] REAL [0.55191576] FAKE [0.43553831] 
99 epoch LOSS [-1.17457607] Parameters [1.52789627 1.53335638 0.35701692 2.89648591 1.62723048 1.59668098
 0.2959662  2.96490734] REAL [0.55405592] FAKE [0.44238494] 
100 epoch LOSS [-1.17453288] Parameters [1.527885   1.53319242 0.33206362 2.88977938 1.62752335 1.59676382
 0.27092564 2.95807479] REAL [0.54680168] FAKE [0.43496284] 
101 epoch LOSS [-1.18911539] Parameters [1.5280573  1.53309149 0.30871008 2.8820768  1.62733204 1.5967092
 0.24753468 2.94997646] REAL [0.5367166] FAKE [0.43267918] 
102 epoch LOSS [-1.19225752] Parameters [1.52800194 1.5332391  0.28759859 2.87269273 1.62735423 1.59673366
 0.22628432 2.94092264] REAL [0.53481123] FAKE [0.43244413] 
103 epoch LOSS [-1.16476153] Parameters [1.52794868 1.53314276 0.26804939 2.86207811 1.62736616 1.59682923
 0.20676355 2.93090337] REAL [0.55264493] FAKE [0.43544754] 
104 epoch LOSS [-1.16926509] Parameters [1.52788669 1.53312172 0.24962932 2.85025503 1.62725606 1.59691802
 0.18798858 2.91911219] REAL [0.54737433] FAKE [0.43257274] 
105 epoch LOSS [-1.19199274] Parameters [1.52762649 1.53316647 0.23273522 2.8371659  1.62736532 1.59691549
 0.17098765 2.90577782] REAL [0.53881845] FAKE [0.4365159] 
106 epoch LOSS [-1.15841084] Parameters [1.5279035  1.53311935 0.21759226 2.82223693 1.62742465 1.59701381
 0.15547059 2.89098459] REAL [0.55251672] FAKE [0.431719] 
107 epoch LOSS [-1.15795289] Parameters [1.52783304 1.53302715 0.20352139 2.80583585 1.62734968 1.59700012
 0.1413616  2.87451184] REAL [0.55463489] FAKE [0.43362998] 
108 epoch LOSS [-1.16386802] Parameters [1.52772752 1.5330402  0.19029654 2.78722717 1.62746654 1.59696695
 0.12765529 2.8561341 ] REAL [0.54968448] FAKE [0.43189964] 
109 epoch LOSS [-1.15294536] Parameters [1.52788027 1.53324043 0.17756881 2.76732458 1.6275417  1.59703202
 0.11489332 2.83596134] REAL [0.55605469] FAKE [0.43224015] 
110 epoch LOSS [-1.13838413] Parameters [1.52780782 1.53307584 0.16574001 2.74553257 1.62748181 1.59727285
 0.10346174 2.81401492] REAL [0.56066634] FAKE [0.42865087] 
111 epoch LOSS [-1.13905845] Parameters [1.52753854 1.53300021 0.15477645 2.72142587 1.62762102 1.59735398
 0.09266547 2.79032969] REAL [0.56217617] FAKE [0.43056944] 
112 epoch LOSS [-1.16539192] Parameters [1.52750502 1.53286346 0.14440718 2.69515667 1.62751712 1.59731084
 0.08236493 2.76397267] REAL [0.55098371] FAKE [0.43410226] 
113 epoch LOSS [-1.21283183] Parameters [1.5274496  1.5326187  0.13496598 2.66649246 1.62775487 1.59703269
 0.07290121 2.73530781] REAL [0.5308175] FAKE [0.43981871] 
114 epoch LOSS [-1.17607187] Parameters [1.52692396 1.53261753 0.12619187 2.63594203 1.62796992 1.59692075
 0.06399416 2.70461766] REAL [0.55407689] FAKE [0.44323947] 
115 epoch LOSS [-1.23350359] Parameters [1.52684158 1.53263708 0.11772063 2.60283177 1.62821775 1.59712313
 0.05497707 2.67185195] REAL [0.52803805] FAKE [0.44839146] 
116 epoch LOSS [-1.20473338] Parameters [1.52713502 1.53281463 0.10895153 2.56787559 1.62837231 1.5966701
 0.04590311 2.63679597] REAL [0.54834561] FAKE [0.45331574] 
117 epoch LOSS [-1.21860677] Parameters [1.52692595 1.532642   0.10097165 2.53119979 1.62832993 1.59658911
 0.03757592 2.59991166] REAL [0.54096696] FAKE [0.45349384] 
118 epoch LOSS [-1.26401517] Parameters [1.52662795 1.53234343 0.09389499 2.49250096 1.62801869 1.59666323
 0.02997642 2.56123662] REAL [0.53113051] FAKE [0.46808291] 
119 epoch LOSS [-1.28988721] Parameters [1.52644306 1.53249736 0.08631677 2.45259496 1.62818015 1.59691139
 0.02298532 2.52128003] REAL [0.51304097] FAKE [0.4633921] 
120 epoch LOSS [-1.2862407] Parameters [1.52636036 1.5320564  0.07997104 2.41173422 1.6280652  1.59707282
 0.01666765 2.48056766] REAL [0.52991954] FAKE [0.47858583] 
121 epoch LOSS [-1.36075679] Parameters [1.52648049 1.53207643 0.07415836 2.37068157 1.62771104 1.59708711
 0.01067991 2.43944919] REAL [0.51007921] FAKE [0.49720238] 
122 epoch LOSS [-1.37971752] Parameters [1.52672989 1.53229875 0.06877199 2.32973286 1.62753773 1.59701302
 0.00470374 2.39865158] REAL [0.49629072] FAKE [0.49293908] 
123 epoch LOSS [-1.4206627] Parameters [ 1.52649653e+00  1.53226205e+00  6.28728209e-02  2.28945123e+00
  1.62762823e+00  1.59721099e+00 -1.45091368e-03  2.35849376e+00] REAL [0.49148396] FAKE [0.50852132] 
124 epoch LOSS [-1.40060941] Parameters [ 1.52700731  1.53232617  0.05824186  2.25047743  1.62749622  1.59746141
 -0.00553038  2.31934181] REAL [0.50248698] FAKE [0.50954603] 
125 epoch LOSS [-1.39507216] Parameters [ 1.52726304  1.53197368  0.05435257  2.21292218  1.62743288  1.59752248
 -0.01011479  2.2818188 ] REAL [0.51645955] FAKE [0.52016541] 
126 epoch LOSS [-1.43998783] Parameters [ 1.52706948  1.53203999  0.0508305   2.17725062  1.6275401   1.59748755
 -0.01287599  2.24609596] REAL [0.50068732] FAKE [0.52678921] 
127 epoch LOSS [-1.48734137] Parameters [ 1.52678512  1.5324249   0.04781934  2.14396752  1.6275047   1.59724694
 -0.01552569  2.21272281] REAL [0.48184761] FAKE [0.53102884] 
128 epoch LOSS [-1.45857619] Parameters [ 1.52679812  1.53227871  0.04508986  2.11330633  1.62746068  1.59737299
 -0.01840011  2.18205384] REAL [0.49618977] FAKE [0.5312939] 
129 epoch LOSS [-1.46365754] Parameters [ 1.52667235  1.53243564  0.04354123  2.08470584  1.62761614  1.59735153
 -0.0205104   2.15353386] REAL [0.49567726] FAKE [0.53318736] 
130 epoch LOSS [-1.47187206] Parameters [ 1.52652068  1.53258093  0.04012498  2.05896024  1.62758188  1.59729815
 -0.02345798  2.12776742] REAL [0.49221521] FAKE [0.53374977] 
131 epoch LOSS [-1.45563828] Parameters [ 1.52652368  1.53252942  0.03869563  2.03549617  1.62769153  1.59722672
 -0.02483219  2.10446524] REAL [0.50197245] FAKE [0.5353302] 
132 epoch LOSS [-1.49443806] Parameters [ 1.52650547  1.53255165  0.0370515   2.01485101  1.62775132  1.597265
 -0.02550901  2.08342593] REAL [0.48535552] FAKE [0.53771072] 
133 epoch LOSS [-1.52372291] Parameters [ 1.52660467  1.53259186  0.03561387  1.99607716  1.62757295  1.59720256
 -0.02701811  2.06453117] REAL [0.47197022] FAKE [0.53832012] 
134 epoch LOSS [-1.50971138] Parameters [ 1.52666783  1.53264131  0.03435941  1.97986499  1.62753583  1.59717293
 -0.02785883  2.04834144] REAL [0.47639941] FAKE [0.53615865] 
135 epoch LOSS [-1.47380861] Parameters [ 1.52663299  1.53266161  0.03300811  1.96564212  1.6275574   1.59720517
 -0.02929555  2.03399077] REAL [0.49119818] FAKE [0.53368831] 
136 epoch LOSS [-1.48626971] Parameters [ 1.52657022  1.53262135  0.0320172   1.95342287  1.62755724  1.59721363
 -0.03013595  2.02157955] REAL [0.48215192] FAKE [0.5308223] 
137 epoch LOSS [-1.48617294] Parameters [ 1.52660137  1.53263625  0.03086405  1.94324535  1.62755796  1.59720894
 -0.03130187  2.01123007] REAL [0.48093332] FAKE [0.52958796] 
138 epoch LOSS [-1.44240374] Parameters [ 1.52659273  1.53264409  0.03065375  1.93468665  1.62755284  1.59721855
 -0.03157059  2.00240498] REAL [0.50025911] FAKE [0.52752698] 
139 epoch LOSS [-1.45145727] Parameters [ 1.52658845  1.53265003  0.03073719  1.92721632  1.62756305  1.59723553
 -0.03096305  1.99522388] REAL [0.49352268] FAKE [0.52539425] 
140 epoch LOSS [-1.43606963] Parameters [ 1.52661592  1.53264042  0.03000018  1.92156249  1.62757884  1.59724306
 -0.0319246   1.98940208] REAL [0.49776824] FAKE [0.52214548] 
141 epoch LOSS [-1.45936427] Parameters [ 1.52662847  1.53264949  0.02977087  1.91745325  1.62757548  1.59722322
 -0.03239824  1.98530671] REAL [0.48298801] FAKE [0.51886184] 
142 epoch LOSS [-1.39944359] Parameters [ 1.52662963  1.53267183  0.03017526  1.9146666   1.62758345  1.59722193
 -0.03207585  1.98252897] REAL [0.50992514] FAKE [0.5161364] 
143 epoch LOSS [-1.39756083] Parameters [ 1.52663027  1.53266087  0.03051434  1.91325966  1.62760864  1.59723855
 -0.03209126  1.98106763] REAL [0.50831352] FAKE [0.51368756] 
144 epoch LOSS [-1.36626141] Parameters [ 1.5266351   1.53263412  0.03087275  1.9131608   1.62765657  1.59721684
 -0.03168194  1.98099475] REAL [0.52080962] FAKE [0.51026492] 
145 epoch LOSS [-1.41883927] Parameters [ 1.52661847  1.53260271  0.03116575  1.91427001  1.62767857  1.59719239
 -0.03132112  1.98219782] REAL [0.49099669] FAKE [0.50713569] 
146 epoch LOSS [-1.36029511] Parameters [ 1.52660494  1.53269522  0.03079357  1.91664493  1.62773292  1.59719552
 -0.03099658  1.98468383] REAL [0.5167455] FAKE [0.50345955] 
147 epoch LOSS [-1.40352801] Parameters [ 1.52661218  1.53274178  0.02919367  1.92025494  1.62766038  1.59723422
 -0.0315609   1.98828013] REAL [0.49500591] FAKE [0.50358472] 
148 epoch LOSS [-1.36523112] Parameters [ 1.52657661  1.53281422  0.02957116  1.92512621  1.62763888  1.59727375
 -0.03141254  1.99317828] REAL [0.51219943] FAKE [0.50151905] 
149 epoch LOSS [-1.34308299] Parameters [ 1.52656696  1.53281511  0.0294361   1.93122304  1.62771587  1.59734074
 -0.03149807  1.99925739] REAL [0.5183827] FAKE [0.4964345] 
150 epoch LOSS [-1.31379899] Parameters [ 1.52642417  1.53281524  0.02838919  1.93849754  1.62775327  1.59730503
 -0.03224067  2.00655152] REAL [0.53148509] FAKE [0.49425306] 
151 epoch LOSS [-1.3408832] Parameters [ 1.52652296  1.53287111  0.02844846  1.94691431  1.62773542  1.59733697
 -0.03194828  2.01499872] REAL [0.51384334] FAKE [0.49086718] 
152 epoch LOSS [-1.29752592] Parameters [ 1.52647855  1.53292171  0.02791005  1.95649983  1.62773758  1.5973841
 -0.03237827  2.0245744 ] REAL [0.53730781] FAKE [0.4915263] 
153 epoch LOSS [-1.31404106] Parameters [ 1.52652007  1.53299612  0.02832278  1.9672518   1.62771857  1.59752174
 -0.03280006  2.03532124] REAL [0.52421954] FAKE [0.48736765] 
154 epoch LOSS [-1.33987212] Parameters [ 1.52653787  1.53287145  0.02826457  1.97921217  1.62774591  1.59750549
 -0.03300133  2.04729215] REAL [0.5106192] FAKE [0.48713414] 
155 epoch LOSS [-1.34140223] Parameters [ 1.52642371  1.53285011  0.02950863  1.99232816  1.62770147  1.59752806
 -0.03178483  2.0604081 ] REAL [0.50813744] FAKE [0.48541725] 
156 epoch LOSS [-1.2782815] Parameters [ 1.52644209  1.53289898  0.02955833  2.00661838  1.62765076  1.59772896
 -0.03164999  2.07469427] REAL [0.54060308] FAKE [0.4848059] 
157 epoch LOSS [-1.28602695] Parameters [ 1.52647294  1.53288302  0.02926979  2.02203991  1.62763813  1.59777462
 -0.03203693  2.09012955] REAL [0.54143553] FAKE [0.48956688] 
158 epoch LOSS [-1.27695753] Parameters [ 1.526409    1.53291498  0.0295052   2.03852919  1.62754382  1.59767529
 -0.03165062  2.10660328] REAL [0.54208078] FAKE [0.48552961] 
159 epoch LOSS [-1.32619537] Parameters [ 1.52646955  1.53295859  0.02918621  2.05596493  1.62739905  1.59762205
 -0.0313888   2.12400374] REAL [0.51649158] FAKE [0.48598307] 
160 epoch LOSS [-1.3048926] Parameters [ 1.52650918  1.53308297  0.02958     2.07433759  1.62718037  1.59770219
 -0.03099742  2.14235497] REAL [0.53066107] FAKE [0.48893621] 
161 epoch LOSS [-1.31798404] Parameters [ 1.52659052  1.533133    0.03009627  2.09354057  1.62716947  1.5976546
 -0.03113218  2.16156109] REAL [0.51925786] FAKE [0.48450587] 
162 epoch LOSS [-1.28396958] Parameters [ 1.5267402   1.53287762  0.03086751  2.11351473  1.62726529  1.59770956
 -0.03011537  2.18143765] REAL [0.5432811] FAKE [0.49025321] 
163 epoch LOSS [-1.33404946] Parameters [ 1.52670845  1.5326693   0.03013421  2.1341463   1.6273383   1.59773823
 -0.03022112  2.20197375] REAL [0.51701771] FAKE [0.49052337] 
164 epoch LOSS [-1.33942072] Parameters [ 1.52646028  1.53264452  0.03021319  2.1552154   1.62752283  1.59755201
 -0.03043833  2.22308556] REAL [0.51504753] FAKE [0.49131415] 
165 epoch LOSS [-1.343376] Parameters [ 1.52639787  1.53276932  0.03039325  2.17665205  1.62756335  1.59761815
 -0.0299594   2.24447106] REAL [0.51547723] FAKE [0.49374453] 
166 epoch LOSS [-1.33101465] Parameters [ 1.52641623  1.5328676   0.03006519  2.19827944  1.62745981  1.597632
 -0.03037912  2.26600971] REAL [0.52204393] FAKE [0.49389499] 
167 epoch LOSS [-1.31922079] Parameters [ 1.5262482   1.53281148  0.02970747  2.21988925  1.62771182  1.59762632
 -0.03088499  2.2875792 ] REAL [0.52865143] FAKE [0.49429147] 
168 epoch LOSS [-1.38574704] Parameters [ 1.52628763  1.53284977  0.03047875  2.24149521  1.62771838  1.59768642
 -0.03084119  2.30918187] REAL [0.49984531] FAKE [0.49957145] 
169 epoch LOSS [-1.32827737] Parameters [ 1.52650344  1.53275943  0.03130582  2.26266117  1.62776941  1.59752081
 -0.03107246  2.33029554] REAL [0.52759189] FAKE [0.49784434] 
170 epoch LOSS [-1.34042072] Parameters [ 1.52660275  1.53286182  0.03135021  2.28357275  1.62763388  1.59756178
 -0.03078641  2.35113619] REAL [0.51935755] FAKE [0.49603981] 
171 epoch LOSS [-1.3609716] Parameters [ 1.52652607  1.53269099  0.03225844  2.3036656   1.62757157  1.59771417
 -0.02999514  2.37136439] REAL [0.51404201] FAKE [0.50118566] 
172 epoch LOSS [-1.38972642] Parameters [ 1.52678928  1.532597    0.03224832  2.32314489  1.62768679  1.59766788
 -0.02999755  2.39086426] REAL [0.49941133] FAKE [0.50112574] 
173 epoch LOSS [-1.36450238] Parameters [ 1.52688645  1.53253817  0.03117903  2.34207952  1.62757245  1.59768524
 -0.03129333  2.40975154] REAL [0.51242793] FAKE [0.50137809] 
174 epoch LOSS [-1.35396165] Parameters [ 1.52698691  1.53258052  0.031133    2.35993502  1.62759564  1.5978119
 -0.03076036  2.42773928] REAL [0.5197169] FAKE [0.50316168] 
175 epoch LOSS [-1.36396763] Parameters [ 1.52708153  1.53261405  0.03057774  2.37699249  1.62748723  1.59789878
 -0.03156537  2.44479614] REAL [0.51401474] FAKE [0.5026515] 
176 epoch LOSS [-1.41007732] Parameters [ 1.5270223   1.53259158  0.0304713   2.39307601  1.62746157  1.59799822
 -0.03182208  2.46077015] REAL [0.49374473] FAKE [0.50556555] 
177 epoch LOSS [-1.38153524] Parameters [ 1.52700359  1.53251889  0.03036098  2.40779393  1.62756131  1.59793642
 -0.03164221  2.47549665] REAL [0.50661639] FAKE [0.5041759] 
178 epoch LOSS [-1.37247154] Parameters [ 1.52699626  1.53248055  0.031273    2.42190173  1.62748961  1.59792218
 -0.03076158  2.48936869] REAL [0.51155824] FAKE [0.50449494] 
179 epoch LOSS [-1.39567413] Parameters [ 1.52692102  1.53236697  0.03156731  2.43437472  1.62749628  1.5979277
 -0.03099735  2.50190353] REAL [0.50106875] FAKE [0.50572447] 
180 epoch LOSS [-1.41452269] Parameters [ 1.52691673  1.53238038  0.03050878  2.44609868  1.62747164  1.59796198
 -0.03180527  2.51353793] REAL [0.48853015] FAKE [0.50250442] 
181 epoch LOSS [-1.38395587] Parameters [ 1.5269241   1.53236933  0.02993977  2.45662306  1.6274674   1.59792409
 -0.03239134  2.5241254 ] REAL [0.50375661] FAKE [0.50256671] 
182 epoch LOSS [-1.40235551] Parameters [ 1.52690107  1.53238929  0.03007112  2.46611163  1.62753142  1.59787536
 -0.03247443  2.53345761] REAL [0.49437407] FAKE [0.50236714] 
183 epoch LOSS [-1.42874234] Parameters [ 1.52695739  1.53235344  0.02959328  2.47431328  1.62757446  1.59787082
 -0.03225924  2.5416668 ] REAL [0.48041628] FAKE [0.50124488] 
184 epoch LOSS [-1.43984252] Parameters [ 1.52696549  1.53239319  0.03054754  2.48139276  1.62760258  1.59783608
 -0.03187288  2.548877  ] REAL [0.47346523] FAKE [0.49950903] 
185 epoch LOSS [-1.42132872] Parameters [ 1.52698685  1.53242317  0.0309525   2.48755109  1.6276149   1.59783883
 -0.03191012  2.55491051] REAL [0.48154698] FAKE [0.49871338] 
186 epoch LOSS [-1.4142551] Parameters [ 1.52699885  1.53242576  0.03073799  2.49257427  1.62762804  1.59785438
 -0.03144368  2.56013983] REAL [0.48399854] FAKE [0.49771205] 
187 epoch LOSS [-1.40194731] Parameters [ 1.52699991  1.53243364  0.03079839  2.49682925  1.62763178  1.59785444
 -0.03163377  2.56454083] REAL [0.48888747] FAKE [0.49657694] 
188 epoch LOSS [-1.37797639] Parameters [ 1.52700562  1.5324443   0.03134008  2.50039537  1.62765451  1.59783824
 -0.03157055  2.56805571] REAL [0.49977215] FAKE [0.49559381] 
189 epoch LOSS [-1.41656365] Parameters [ 1.52701714  1.53242413  0.0325015   2.50309235  1.62763831  1.59785996
 -0.03092568  2.57078725] REAL [0.48068108] FAKE [0.49541168] 
190 epoch LOSS [-1.36431706] Parameters [ 1.52701334  1.53243847  0.03207577  2.50489716  1.62764891  1.5978395
 -0.03163439  2.57263897] REAL [0.50624072] FAKE [0.49519047] 
191 epoch LOSS [-1.4196113] Parameters [ 1.52699108  1.53245464  0.03235426  2.50582228  1.62767729  1.59785559
 -0.03176407  2.57363161] REAL [0.47854245] FAKE [0.49469898] 
192 epoch LOSS [-1.35906415] Parameters [ 1.52699849  1.5324463   0.03187429  2.50577317  1.6276797   1.59786368
 -0.03271507  2.5736305 ] REAL [0.50806622] FAKE [0.49435512] 
193 epoch LOSS [-1.35191071] Parameters [ 1.52697647  1.53245875  0.03161392  2.50488578  1.62768267  1.59787271
 -0.03284281  2.57280137] REAL [0.51102334] FAKE [0.49367205] 
194 epoch LOSS [-1.36011076] Parameters [ 1.52695196  1.53241898  0.03154112  2.50350029  1.62767532  1.59785328
 -0.03310164  2.57130154] REAL [0.50599148] FAKE [0.4928129] 
195 epoch LOSS [-1.40094594] Parameters [ 1.52699913  1.53243383  0.03140766  2.50132087  1.62773918  1.59785952
 -0.03330409  2.56913289] REAL [0.48583394] FAKE [0.49290531] 
196 epoch LOSS [-1.34627667] Parameters [ 1.52705457  1.53240661  0.03183637  2.49820938  1.6277402   1.59790556
 -0.03274731  2.56596031] REAL [0.51275327] FAKE [0.49252923] 
197 epoch LOSS [-1.39246687] Parameters [ 1.52701365  1.53239443  0.03112669  2.49460533  1.62768181  1.59780745
 -0.03309894  2.56247695] REAL [0.49034079] FAKE [0.49328787] 
198 epoch LOSS [-1.36046939] Parameters [ 1.52700364  1.53237085  0.03104316  2.49067267  1.62768013  1.59781943
 -0.03329279  2.55868946] REAL [0.50574774] FAKE [0.49275042] 
199 epoch LOSS [-1.38101378] Parameters [ 1.5269918   1.53238949  0.02994493  2.48586987  1.62773333  1.59782817
 -0.03402207  2.55380127] REAL [0.49337644] FAKE [0.4906047] 
200 epoch LOSS [-1.400855] Parameters [ 1.52698309  1.53248558  0.03066282  2.48081441  1.62775357  1.59782652
 -0.0341974   2.54870928] REAL [0.48278684] FAKE [0.48965839] 
201 epoch LOSS [-1.33841126] Parameters [ 1.52702793  1.53255508  0.03031158  2.4751529   1.62776534  1.59779132
 -0.03451081  2.54314765] REAL [0.5144561] FAKE [0.490215] 
202 epoch LOSS [-1.3601256] Parameters [ 1.52702675  1.5325479   0.03058686  2.46919453  1.62785218  1.59777217
 -0.0342988   2.53723239] REAL [0.50356254] FAKE [0.49037404] 
203 epoch LOSS [-1.36310818] Parameters [ 1.52703103  1.53256296  0.03055098  2.46277033  1.62793121  1.59781103
 -0.03387421  2.53077552] REAL [0.50201726] FAKE [0.49032775] 
204 epoch LOSS [-1.33025064] Parameters [ 1.52705975  1.5325612   0.03150291  2.45582563  1.62801929  1.5978699
 -0.03297164  2.52388324] REAL [0.51739087] FAKE [0.48895314] 
205 epoch LOSS [-1.37473571] Parameters [ 1.52701314  1.53255397  0.03160694  2.44872186  1.62796128  1.59788406
 -0.03324241  2.51660784] REAL [0.49638792] FAKE [0.49050649] 
206 epoch LOSS [-1.3542988] Parameters [ 1.5269445   1.53253685  0.03224287  2.44129909  1.6280162   1.59789599
 -0.03298484  2.50891689] REAL [0.50547782] FAKE [0.48933816] 
207 epoch LOSS [-1.34225918] Parameters [ 1.52686691  1.53247863  0.03240815  2.43348259  1.62810027  1.59786824
 -0.03360515  2.50101732] REAL [0.51143236] FAKE [0.48917042] 
208 epoch LOSS [-1.33703044] Parameters [ 1.52678036  1.53250971  0.0322422   2.42556696  1.6280653   1.59777068
 -0.03385765  2.49305391] REAL [0.51605275] FAKE [0.49109003] 
209 epoch LOSS [-1.36991171] Parameters [ 1.52671594  1.5324823   0.03193791  2.41733407  1.62796511  1.59784826
 -0.03405272  2.48493885] REAL [0.50172995] FAKE [0.49349367] 
210 epoch LOSS [-1.38142831] Parameters [ 1.52673723  1.53260703  0.03181197  2.40900233  1.62796781  1.59786254
 -0.03372594  2.47668505] REAL [0.49479578] FAKE [0.49227644] 
211 epoch LOSS [-1.39415439] Parameters [ 1.5266688   1.53262483  0.03212396  2.4004042   1.62792037  1.5978896
 -0.03345311  2.46817684] REAL [0.48996326] FAKE [0.49375246] 
212 epoch LOSS [-1.3614431] Parameters [ 1.52664375  1.53268445  0.03221699  2.39158572  1.62784735  1.59784264
 -0.03328133  2.45960956] REAL [0.50328463] FAKE [0.49076399] 
213 epoch LOSS [-1.37960139] Parameters [ 1.52662383  1.53260672  0.03241513  2.38306785  1.62792305  1.59788672
 -0.03365158  2.45112134] REAL [0.49941883] FAKE [0.49605653] 
214 epoch LOSS [-1.37185157] Parameters [ 1.52653972  1.53271553  0.03133108  2.37455169  1.62785802  1.59787821
 -0.03492121  2.44240797] REAL [0.50311935] FAKE [0.49587132] 
215 epoch LOSS [-1.37563018] Parameters [ 1.5266133   1.53272961  0.0312542   2.3662859   1.62792095  1.59788955
 -0.03495153  2.43410009] REAL [0.50289877] FAKE [0.49755234] 
216 epoch LOSS [-1.41122189] Parameters [ 1.5266912   1.53279383  0.03097048  2.35795846  1.62789037  1.59787256
 -0.0356033   2.42584828] REAL [0.48496237] FAKE [0.49718748] 
217 epoch LOSS [-1.36909464] Parameters [ 1.52658903  1.53286158  0.03107744  2.3497987   1.62790521  1.59788621
 -0.0355886   2.41773556] REAL [0.50460682] FAKE [0.49596972] 
218 epoch LOSS [-1.34219389] Parameters [ 1.52667522  1.53283918  0.03129746  2.34136897  1.62789783  1.59793344
 -0.03524881  2.40933616] REAL [0.51786066] FAKE [0.4954785] 
219 epoch LOSS [-1.38686152] Parameters [ 1.52677235  1.53292971  0.03104748  2.33346726  1.62788071  1.59792449
 -0.03603009  2.40140726] REAL [0.49756568] FAKE [0.49783866] 
220 epoch LOSS [-1.35602525] Parameters [ 1.5267155   1.53297647  0.03145746  2.32590645  1.62790074  1.59799288
 -0.03565722  2.39388244] REAL [0.51381635] FAKE [0.49849208] 
221 epoch LOSS [-1.35714248] Parameters [ 1.52671028  1.53300608  0.03248623  2.31861538  1.62785011  1.59806696
 -0.03480061  2.38664347] REAL [0.5142724] FAKE [0.4994963] 
222 epoch LOSS [-1.34541707] Parameters [ 1.52673596  1.53301304  0.03331872  2.31131065  1.62793287  1.59800713
 -0.03442697  2.37952155] REAL [0.51817429] FAKE [0.49740642] 
223 epoch LOSS [-1.3926856] Parameters [ 1.52673414  1.53298023  0.03351214  2.30466376  1.62799949  1.59805062
 -0.03441498  2.3729387 ] REAL [0.4951276] FAKE [0.49829643] 
224 epoch LOSS [-1.37678152] Parameters [ 1.52679961  1.53297116  0.0337161   2.29827144  1.62800406  1.59802314
 -0.03422868  2.36668111] REAL [0.50469012] FAKE [0.49991183] 
225 epoch LOSS [-1.40950049] Parameters [ 1.5267376   1.53301821  0.0333677   2.29237638  1.62794121  1.59799286
 -0.03450272  2.36075783] REAL [0.48822671] FAKE [0.49968885] 
226 epoch LOSS [-1.34800775] Parameters [ 1.52674923  1.53302617  0.03410056  2.28648946  1.6279561   1.59797153
 -0.03397094  2.35496669] REAL [0.51820963] FAKE [0.49874099] 
227 epoch LOSS [-1.42384995] Parameters [ 1.52677654  1.53301144  0.03369054  2.28132201  1.62796638  1.59794132
 -0.03338592  2.34966524] REAL [0.4808161] FAKE [0.49921557] 
228 epoch LOSS [-1.34901094] Parameters [ 1.52678922  1.53298977  0.03388704  2.27625357  1.62794781  1.59795888
 -0.03324478  2.34468493] REAL [0.51892839] FAKE [0.49993719] 
229 epoch LOSS [-1.39533728] Parameters [ 1.52671886  1.53295009  0.03351489  2.27167395  1.62795867  1.59795079
 -0.0336902   2.34014762] REAL [0.49644823] FAKE [0.5009561] 
230 epoch LOSS [-1.38236067] Parameters [ 1.5267014   1.53295456  0.03279798  2.26732925  1.62793916  1.59791911
 -0.03419892  2.33586255] REAL [0.50268709] FAKE [0.50071254] 
231 epoch LOSS [-1.37899232] Parameters [ 1.5266898   1.53295462  0.03214856  2.26360883  1.62792824  1.59792976
 -0.03405203  2.33187693] REAL [0.50462499] FAKE [0.50095181] 
232 epoch LOSS [-1.40909877] Parameters [ 1.52668869  1.53296333  0.03268263  2.26046398  1.62791657  1.5979309
 -0.03333635  2.32869481] REAL [0.49049775] FAKE [0.50180523] 
233 epoch LOSS [-1.36450411] Parameters [ 1.52668402  1.53296374  0.03286245  2.25760051  1.62791188  1.59793101
 -0.03341762  2.32588609] REAL [0.51127054] FAKE [0.50025021] 
234 epoch LOSS [-1.37145563] Parameters [ 1.5266755   1.5329542   0.03317366  2.25535585  1.62791533  1.59792642
 -0.03327462  2.3235208 ] REAL [0.50711128] FAKE [0.49964169] 
235 epoch LOSS [-1.37355088] Parameters [ 1.52668181  1.53295234  0.0323708   2.25331664  1.62791819  1.59791665
 -0.03341781  2.32155674] REAL [0.50681693] FAKE [0.50039898] 
236 epoch LOSS [-1.35538324] Parameters [ 1.52669094  1.53295625  0.03234301  2.25166028  1.62791705  1.59792958
 -0.03336183  2.31977363] REAL [0.51517026] FAKE [0.49948885] 
237 epoch LOSS [-1.41161743] Parameters [ 1.52668979  1.53294997  0.03306292  2.25054959  1.62792944  1.59793066
 -0.03280625  2.31871539] REAL [0.48758704] FAKE [0.50009188] 
238 epoch LOSS [-1.38046716] Parameters [ 1.52669758  1.5329472   0.03284532  2.24997455  1.62793834  1.59793774
 -0.0324392   2.31814459] REAL [0.50315838] FAKE [0.50023479] 
239 epoch LOSS [-1.38268754] Parameters [ 1.52671067  1.53294867  0.03237181  2.24970409  1.6279215   1.59793382
 -0.03387113  2.31783168] REAL [0.50252425] FAKE [0.50071398] 
240 epoch LOSS [-1.41108452] Parameters [ 1.52671245  1.53294579  0.03308307  2.24955485  1.62792632  1.59795854
 -0.03376933  2.3177088 ] REAL [0.48810757] FAKE [0.5003588] 
241 epoch LOSS [-1.38390965] Parameters [ 1.52671328  1.53292822  0.03342998  2.24987726  1.62793128  1.59796752
 -0.03308002  2.318087  ] REAL [0.50232069] FAKE [0.50112171] 
242 epoch LOSS [-1.35999178] Parameters [ 1.52671546  1.53293123  0.03327729  2.25043516  1.62793985  1.59799871
 -0.03266981  2.31851401] REAL [0.51389396] FAKE [0.50055283] 
243 epoch LOSS [-1.40904351] Parameters [ 1.5267406   1.5329368   0.03330529  2.25157814  1.62793752  1.59798585
 -0.03294629  2.31969496] REAL [0.49000697] FAKE [0.50127869] 
244 epoch LOSS [-1.36012315] Parameters [ 1.52671856  1.53293771  0.03362777  2.25271183  1.62798295  1.59796894
 -0.03306477  2.3210667 ] REAL [0.51462005] FAKE [0.50132302] 
245 epoch LOSS [-1.35123305] Parameters [ 1.52674231  1.53294811  0.03356596  2.25434992  1.62798304  1.59791082
 -0.03299749  2.32260342] REAL [0.5188519] FAKE [0.50097358] 
246 epoch LOSS [-1.37325538] Parameters [ 1.5267643   1.53292366  0.03263605  2.25634986  1.62799568  1.59792109
 -0.03297768  2.32471722] REAL [0.50713732] FAKE [0.50056705] 
247 epoch LOSS [-1.36509908] Parameters [ 1.52672869  1.53293927  0.03159936  2.25841609  1.62799057  1.59787705
 -0.03411445  2.32656056] REAL [0.51050663] FAKE [0.49980009] 
248 epoch LOSS [-1.3975983] Parameters [ 1.52675904  1.53298912  0.03187581  2.26074539  1.62798836  1.59787764
 -0.03389844  2.32862403] REAL [0.49478004] FAKE [0.50040441] 
249 epoch LOSS [-1.36509974] Parameters [ 1.52674755  1.5330098   0.03135798  2.26312826  1.62801335  1.59785046
 -0.03385364  2.33096948] REAL [0.51151813] FAKE [0.50078953] 
250 epoch LOSS [-1.36360603] Parameters [ 1.5267434   1.53301824  0.03135613  2.26560723  1.62799599  1.59783344
 -0.03371409  2.33367891] REAL [0.51203082] FAKE [0.50054389] 
251 epoch LOSS [-1.34544826] Parameters [ 1.52673775  1.53299995  0.03205151  2.26850721  1.62798082  1.59782984
 -0.03330486  2.33668135] REAL [0.52134717] FAKE [0.50048075] 
252 epoch LOSS [-1.38179089] Parameters [ 1.52671949  1.53300017  0.03250958  2.27151311  1.62794428  1.59782738
 -0.03274561  2.33962657] REAL [0.50233292] FAKE [0.50007576] 
253 epoch LOSS [-1.39936277] Parameters [ 1.52672936  1.5330371   0.03300404  2.27479472  1.62793004  1.59784896
 -0.03236976  2.34280516] REAL [0.49530648] FAKE [0.50181521] 
254 epoch LOSS [-1.35339984] Parameters [ 1.52673767  1.53302178  0.03358791  2.27824884  1.62796323  1.59785861
 -0.03267591  2.34634655] REAL [0.51791057] FAKE [0.50114866] 
255 epoch LOSS [-1.3520178] Parameters [ 1.52680773  1.53298767  0.03333388  2.28144982  1.62795699  1.59786945
 -0.03237033  2.34954968] REAL [0.51830678] FAKE [0.50084062] 
256 epoch LOSS [-1.40813942] Parameters [ 1.52681338  1.53299538  0.03239003  2.28492732  1.62800494  1.59790939
 -0.03307152  2.35293842] REAL [0.48965078] FAKE [0.50046449] 
257 epoch LOSS [-1.41340789] Parameters [ 1.52679005  1.53298335  0.03215578  2.28859127  1.62798419  1.59794606
 -0.03288227  2.35659336] REAL [0.48675686] FAKE [0.50013506] 
258 epoch LOSS [-1.34959557] Parameters [ 1.52675619  1.53298323  0.03268404  2.29203369  1.62796679  1.59798884
 -0.03281393  2.36003661] REAL [0.51765561] FAKE [0.49900064] 
259 epoch LOSS [-1.3694421] Parameters [ 1.52674257  1.53296234  0.03294175  2.2951266   1.6280053   1.59798787
 -0.03371718  2.3631212 ] REAL [0.50821915] FAKE [0.49972612] 
260 epoch LOSS [-1.36396481] Parameters [ 1.5267311   1.53297791  0.03391469  2.29857506  1.62800372  1.59797485
 -0.03318508  2.36647588] REAL [0.51082644] FAKE [0.49954591] 
261 epoch LOSS [-1.34482604] Parameters [ 1.5267015   1.53301853  0.03459606  2.3017556   1.62796753  1.59801357
 -0.03283173  2.36961905] REAL [0.51877324] FAKE [0.4976899] 
262 epoch LOSS [-1.36581147] Parameters [ 1.52669245  1.53300017  0.03482004  2.30496323  1.62799644  1.59796799
 -0.03257114  2.37284826] REAL [0.50891424] FAKE [0.49859228] 
263 epoch LOSS [-1.37936871] Parameters [ 1.5267046   1.53300338  0.03395085  2.30809213  1.62799175  1.59796405
 -0.03365208  2.3760112 ] REAL [0.50284995] FAKE [0.49937864] 
264 epoch LOSS [-1.40567761] Parameters [ 1.52668267  1.53298537  0.03291967  2.31137082  1.62795204  1.59796035
 -0.03441455  2.37930118] REAL [0.49042948] FAKE [0.50002833] 
265 epoch LOSS [-1.41435938] Parameters [ 1.52665809  1.53297067  0.03262815  2.31489295  1.62793952  1.59794409
 -0.03437736  2.38257148] REAL [0.48660581] FAKE [0.50045544] 
266 epoch LOSS [-1.35775461] Parameters [ 1.52667261  1.5329635   0.03300246  2.3178191   1.62791965  1.59791287
 -0.03370657  2.38548267] REAL [0.5137652] FAKE [0.49930877] 
267 epoch LOSS [-1.38433222] Parameters [ 1.52667009  1.532951    0.03191274  2.32080165  1.62791095  1.59795722
 -0.03428694  2.38838356] REAL [0.49992187] FAKE [0.49893967] 
268 epoch LOSS [-1.3632238] Parameters [ 1.52667534  1.53296885  0.0318857   2.32371002  1.62791535  1.59794078
 -0.03458333  2.3911598 ] REAL [0.51095708] FAKE [0.49930298] 
269 epoch LOSS [-1.38576694] Parameters [ 1.52668185  1.53297025  0.03188889  2.32627311  1.62792594  1.59794222
 -0.03461901  2.39379064] REAL [0.49914702] FAKE [0.49888133] 
270 epoch LOSS [-1.3848735] Parameters [ 1.52669441  1.53298295  0.03226978  2.32876767  1.62790918  1.59792797
 -0.03416086  2.39636571] REAL [0.49977505] FAKE [0.4990637] 
271 epoch LOSS [-1.37762698] Parameters [ 1.52670087  1.53299448  0.03193555  2.33114027  1.62790225  1.59792904
 -0.03447543  2.39880279] REAL [0.50307118] FAKE [0.49872648] 
272 epoch LOSS [-1.39020596] Parameters [ 1.52671218  1.53296392  0.03246266  2.33358343  1.62789613  1.59793178
 -0.03371934  2.40143976] REAL [0.4962045] FAKE [0.49814238] 
273 epoch LOSS [-1.35288466] Parameters [ 1.52670013  1.53294978  0.03183691  2.33570143  1.62792152  1.59794212
 -0.03429887  2.40354094] REAL [0.51493564] FAKE [0.49800811] 
274 epoch LOSS [-1.36786117] Parameters [ 1.52671354  1.53293902  0.0326749   2.33759515  1.62792789  1.59794483
 -0.03359681  2.40559117] REAL [0.50814158] FAKE [0.49885811] 
275 epoch LOSS [-1.35510902] Parameters [ 1.52671596  1.53294011  0.03305582  2.33974383  1.62793009  1.59795902
 -0.03350556  2.40771471] REAL [0.51485817] FAKE [0.49904811] 
276 epoch LOSS [-1.38712126] Parameters [ 1.52672962  1.53294258  0.03360244  2.34122686  1.62793675  1.59796858
 -0.03316855  2.40922166] REAL [0.49764658] FAKE [0.49805068] 
277 epoch LOSS [-1.3529021] Parameters [ 1.52672782  1.53294122  0.03385007  2.34266659  1.62793381  1.59797035
 -0.03330903  2.4107182 ] REAL [0.51483212] FAKE [0.49791593] 
278 epoch LOSS [-1.40813028] Parameters [ 1.52672049  1.53292807  0.0336949   2.34419745  1.62792653  1.59796976
 -0.03355364  2.41223707] REAL [0.48751276] FAKE [0.49826915] 
279 epoch LOSS [-1.35355778] Parameters [ 1.52673153  1.53292071  0.03379531  2.34526116  1.62792689  1.59795597
 -0.03338415  2.41318514] REAL [0.51516324] FAKE [0.49856752] 
280 epoch LOSS [-1.35104713] Parameters [ 1.52672916  1.53291742  0.03433511  2.34626018  1.62792725  1.59793952
 -0.03348515  2.41414932] REAL [0.51526437] FAKE [0.49740568] 
281 epoch LOSS [-1.37037217] Parameters [ 1.52673819  1.53293575  0.03459417  2.34720576  1.62790572  1.59792394
 -0.03427256  2.41505977] REAL [0.50571229] FAKE [0.4977136] 
282 epoch LOSS [-1.39464801] Parameters [ 1.52673497  1.53292634  0.03497036  2.34782988  1.62791509  1.59790853
 -0.03340708  2.41564672] REAL [0.49401381] FAKE [0.49815111] 
283 epoch LOSS [-1.36789624] Parameters [ 1.52673206  1.53291889  0.0340208   2.34860948  1.62793505  1.59790023
 -0.03435295  2.41630833] REAL [0.50681464] FAKE [0.49756364] 
284 epoch LOSS [-1.39851772] Parameters [ 1.52673729  1.53292773  0.03443922  2.34908729  1.6279278   1.5978967
 -0.0343151   2.41685912] REAL [0.49144671] FAKE [0.49747805] 
285 epoch LOSS [-1.40978231] Parameters [ 1.5267503   1.53292907  0.03429179  2.34946264  1.62792239  1.59790654
 -0.0343345   2.41710162] REAL [0.48627239] FAKE [0.49781965] 
286 epoch LOSS [-1.41151945] Parameters [ 1.52675266  1.53292769  0.03421891  2.34946079  1.62791568  1.59789415
 -0.03440002  2.41715972] REAL [0.4864093] FAKE [0.49883236] 
287 epoch LOSS [-1.41287613] Parameters [ 1.52677088  1.53293384  0.0345998   2.34934907  1.62792109  1.59788305
 -0.03402962  2.41708057] REAL [0.48546671] FAKE [0.49854007] 
288 epoch LOSS [-1.36102262] Parameters [ 1.52676262  1.53292669  0.03372325  2.34934305  1.62791654  1.59787898
 -0.03450644  2.41708407] REAL [0.5118956] FAKE [0.49911965] 
289 epoch LOSS [-1.41024656] Parameters [ 1.52675547  1.53293521  0.03324476  2.34905731  1.6279227   1.59787789
 -0.03492913  2.41684661] REAL [0.48680632] FAKE [0.49860327] 
290 epoch LOSS [-1.42100263] Parameters [ 1.52674794  1.53294733  0.03348755  2.34856133  1.62792844  1.59788991
 -0.03436635  2.4163699 ] REAL [0.48168565] FAKE [0.49869424] 
291 epoch LOSS [-1.3608318] Parameters [ 1.52672082  1.53296692  0.03357152  2.34815193  1.6279323   1.59788675
 -0.03418856  2.41585047] REAL [0.50964472] FAKE [0.49681147] 
292 epoch LOSS [-1.3581732] Parameters [ 1.526708    1.53297512  0.03330644  2.34757777  1.62793731  1.59789866
 -0.03486423  2.41528673] REAL [0.51081552] FAKE [0.49662831] 
293 epoch LOSS [-1.42111486] Parameters [ 1.52670946  1.53296513  0.03329166  2.34689896  1.62791842  1.59789689
 -0.03502264  2.41474885] REAL [0.48072318] FAKE [0.49774694] 
294 epoch LOSS [-1.34519278] Parameters [ 1.52672131  1.53297616  0.03305612  2.34624335  1.62788439  1.59788538
 -0.03603464  2.41399388] REAL [0.51844875] FAKE [0.49755982] 
295 epoch LOSS [-1.40840447] Parameters [ 1.52673457  1.53299786  0.03393619  2.34521611  1.62786089  1.59787952
 -0.03514861  2.41307131] REAL [0.48790772] FAKE [0.49881274] 
296 epoch LOSS [-1.39972364] Parameters [ 1.5267412   1.53297694  0.03309486  2.34408927  1.6278686   1.59785239
 -0.03524646  2.41181103] REAL [0.49161845] FAKE [0.49825902] 
297 epoch LOSS [-1.3798651] Parameters [ 1.52675205  1.5329668   0.03305346  2.34280916  1.62788483  1.5978403
 -0.03476277  2.41077161] REAL [0.50106674] FAKE [0.49784634] 
298 epoch LOSS [-1.36262418] Parameters [ 1.52673681  1.53296907  0.03283903  2.34155501  1.62789594  1.59785267
 -0.03431179  2.40956873] REAL [0.5102009] FAKE [0.49826012] 
299 epoch LOSS [-1.34491005] Parameters [ 1.5267695   1.53296797  0.03338096  2.3402561   1.62789562  1.59784755
 -0.03370436  2.40832455] REAL [0.51910485] FAKE [0.49805295] 
300 epoch LOSS [-1.36150097] Parameters [ 1.52677168  1.53297015  0.03243376  2.33881855  1.62790769  1.59783313
 -0.03447329  2.40700299] REAL [0.50943015] FAKE [0.49693628] 
301 epoch LOSS [-1.36567804] Parameters [ 1.52676316  1.53296946  0.03236272  2.33748532  1.6279      1.59782308
 -0.03429286  2.40551015] REAL [0.50755121] FAKE [0.49717866] 
302 epoch LOSS [-1.3858229] Parameters [ 1.52678572  1.5330015   0.03255884  2.33617465  1.62788882  1.59782808
 -0.0340789   2.40408608] REAL [0.49824017] FAKE [0.49799733] 
303 epoch LOSS [-1.41555624] Parameters [ 1.52675981  1.53297976  0.03272926  2.33479842  1.62787592  1.59784339
 -0.03406921  2.40274743] REAL [0.4844708] FAKE [0.49885416] 
304 epoch LOSS [-1.36292236] Parameters [ 1.52674509  1.53297652  0.0326899   2.33342457  1.62786311  1.59783211
 -0.03403876  2.40126398] REAL [0.5111915] FAKE [0.4993817] 
305 epoch LOSS [-1.37977961] Parameters [ 1.52674463  1.5329894   0.03320275  2.33204698  1.62783991  1.5978704
 -0.03407656  2.39979275] REAL [0.50238064] FAKE [0.49911683] 
306 epoch LOSS [-1.40875345] Parameters [ 1.52674955  1.53301684  0.03277014  2.33099484  1.62785096  1.59786863
 -0.03441451  2.39856363] REAL [0.48846168] FAKE [0.49955581] 
307 epoch LOSS [-1.35294226] Parameters [ 1.5267592   1.53302439  0.03248004  2.32957289  1.62785306  1.59787997
 -0.03465107  2.3969948 ] REAL [0.51455744] FAKE [0.49766807] 
308 epoch LOSS [-1.37992359] Parameters [ 1.52674848  1.53303503  0.03306348  2.32815618  1.62785431  1.59786763
 -0.03398358  2.39562942] REAL [0.50128756] FAKE [0.4980969] 
309 epoch LOSS [-1.37152346] Parameters [ 1.5267424   1.5330564   0.03328126  2.32698764  1.6278659   1.59787218
 -0.03366243  2.39430828] REAL [0.50378055] FAKE [0.49636774] 
310 epoch LOSS [-1.39058256] Parameters [ 1.52671846  1.53306416  0.03381757  2.32573605  1.62786396  1.59787959
 -0.03377834  2.39298655] REAL [0.49545769] FAKE [0.49757517] 
311 epoch LOSS [-1.37846513] Parameters [ 1.52673242  1.53306217  0.03395369  2.32443678  1.62785698  1.59789182
 -0.03381148  2.39162098] REAL [0.50235501] FAKE [0.49843242] 
312 epoch LOSS [-1.35350037] Parameters [ 1.52673333  1.53306485  0.03345498  2.32297109  1.62782406  1.59788343
 -0.03414968  2.39004423] REAL [0.51415019] FAKE [0.49755069] 
313 epoch LOSS [-1.38449986] Parameters [ 1.52672558  1.53309793  0.03434505  2.32150718  1.62784105  1.59787208
 -0.03358074  2.38859246] REAL [0.49883707] FAKE [0.49793421] 
314 epoch LOSS [-1.41620571] Parameters [ 1.52672765  1.53309335  0.03455248  2.32066547  1.62785824  1.59788427
 -0.03376309  2.38769574] REAL [0.48426041] FAKE [0.49896195] 
315 epoch LOSS [-1.38090071] Parameters [ 1.52676955  1.53309399  0.03456899  2.31940065  1.62787851  1.59788118
 -0.03355143  2.38653769] REAL [0.50090197] FAKE [0.49820111] 
316 epoch LOSS [-1.41944405] Parameters [ 1.52676584  1.53308815  0.03450806  2.31824179  1.62786262  1.59786522
 -0.03436076  2.38551653] REAL [0.48244147] FAKE [0.49869891] 
317 epoch LOSS [-1.35362114] Parameters [ 1.52678412  1.5330861   0.03497923  2.31708743  1.62785312  1.59787964
 -0.03416194  2.3844383 ] REAL [0.51663744] FAKE [0.50003002] 
318 epoch LOSS [-1.37507074] Parameters [ 1.5267606   1.53310602  0.03562045  2.3161155   1.62784531  1.59788013
 -0.03392138  2.38342676] REAL [0.50520583] FAKE [0.49956691] 
319 epoch LOSS [-1.40630719] Parameters [ 1.52675969  1.53311271  0.03617884  2.31532073  1.62784093  1.59787675
 -0.03392935  2.38256643] REAL [0.49027615] FAKE [0.50018673] 
320 epoch LOSS [-1.34965226] Parameters [ 1.52674194  1.53314036  0.03577055  2.31447599  1.62783109  1.59789752
 -0.03400115  2.38154455] REAL [0.51771511] FAKE [0.49908662] 
321 epoch LOSS [-1.34777557] Parameters [ 1.52675634  1.53314003  0.03547032  2.3135204   1.62782958  1.59788795
 -0.03408313  2.38063296] REAL [0.51771681] FAKE [0.49814733] 
322 epoch LOSS [-1.38675889] Parameters [ 1.52675946  1.5331354   0.03484323  2.31263887  1.62784641  1.59788855
 -0.03452176  2.37986225] REAL [0.49778008] FAKE [0.49800342] 
323 epoch LOSS [-1.37995475] Parameters [ 1.52675975  1.53311568  0.03523892  2.31209347  1.62783841  1.59789538
 -0.03450306  2.37924169] REAL [0.50216156] FAKE [0.49898607] 
324 epoch LOSS [-1.39309472] Parameters [ 1.52675815  1.53312228  0.03467017  2.3116013   1.62782761  1.59789625
 -0.03505003  2.37851594] REAL [0.49578687] FAKE [0.49916851] 
325 epoch LOSS [-1.40909303] Parameters [ 1.52673502  1.53313894  0.03468351  2.31090387  1.62782517  1.59789935
 -0.03449777  2.37780127] REAL [0.48922527] FAKE [0.50050656] 
326 epoch LOSS [-1.39778091] Parameters [ 1.52674706  1.53314231  0.03486851  2.31070509  1.62782747  1.59791443
 -0.03468184  2.3776444 ] REAL [0.49520865] FAKE [0.50092795] 
327 epoch LOSS [-1.36461736] Parameters [ 1.52674554  1.53316111  0.0337577   2.31036542  1.6278403   1.59792041
 -0.03519621  2.37727607] REAL [0.51044869] FAKE [0.49950226] 
328 epoch LOSS [-1.39535748] Parameters [ 1.52673842  1.53316492  0.03326347  2.30982294  1.62784752  1.59790785
 -0.03527033  2.37679074] REAL [0.49480868] FAKE [0.49931263] 
329 epoch LOSS [-1.37918991] Parameters [ 1.52672212  1.53316249  0.03404553  2.30963557  1.62783234  1.59790458
 -0.03465028  2.37652663] REAL [0.50299902] FAKE [0.49943752] 
330 epoch LOSS [-1.38711632] Parameters [ 1.52672196  1.53316117  0.03439885  2.30944216  1.62783492  1.59791324
 -0.03475427  2.37643591] REAL [0.49890998] FAKE [0.4993193] 
331 epoch LOSS [-1.36709934] Parameters [ 1.52671258  1.53316283  0.03426828  2.30963412  1.62783572  1.59793492
 -0.03411411  2.37658473] REAL [0.50968496] FAKE [0.49999484] 
332 epoch LOSS [-1.34771498] Parameters [ 1.52674183  1.5331746   0.03492471  2.3095308   1.62782994  1.59791615
 -0.03397379  2.37637778] REAL [0.5183596] FAKE [0.49873928] 
333 epoch LOSS [-1.37890141] Parameters [ 1.52675385  1.53316873  0.03526693  2.30960134  1.62783578  1.59791949
 -0.03445004  2.37649805] REAL [0.50190994] FAKE [0.49820662] 
334 epoch LOSS [-1.3662038] Parameters [ 1.52675961  1.53316522  0.03573273  2.30976124  1.6278442   1.59792545
 -0.03441422  2.37659598] REAL [0.50890334] FAKE [0.49877823] 
335 epoch LOSS [-1.38636339] Parameters [ 1.52677118  1.53316327  0.03560837  2.30996441  1.62783129  1.59794175
 -0.03424135  2.37671387] REAL [0.49932192] FAKE [0.49935556] 
336 epoch LOSS [-1.38066305] Parameters [ 1.5267783   1.53315556  0.03573927  2.31027327  1.62783487  1.59794424
 -0.034159    2.37703574] REAL [0.50173791] FAKE [0.49891807] 
337 epoch LOSS [-1.3810522] Parameters [ 1.52677607  1.53315457  0.03623689  2.31040673  1.62783555  1.59795231
 -0.03420473  2.37732938] REAL [0.50153084] FAKE [0.49890623] 
338 epoch LOSS [-1.39035627] Parameters [ 1.52679202  1.53315283  0.03731653  2.31064823  1.62783188  1.59795031
 -0.03262917  2.3774396 ] REAL [0.49611106] FAKE [0.4981233] 
339 epoch LOSS [-1.39567199] Parameters [ 1.52678621  1.53315251  0.03694389  2.31105202  1.6278307   1.59794894
 -0.03288089  2.37790454] REAL [0.49344337] FAKE [0.49808516] 
340 epoch LOSS [-1.37444259] Parameters [ 1.52679593  1.53315953  0.03688451  2.31120555  1.62782908  1.59796303
 -0.03359011  2.37797465] REAL [0.50416506] FAKE [0.49821875] 
341 epoch LOSS [-1.3898564] Parameters [ 1.5268004   1.53314386  0.0374509   2.31152002  1.62782017  1.59796086
 -0.03259543  2.3781348 ] REAL [0.49617391] FAKE [0.49793596] 
342 epoch LOSS [-1.37572389] Parameters [ 1.52680341  1.53312826  0.03676472  2.31201942  1.62782342  1.59796557
 -0.03326383  2.37853411] REAL [0.50345722] FAKE [0.4981567] 
343 epoch LOSS [-1.41275133] Parameters [ 1.52680414  1.53312158  0.03695096  2.31252017  1.62781822  1.59797551
 -0.03324492  2.37906996] REAL [0.4857025] FAKE [0.49872095] 
344 epoch LOSS [-1.40200238] Parameters [ 1.5268069   1.53310403  0.03682138  2.31328028  1.62782718  1.59797667
 -0.0333954   2.37973313] REAL [0.49145199] FAKE [0.4992315] 
345 epoch LOSS [-1.34678765] Parameters [ 1.52679873  1.53311628  0.03658241  2.31385326  1.627835    1.59797417
 -0.03342411  2.38032599] REAL [0.51859211] FAKE [0.49849918] 
346 epoch LOSS [-1.41835108] Parameters [ 1.52678273  1.53314084  0.03554243  2.31463258  1.62783551  1.5979648
 -0.03425089  2.38090405] REAL [0.48432408] FAKE [0.50010143] 
347 epoch LOSS [-1.40144274] Parameters [ 1.52679192  1.53314759  0.03522462  2.31503942  1.62782038  1.59796902
 -0.03429942  2.38140335] REAL [0.49181817] FAKE [0.49932422] 
348 epoch LOSS [-1.3648548] Parameters [ 1.52679603  1.53314811  0.0359333   2.31562725  1.62780121  1.59797398
 -0.03333792  2.38196048] REAL [0.50906057] FAKE [0.49825664] 
349 epoch LOSS [-1.38814772] Parameters [ 1.5268039   1.53314087  0.0362355   2.31609782  1.62779947  1.59798078
 -0.0332065   2.38254805] REAL [0.49818281] FAKE [0.49910537] 
350 epoch LOSS [-1.36688709] Parameters [ 1.52679717  1.53313654  0.03642971  2.31661878  1.62779515  1.59797898
 -0.03370124  2.38303146] REAL [0.50900608] FAKE [0.49922169] 
351 epoch LOSS [-1.34404768] Parameters [ 1.52679192  1.53314346  0.0360346   2.3174507   1.62778166  1.59794501
 -0.03417742  2.3836545 ] REAL [0.52166459] FAKE [0.50008502] 
352 epoch LOSS [-1.38511957] Parameters [ 1.52678834  1.53314463  0.03586116  2.31799076  1.62779336  1.59794315
 -0.0346521   2.38431614] REAL [0.50109935] FAKE [0.50051049] 
353 epoch LOSS [-1.4168106] Parameters [ 1.52680613  1.53314483  0.03556791  2.31861997  1.627799    1.59793433
 -0.03545565  2.38484125] REAL [0.48470929] FAKE [0.49972865] 
354 epoch LOSS [-1.34774208] Parameters [ 1.5267978   1.5331391   0.03534261  2.31925854  1.62781718  1.59793194
 -0.03549587  2.38536062] REAL [0.51912961] FAKE [0.49949635] 
355 epoch LOSS [-1.3960844] Parameters [ 1.52679515  1.5331399   0.0353885   2.3199143   1.62782449  1.59793278
 -0.03533738  2.38601186] REAL [0.49393209] FAKE [0.49878853] 
356 epoch LOSS [-1.41926047] Parameters [ 1.52679977  1.53313261  0.034563    2.32044257  1.62781557  1.59793079
 -0.03583389  2.3866933 ] REAL [0.48267512] FAKE [0.49884958] 
357 epoch LOSS [-1.41632495] Parameters [ 1.52681335  1.53313571  0.03554296  2.32105217  1.62781374  1.59792665
 -0.03548431  2.38722407] REAL [0.48487353] FAKE [0.49965518] 
358 epoch LOSS [-1.41556521] Parameters [ 1.52681561  1.5331399   0.03553248  2.32177228  1.62782058  1.59792612
 -0.0350111   2.38782989] REAL [0.48497081] FAKE [0.49937534] 
359 epoch LOSS [-1.34779961] Parameters [ 1.52680167  1.53314085  0.03546121  2.32226787  1.62780581  1.59791562
 -0.03546592  2.38843951] REAL [0.51656687] FAKE [0.49704223] 
360 epoch LOSS [-1.4196051] Parameters [ 1.52679568  1.53314246  0.03564343  2.32251771  1.62780821  1.59792269
 -0.03521443  2.38871748] REAL [0.48177855] FAKE [0.49808996] 
361 epoch LOSS [-1.39814661] Parameters [ 1.52680429  1.53315618  0.03560249  2.32297742  1.62780011  1.59791821
 -0.03530595  2.38918281] REAL [0.49284571] FAKE [0.49871852] 
362 epoch LOSS [-1.40636342] Parameters [ 1.52680636  1.53315637  0.03527035  2.32345911  1.62779417  1.59793561
 -0.03560046  2.38935389] REAL [0.48894535] FAKE [0.49885454] 
363 epoch LOSS [-1.39166108] Parameters [ 1.52680162  1.53316591  0.0347942   2.32386712  1.62780569  1.59793668
 -0.03618132  2.38981235] REAL [0.49597911] FAKE [0.49864437] 
364 epoch LOSS [-1.36630265] Parameters [ 1.52681613  1.5331682   0.03468842  2.32437096  1.62781853  1.59792777
 -0.03602822  2.39035285] REAL [0.50962696] FAKE [0.49953939] 
365 epoch LOSS [-1.40083972] Parameters [ 1.52680302  1.53318374  0.03460144  2.32486462  1.62782345  1.59790027
 -0.03625475  2.3907888 ] REAL [0.49276943] FAKE [0.49998932] 
366 epoch LOSS [-1.37734067] Parameters [ 1.52681215  1.53316889  0.0341986   2.3252558   1.627832    1.59790059
 -0.03660692  2.39126897] REAL [0.50412084] FAKE [0.49962696] 
367 epoch LOSS [-1.38832885] Parameters [ 1.52680537  1.53318448  0.03386713  2.325696    1.62783277  1.59788911
 -0.0366161   2.39185064] REAL [0.4979981] FAKE [0.49901035] 
368 epoch LOSS [-1.36373224] Parameters [ 1.52679243  1.53319565  0.03351142  2.32584819  1.62781842  1.59789768
 -0.03672685  2.39202025] REAL [0.51018824] FAKE [0.49880334] 
369 epoch LOSS [-1.36992534] Parameters [ 1.52678833  1.53320144  0.03406697  2.32638591  1.62782233  1.59789868
 -0.03705047  2.3924088 ] REAL [0.50673156] FAKE [0.4984999] 
370 epoch LOSS [-1.40040457] Parameters [ 1.52679031  1.53320407  0.0338429   2.32629964  1.62780626  1.59789813
 -0.03687623  2.39266326] REAL [0.49191142] FAKE [0.49889917] 
371 epoch LOSS [-1.38677702] Parameters [ 1.52678449  1.53318859  0.0337154   2.32655849  1.62779608  1.59790339
 -0.03705134  2.39290485] REAL [0.49809905] FAKE [0.49833399] 
372 epoch LOSS [-1.35039033] Parameters [ 1.52678488  1.53317769  0.03311691  2.32694824  1.62779854  1.59790595
 -0.038354    2.393206  ] REAL [0.51700873] FAKE [0.49877231] 
373 epoch LOSS [-1.39789796] Parameters [ 1.52676638  1.53318111  0.03323666  2.32705912  1.62779982  1.59789827
 -0.03804758  2.39330912] REAL [0.49271526] FAKE [0.49846111] 
374 epoch LOSS [-1.34462098] Parameters [ 1.52678216  1.53318576  0.03394449  2.32709026  1.62781102  1.59789295
 -0.03752332  2.39326861] REAL [0.51922315] FAKE [0.49802224] 
375 epoch LOSS [-1.41309762] Parameters [ 1.52679863  1.53318745  0.03406226  2.32709602  1.62779123  1.59789029
 -0.03802334  2.39330132] REAL [0.48603872] FAKE [0.49924115] 
376 epoch LOSS [-1.35061462] Parameters [ 1.52682084  1.53320112  0.03442494  2.32695841  1.62777313  1.59789651
 -0.03802982  2.39307714] REAL [0.51699042] FAKE [0.49886697] 
377 epoch LOSS [-1.41911317] Parameters [ 1.52681139  1.5331751   0.03488784  2.32680589  1.62776364  1.59788671
 -0.03703865  2.39284322] REAL [0.48294122] FAKE [0.49905193] 
378 epoch LOSS [-1.36631144] Parameters [ 1.52681617  1.53317044  0.03526617  2.32696187  1.62775901  1.5978827
 -0.03626642  2.39287076] REAL [0.50850928] FAKE [0.4984438] 
379 epoch LOSS [-1.35200134] Parameters [ 1.52681374  1.53317656  0.03473639  2.32689152  1.62775549  1.59788495
 -0.03634781  2.39290541] REAL [0.51524097] FAKE [0.49786223] 
380 epoch LOSS [-1.40690379] Parameters [ 1.5268115   1.5331731   0.03511135  2.32695976  1.62775449  1.59788185
 -0.03606049  2.39297225] REAL [0.48780124] FAKE [0.49795049] 
381 epoch LOSS [-1.37522751] Parameters [ 1.52681823  1.53317472  0.03498448  2.32676177  1.62775245  1.59788782
 -0.03620873  2.39272752] REAL [0.50347656] FAKE [0.49792682] 
382 epoch LOSS [-1.42053277] Parameters [ 1.52682964  1.53317731  0.03504033  2.32683415  1.6277525   1.59788565
 -0.03618144  2.39275031] REAL [0.48317852] FAKE [0.50000826] 
383 epoch LOSS [-1.35395369] Parameters [ 1.52683317  1.533196    0.03575211  2.32693409  1.62774639  1.59788917
 -0.03609709  2.39294238] REAL [0.515958] FAKE [0.49953809] 
384 epoch LOSS [-1.34758393] Parameters [ 1.52681216  1.53319536  0.03563639  2.32684979  1.62773139  1.59791077
 -0.03644428  2.39288002] REAL [0.51966878] FAKE [0.49993655] 
385 epoch LOSS [-1.38168449] Parameters [ 1.52681121  1.53318965  0.0349855   2.32684092  1.62772764  1.59791168
 -0.03726508  2.39271309] REAL [0.50216222] FAKE [0.4998526] 
386 epoch LOSS [-1.36736989] Parameters [ 1.52681281  1.53318475  0.03554739  2.32659943  1.62773246  1.5979095
 -0.03612739  2.39248367] REAL [0.50837844] FAKE [0.49884545] 
387 epoch LOSS [-1.36850043] Parameters [ 1.52681171  1.53317981  0.03647983  2.32625246  1.62773312  1.59791027
 -0.03580589  2.39229925] REAL [0.50856201] FAKE [0.4995924] 
388 epoch LOSS [-1.3617775] Parameters [ 1.52680098  1.53318401  0.0355909   2.32600178  1.62773557  1.59792354
 -0.03638233  2.39218891] REAL [0.51203358] FAKE [0.4996325] 
389 epoch LOSS [-1.36742447] Parameters [ 1.52679569  1.53319814  0.03534071  2.32572156  1.62772058  1.597922
 -0.03624604  2.39187464] REAL [0.5090682] FAKE [0.4995518] 
390 epoch LOSS [-1.35945709] Parameters [ 1.52678177  1.53320632  0.03586593  2.32543345  1.62771119  1.5979272
 -0.0354454   2.39154635] REAL [0.51202611] FAKE [0.49846276] 
391 epoch LOSS [-1.35599425] Parameters [ 1.52678748  1.53320364  0.0354805   2.3254097   1.62771257  1.59793528
 -0.03560511  2.39158204] REAL [0.51341047] FAKE [0.49808005] 
392 epoch LOSS [-1.39178316] Parameters [ 1.52679554  1.53321606  0.0349266   2.32492062  1.62771279  1.59793697
 -0.03619103  2.39119631] REAL [0.49580419] FAKE [0.49852873] 
393 epoch LOSS [-1.38817708] Parameters [ 1.52679446  1.53319481  0.03540919  2.32451035  1.62773345  1.59794714
 -0.03561942  2.39094838] REAL [0.49726441] FAKE [0.49819501] 
394 epoch LOSS [-1.42044865] Parameters [ 1.52679543  1.53319419  0.03530406  2.32446244  1.62771829  1.59794287
 -0.03590516  2.39060057] REAL [0.48232972] FAKE [0.49908623] 
395 epoch LOSS [-1.39797924] Parameters [ 1.52680358  1.53320748  0.03509696  2.32421626  1.62772756  1.59793016
 -0.03653591  2.39058216] REAL [0.4929288] FAKE [0.49871912] 
396 epoch LOSS [-1.39113162] Parameters [ 1.52679644  1.53320814  0.03463809  2.32389906  1.6277339   1.5979264
 -0.03622481  2.39034679] REAL [0.49599077] FAKE [0.49839065] 
397 epoch LOSS [-1.34704022] Parameters [ 1.5268024   1.53319105  0.03540139  2.32382895  1.62773634  1.59792304
 -0.03540612  2.39027992] REAL [0.51903366] FAKE [0.49905235] 
398 epoch LOSS [-1.36696408] Parameters [ 1.52678943  1.5331946   0.03496572  2.32365657  1.62774417  1.59792661
 -0.03566314  2.39008725] REAL [0.50851963] FAKE [0.49878124] 
399 epoch LOSS [-1.35294398] Parameters [ 1.52678268  1.53318506  0.03463999  2.32346999  1.62773681  1.59792602
 -0.03607198  2.38998977] REAL [0.51462313] FAKE [0.49773306] 
400 epoch LOSS [-1.384369] Parameters [ 1.52675345  1.53318222  0.0349026   2.32327548  1.62773884  1.59792648
 -0.03584541  2.38987657] REAL [0.49966794] FAKE [0.49870347] 
401 epoch LOSS [-1.36973925] Parameters [ 1.52675627  1.53317813  0.03435221  2.32301467  1.62774193  1.59794009
 -0.0355736   2.38977595] REAL [0.50669928] FAKE [0.49837461] 
402 epoch LOSS [-1.37032872] Parameters [ 1.52676967  1.53318221  0.03514637  2.32268315  1.62773389  1.59793518
 -0.03501978  2.38956811] REAL [0.50592311] FAKE [0.49790109] 
403 epoch LOSS [-1.38322701] Parameters [ 1.52675243  1.53320755  0.03509429  2.32237679  1.62770756  1.59792692
 -0.03471345  2.38927776] REAL [0.50049319] FAKE [0.49895818] 
404 epoch LOSS [-1.34965757] Parameters [ 1.52675141  1.53319038  0.03440521  2.32223579  1.62771772  1.59791987
 -0.03482009  2.38910683] REAL [0.51761377] FAKE [0.49899121] 
405 epoch LOSS [-1.3697839] Parameters [ 1.52676108  1.53318416  0.03289276  2.32209037  1.62771998  1.59792597
 -0.03659089  2.38888944] REAL [0.50660853] FAKE [0.49830715] 
406 epoch LOSS [-1.38375017] Parameters [ 1.52675372  1.53318703  0.03335041  2.32169938  1.62772326  1.59793069
 -0.03627665  2.38867086] REAL [0.49934988] FAKE [0.49807366] 
407 epoch LOSS [-1.36666449] Parameters [ 1.52674406  1.53320725  0.03359566  2.32144807  1.6277284   1.59791367
 -0.03567393  2.38863173] REAL [0.50820883] FAKE [0.49832444] 
408 epoch LOSS [-1.42277672] Parameters [ 1.52673328  1.53319389  0.03385239  2.32151155  1.6277307   1.59791265
 -0.03589528  2.38863341] REAL [0.4811832] FAKE [0.49906029] 
409 epoch LOSS [-1.37559843] Parameters [ 1.52672936  1.53320993  0.03282603  2.32110518  1.62770829  1.59789567
 -0.03640953  2.3882499 ] REAL [0.50394845] FAKE [0.49858298] 
410 epoch LOSS [-1.35450212] Parameters [ 1.52673995  1.53319831  0.03292546  2.32078355  1.62771927  1.59789275
 -0.03702729  2.38796343] REAL [0.51461564] FAKE [0.49850775] 
411 epoch LOSS [-1.40519964] Parameters [ 1.52674106  1.53320482  0.0338654   2.32071139  1.62773174  1.59790277
 -0.03623456  2.38766559] REAL [0.49021108] FAKE [0.49956644] 
412 epoch LOSS [-1.36732072] Parameters [ 1.5267337   1.53320346  0.03497723  2.32053282  1.6277363   1.59791786
 -0.03544364  2.38740161] REAL [0.50808425] FAKE [0.49853062] 
413 epoch LOSS [-1.42070373] Parameters [ 1.52675134  1.533195    0.03553796  2.32011349  1.62772884  1.59791865
 -0.03534477  2.38707546] REAL [0.48187406] FAKE [0.49874045] 
414 epoch LOSS [-1.40391159] Parameters [ 1.52674593  1.53318272  0.0354232   2.32014883  1.62771538  1.59792833
 -0.03540662  2.38722901] REAL [0.48967958] FAKE [0.49837757] 
415 epoch LOSS [-1.39977287] Parameters [ 1.52673943  1.53319718  0.03539477  2.31988623  1.6277      1.59791891
 -0.03549544  2.38693062] REAL [0.49245428] FAKE [0.49913527] 
416 epoch LOSS [-1.41743011] Parameters [ 1.52676096  1.53318727  0.0349721   2.32004335  1.62770574  1.59792137
 -0.03613295  2.38706774] REAL [0.48457938] FAKE [0.49990444] 
417 epoch LOSS [-1.39291854] Parameters [ 1.52676441  1.53318653  0.03502348  2.32001618  1.62770874  1.59791963
 -0.03607487  2.38712609] REAL [0.49667558] FAKE [0.49997657] 
418 epoch LOSS [-1.38515142] Parameters [ 1.52678559  1.5331989   0.03564309  2.31984659  1.62770689  1.59792851
 -0.03512623  2.38673766] REAL [0.50058465] FAKE [0.50001283] 
419 epoch LOSS [-1.38790739] Parameters [ 1.52679478  1.53317615  0.03538859  2.31977808  1.62771549  1.59794675
 -0.03560848  2.38654413] REAL [0.49877894] FAKE [0.49958379] 
420 epoch LOSS [-1.37746921] Parameters [ 1.5268031   1.53317909  0.03526549  2.31974865  1.62771163  1.59794054
 -0.03570722  2.38654266] REAL [0.50357709] FAKE [0.49915106] 
421 epoch LOSS [-1.34488675] Parameters [ 1.52679462  1.53317101  0.03572815  2.31954516  1.62772224  1.59793243
 -0.03573773  2.38633552] REAL [0.5190742] FAKE [0.49801162] 
422 epoch LOSS [-1.40608268] Parameters [ 1.52680817  1.53317052  0.03494043  2.31956378  1.62771229  1.59793345
 -0.0367846   2.38645225] REAL [0.48917159] FAKE [0.49894567] 
423 epoch LOSS [-1.36101279] Parameters [ 1.52679392  1.5331639   0.03458116  2.31938372  1.62771763  1.59792803
 -0.03693935  2.3864581 ] REAL [0.51161912] FAKE [0.49884405] 
424 epoch LOSS [-1.37362486] Parameters [ 1.52679089  1.53316323  0.03548717  2.31929307  1.62770315  1.59794011
 -0.03651982  2.38653824] REAL [0.50551923] FAKE [0.49915352] 
425 epoch LOSS [-1.35328719] Parameters [ 1.52677699  1.53315693  0.03574404  2.3191926   1.62770254  1.5979515
 -0.03595515  2.38641687] REAL [0.51465891] FAKE [0.49794032] 
426 epoch LOSS [-1.37016498] Parameters [ 1.52679029  1.53315983  0.03520826  2.31913787  1.62769064  1.5979555
 -0.03678468  2.38627957] REAL [0.50672521] FAKE [0.49861377] 
427 epoch LOSS [-1.3776945] Parameters [ 1.52679356  1.53317056  0.03468743  2.31901841  1.62769331  1.5979614
 -0.03721871  2.38617321] REAL [0.50303313] FAKE [0.49872241] 
428 epoch LOSS [-1.36181115] Parameters [ 1.5268134   1.53316922  0.03410134  2.3191376   1.62767438  1.59795619
 -0.03739031  2.3864342 ] REAL [0.51155366] FAKE [0.49917992] 
429 epoch LOSS [-1.34592443] Parameters [ 1.52682295  1.53316338  0.03340837  2.31928073  1.62767355  1.59796276
 -0.03798266  2.38659243] REAL [0.52026267] FAKE [0.49967779] 
430 epoch LOSS [-1.39645427] Parameters [ 1.52682317  1.53314966  0.03268869  2.31937863  1.62767571  1.59797336
 -0.03841697  2.38672284] REAL [0.49412771] FAKE [0.49917222] 
431 epoch LOSS [-1.41987491] Parameters [ 1.52681789  1.53314081  0.03396053  2.31913335  1.62769114  1.5979853
 -0.03765206  2.38650548] REAL [0.48236253] FAKE [0.49883285] 
432 epoch LOSS [-1.35747501] Parameters [ 1.52681321  1.53314678  0.03488642  2.31953652  1.62770389  1.59797876
 -0.03639279  2.38699685] REAL [0.51296818] FAKE [0.4983906] 
433 epoch LOSS [-1.37370027] Parameters [ 1.52680657  1.53314051  0.03484048  2.31953505  1.62769529  1.59798673
 -0.03626186  2.38691294] REAL [0.50459717] FAKE [0.49827616] 
434 epoch LOSS [-1.38106573] Parameters [ 1.52680616  1.5331314   0.03423963  2.31946133  1.62768364  1.59799691
 -0.03702309  2.386842  ] REAL [0.50067996] FAKE [0.49806144] 
435 epoch LOSS [-1.35016829] Parameters [ 1.52681444  1.5331376   0.03448955  2.31948405  1.62767603  1.59800454
 -0.03666176  2.38683272] REAL [0.51585597] FAKE [0.49754068] 
436 epoch LOSS [-1.39075052] Parameters [ 1.52679952  1.53313424  0.03437906  2.31961658  1.62767851  1.59800064
 -0.03708293  2.38709038] REAL [0.49509053] FAKE [0.49728701] 
437 epoch LOSS [-1.39529909] Parameters [ 1.52680255  1.53313883  0.03375656  2.31961724  1.62767784  1.59799965
 -0.03766778  2.38713728] REAL [0.49372684] FAKE [0.49818624] 
438 epoch LOSS [-1.39046291] Parameters [ 1.5267911   1.53314189  0.0338336   2.31968008  1.62767182  1.59799885
 -0.0371797   2.38725979] REAL [0.49687125] FAKE [0.49894458] 
439 epoch LOSS [-1.36009849] Parameters [ 1.52681884  1.53314308  0.03341916  2.31986098  1.62767576  1.59801989
 -0.03721668  2.38738324] REAL [0.51229179] FAKE [0.49904429] 
440 epoch LOSS [-1.40776092] Parameters [ 1.52680322  1.53313109  0.03347711  2.31988702  1.62767589  1.5980173
 -0.03755172  2.38741585] REAL [0.48864025] FAKE [0.49924192] 
441 epoch LOSS [-1.41353237] Parameters [ 1.5267864   1.53312216  0.03328918  2.31994306  1.62766256  1.59801714
 -0.03798955  2.38760843] REAL [0.48510881] FAKE [0.49849931] 
442 epoch LOSS [-1.35574119] Parameters [ 1.52677644  1.5331325   0.0335829   2.32004934  1.62764697  1.5980039
 -0.03803838  2.38765677] REAL [0.51426642] FAKE [0.49878863] 
443 epoch LOSS [-1.39965002] Parameters [ 1.52678066  1.53313676  0.03358744  2.32036615  1.62765356  1.59798728
 -0.03829491  2.3880103 ] REAL [0.49213493] FAKE [0.49874868] 
444 epoch LOSS [-1.34527954] Parameters [ 1.52678025  1.53315272  0.0339191   2.32070507  1.62764785  1.59796649
 -0.03771195  2.38828136] REAL [0.51826424] FAKE [0.49742454] 
445 epoch LOSS [-1.4118015] Parameters [ 1.5267699   1.53315463  0.03440315  2.32072755  1.62763013  1.5979853
 -0.03717293  2.38825756] REAL [0.48602014] FAKE [0.49857251] 
446 epoch LOSS [-1.35202735] Parameters [ 1.526766    1.5331602   0.03445575  2.32057252  1.62763498  1.59800655
 -0.03714913  2.38827725] REAL [0.51586977] FAKE [0.49848733] 
447 epoch LOSS [-1.41443893] Parameters [ 1.52676126  1.53316873  0.03427144  2.32081117  1.62762848  1.59801246
 -0.03786084  2.38836415] REAL [0.48484776] FAKE [0.49868398] 
448 epoch LOSS [-1.41893929] Parameters [ 1.52674707  1.53317225  0.03525192  2.32107659  1.6276565   1.59800963
 -0.03634471  2.388492  ] REAL [0.48245472] FAKE [0.49845959] 
449 epoch LOSS [-1.41408092] Parameters [ 1.52675107  1.53317125  0.03395233  2.32133171  1.62766435  1.59799443
 -0.03728078  2.38838821] REAL [0.4850453] FAKE [0.49870871] 
450 epoch LOSS [-1.38575249] Parameters [ 1.52675672  1.53316938  0.03474367  2.321625    1.62766291  1.59799378
 -0.0370248   2.38865592] REAL [0.49873193] FAKE [0.498457] 
451 epoch LOSS [-1.39032577] Parameters [ 1.52675356  1.53316677  0.03469468  2.32158861  1.62766018  1.59799182
 -0.03669325  2.38857749] REAL [0.49727062] FAKE [0.49927833] 
452 epoch LOSS [-1.35148153] Parameters [ 1.52676342  1.53315418  0.03531421  2.32167116  1.62765125  1.59800334
 -0.03660251  2.38863683] REAL [0.51518312] FAKE [0.49754473] 
453 epoch LOSS [-1.41801284] Parameters [ 1.52676673  1.53316874  0.0358707   2.32156077  1.6276511   1.59799631
 -0.03707747  2.38857098] REAL [0.48200581] FAKE [0.49752718] 
454 epoch LOSS [-1.40244819] Parameters [ 1.52675698  1.53316316  0.03538614  2.32197949  1.62764219  1.59800164
 -0.03732983  2.38878053] REAL [0.49066187] FAKE [0.49864865] 
455 epoch LOSS [-1.36607203] Parameters [ 1.52674776  1.53316287  0.03534417  2.32158711  1.62765233  1.59800758
 -0.03752848  2.38829619] REAL [0.50829586] FAKE [0.49811307] 
456 epoch LOSS [-1.35964544] Parameters [ 1.52674324  1.53316335  0.03500089  2.32143492  1.62765285  1.59802211
 -0.03775616  2.38815449] REAL [0.51060162] FAKE [0.49715828] 
457 epoch LOSS [-1.34633406] Parameters [ 1.52675931  1.53316119  0.03615156  2.3216181   1.62765518  1.59801614
 -0.03651662  2.38829753] REAL [0.51774724] FAKE [0.49745292] 
458 epoch LOSS [-1.42030859] Parameters [ 1.52674942  1.5331641   0.03675919  2.32161947  1.62766165  1.59801417
 -0.03609723  2.38835454] REAL [0.48219271] FAKE [0.49887372] 
459 epoch LOSS [-1.34282657] Parameters [ 1.5267483   1.53316383  0.03734325  2.32181066  1.627666    1.59801606
 -0.03624343  2.38839609] REAL [0.52177571] FAKE [0.49958079] 
460 epoch LOSS [-1.41774329] Parameters [ 1.52674659  1.53316656  0.03728047  2.32164839  1.62766326  1.59800954
 -0.03662992  2.38824857] REAL [0.48361904] FAKE [0.4990683] 
461 epoch LOSS [-1.40772921] Parameters [ 1.52675853  1.53316768  0.03691467  2.32174515  1.62765262  1.59801343
 -0.03706145  2.38836287] REAL [0.48987204] FAKE [0.50048525] 
462 epoch LOSS [-1.35625972] Parameters [ 1.52674655  1.53317657  0.03606048  2.3217819   1.62766336  1.59800318
 -0.03723282  2.38842627] REAL [0.51466495] FAKE [0.49943636] 
463 epoch LOSS [-1.40885506] Parameters [ 1.52675013  1.53317346  0.03619279  2.32190795  1.62766469  1.59799235
 -0.03625104  2.38840615] REAL [0.48864072] FAKE [0.49979001] 
464 epoch LOSS [-1.41230915] Parameters [ 1.52674695  1.53317728  0.03589542  2.32199784  1.62764661  1.59798444
 -0.03682482  2.388402  ] REAL [0.48693192] FAKE [0.49976545] 
465 epoch LOSS [-1.40632828] Parameters [ 1.52674012  1.53316325  0.0352403   2.32207064  1.62764678  1.5979918
 -0.03744953  2.38868139] REAL [0.49002213] FAKE [0.49993818] 
466 epoch LOSS [-1.37819614] Parameters [ 1.52675548  1.53316696  0.03457978  2.32229278  1.62763868  1.59800261
 -0.03779705  2.38883942] REAL [0.50301327] FAKE [0.49895402] 
467 epoch LOSS [-1.42099796] Parameters [ 1.52676672  1.53316107  0.03503912  2.32237941  1.62761583  1.5979986
 -0.0370484   2.38906996] REAL [0.48180556] FAKE [0.49881667] 
468 epoch LOSS [-1.41806439] Parameters [ 1.52676714  1.5331514   0.03533017  2.32226589  1.62762456  1.59798809
 -0.03679056  2.38895549] REAL [0.48391117] FAKE [0.49953142] 
469 epoch LOSS [-1.4235861] Parameters [ 1.5267729   1.53315034  0.03588261  2.3223885   1.62762263  1.59800499
 -0.03630801  2.38922024] REAL [0.48172224] FAKE [0.50002566] 
470 epoch LOSS [-1.41854782] Parameters [ 1.52675519  1.53315551  0.03640978  2.32197226  1.62761454  1.59800485
 -0.03677363  2.38895709] REAL [0.48377806] FAKE [0.49963566] 
471 epoch LOSS [-1.42394573] Parameters [ 1.52675574  1.53314395  0.03678768  2.32195616  1.62762379  1.59800189
 -0.03629202  2.38894019] REAL [0.48161381] FAKE [0.50009291] 
472 epoch LOSS [-1.38137571] Parameters [ 1.52675206  1.5331516   0.03604886  2.32184918  1.62763359  1.597994
 -0.03659471  2.38882502] REAL [0.50272254] FAKE [0.50025576] 
473 epoch LOSS [-1.3588648] Parameters [ 1.52675777  1.53316558  0.03566522  2.32189518  1.62763304  1.59798416
 -0.03615131  2.3888521 ] REAL [0.51433773] FAKE [0.50042105] 
474 epoch LOSS [-1.35013768] Parameters [ 1.52677153  1.53315751  0.035287    2.32198607  1.62763473  1.59799124
 -0.0364322   2.38891424] REAL [0.51731733] FAKE [0.49894473] 
475 epoch LOSS [-1.41872409] Parameters [ 1.52677005  1.5331501   0.03513403  2.32201747  1.62763855  1.59798805
 -0.03655133  2.38905469] REAL [0.4828303] FAKE [0.49874186] 
476 epoch LOSS [-1.39969125] Parameters [ 1.52676089  1.53314183  0.03564027  2.32224771  1.62762846  1.59799517
 -0.03713956  2.38935869] REAL [0.4920068] FAKE [0.49863881] 
477 epoch LOSS [-1.36657278] Parameters [ 1.52678261  1.53313418  0.03542918  2.32221133  1.62763241  1.59799119
 -0.0366736   2.38944063] REAL [0.50771817] FAKE [0.49779356] 
478 epoch LOSS [-1.36430894] Parameters [ 1.52678712  1.53312688  0.03522132  2.32222411  1.62761741  1.59799901
 -0.03625238  2.38947203] REAL [0.50875638] FAKE [0.49768253] 
479 epoch LOSS [-1.3951612] Parameters [ 1.52678682  1.53312083  0.03563427  2.32209645  1.62762811  1.59800508
 -0.03626576  2.38934593] REAL [0.49337021] FAKE [0.49775426] 
480 epoch LOSS [-1.41714413] Parameters [ 1.52679191  1.53311975  0.03512113  2.32221505  1.62763818  1.59800768
 -0.03650506  2.38940744] REAL [0.4829648] FAKE [0.49808907] 
481 epoch LOSS [-1.34810733] Parameters [ 1.52679696  1.53311967  0.03485071  2.32200374  1.6276518   1.59801436
 -0.03699333  2.38920298] REAL [0.51677022] FAKE [0.49739483] 
482 epoch LOSS [-1.40513194] Parameters [ 1.5267922   1.53313139  0.03513865  2.32203338  1.62764791  1.59801217
 -0.03692918  2.38938235] REAL [0.48791336] FAKE [0.49717572] 
483 epoch LOSS [-1.34301949] Parameters [ 1.52678921  1.5331294   0.03509882  2.32184225  1.62765166  1.59800042
 -0.03663815  2.38905691] REAL [0.51864344] FAKE [0.4966557] 
484 epoch LOSS [-1.41301012] Parameters [ 1.5267869   1.53313542  0.03530538  2.32176325  1.62767074  1.59801006
 -0.03648671  2.38893333] REAL [0.4848563] FAKE [0.49797603] 
485 epoch LOSS [-1.3885882] Parameters [ 1.52680135  1.53313385  0.03613234  2.32170629  1.62767974  1.59801516
 -0.03662785  2.38892152] REAL [0.49703774] FAKE [0.49817252] 
486 epoch LOSS [-1.41283422] Parameters [ 1.52679986  1.53313894  0.03642846  2.32170777  1.62768837  1.59802427
 -0.03668872  2.38882204] REAL [0.48519543] FAKE [0.49823866] 
487 epoch LOSS [-1.40891693] Parameters [ 1.52680217  1.53313342  0.03558288  2.32153298  1.62769677  1.59802642
 -0.03734243  2.38889406] REAL [0.48758147] FAKE [0.49873433] 
488 epoch LOSS [-1.41588339] Parameters [ 1.5268042   1.53314137  0.03587912  2.32133614  1.62769979  1.59803888
 -0.03745618  2.38876466] REAL [0.48469644] FAKE [0.49925131] 
489 epoch LOSS [-1.36513289] Parameters [ 1.5268119   1.53314803  0.03584062  2.32118124  1.62771166  1.59803563
 -0.03720746  2.38860435] REAL [0.50831374] FAKE [0.49765918] 
490 epoch LOSS [-1.38843276] Parameters [ 1.52680988  1.53313742  0.03636543  2.32123674  1.62770423  1.59803032
 -0.03754124  2.38865634] REAL [0.49632531] FAKE [0.49737407] 
491 epoch LOSS [-1.37505314] Parameters [ 1.52682322  1.53312589  0.03595957  2.32141325  1.62769384  1.59801319
 -0.03834501  2.3889156 ] REAL [0.50178704] FAKE [0.49614848] 
492 epoch LOSS [-1.39830806] Parameters [ 1.52681727  1.53311685  0.03613161  2.32160219  1.62769559  1.598006
 -0.03861703  2.38926766] REAL [0.49201064] FAKE [0.49794877] 
493 epoch LOSS [-1.40814652] Parameters [ 1.52680015  1.53312     0.03631528  2.32173869  1.62771088  1.59800819
 -0.03835571  2.38934277] REAL [0.4883821] FAKE [0.49917038] 
494 epoch LOSS [-1.35813368] Parameters [ 1.52679171  1.53310801  0.03651326  2.32167953  1.62771958  1.5979961
 -0.0379595   2.3892999 ] REAL [0.51240377] FAKE [0.49816873] 
495 epoch LOSS [-1.37167545] Parameters [ 1.52678245  1.53310396  0.03640006  2.3216327   1.62773675  1.59798279
 -0.03811327  2.3892916 ] REAL [0.50595056] FAKE [0.49860403] 
496 epoch LOSS [-1.42079568] Parameters [ 1.52678667  1.53311063  0.03581671  2.32162755  1.62775189  1.5979744
 -0.03854309  2.38953818] REAL [0.48167864] FAKE [0.49858319] 
497 epoch LOSS [-1.39737142] Parameters [ 1.52679431  1.53311062  0.0361589   2.32149086  1.62777433  1.59798478
 -0.03832975  2.38935128] REAL [0.49341832] FAKE [0.49891197] 
498 epoch LOSS [-1.40482921] Parameters [ 1.52678657  1.53309927  0.03607282  2.32167442  1.62778428  1.59799586
 -0.03736087  2.38931202] REAL [0.49043516] FAKE [0.49960976] 
499 epoch LOSS [-1.35564945] Parameters [ 1.52679508  1.53308874  0.0357762   2.32169859  1.62776962  1.59799644
 -0.03790967  2.38937077] REAL [0.51499706] FAKE [0.49945379] 
500 epoch LOSS [-1.40463055] Parameters [ 1.52680576  1.53308105  0.036907    2.32190874  1.62776899  1.59800059
 -0.03722615  2.38950999] REAL [0.48931702] FAKE [0.49836668] 
501 epoch LOSS [-1.38023163] Parameters [ 1.5268129   1.53307522  0.03625953  2.32193385  1.62776702  1.59800735
 -0.03774806  2.38959938] REAL [0.50209854] FAKE [0.4990619] 
502 epoch LOSS [-1.35372043] Parameters [ 1.52681604  1.53309089  0.03590344  2.32171679  1.62774943  1.59803228
 -0.03802503  2.38934159] REAL [0.51539972] FAKE [0.49887911] 
503 epoch LOSS [-1.39933393] Parameters [ 1.5268131   1.53309641  0.03669227  2.32169877  1.62775325  1.59803926
 -0.03723219  2.38921609] REAL [0.49219023] FAKE [0.49864656] 
504 epoch LOSS [-1.34851252] Parameters [ 1.52681279  1.53309818  0.03619214  2.32176328  1.62775495  1.59802894
 -0.03748524  2.38941146] REAL [0.51761346] FAKE [0.4984169] 
505 epoch LOSS [-1.39046809] Parameters [ 1.52680966  1.53309107  0.03719238  2.32169425  1.62776677  1.59802766
 -0.03641853  2.38956442] REAL [0.49673648] FAKE [0.49881124] 
506 epoch LOSS [-1.35161477] Parameters [ 1.52679905  1.53308996  0.03677044  2.3216791   1.62776064  1.59799881
 -0.03699362  2.38935791] REAL [0.5180081] FAKE [0.50035147] 
507 epoch LOSS [-1.35665884] Parameters [ 1.52678677  1.5330884   0.03694011  2.32187301  1.62773752  1.59799976
 -0.03710217  2.3895906 ] REAL [0.51395293] FAKE [0.49894292] 
508 epoch LOSS [-1.35782138] Parameters [ 1.5267722   1.53309349  0.03689396  2.32208638  1.62773865  1.59799479
 -0.03670371  2.38969396] REAL [0.5123967] FAKE [0.49800506] 
509 epoch LOSS [-1.42451313] Parameters [ 1.52676353  1.53309497  0.03729539  2.32212255  1.62772662  1.59800576
 -0.03628999  2.38962012] REAL [0.47934579] FAKE [0.49801252] 
510 epoch LOSS [-1.35947559] Parameters [ 1.52674451  1.53308744  0.03717747  2.32212441  1.62772396  1.59802401
 -0.03608666  2.38956834] REAL [0.51190412] FAKE [0.49835253] 
511 epoch LOSS [-1.37462478] Parameters [ 1.52675336  1.53310549  0.03711715  2.32212137  1.62772083  1.59801726
 -0.0364111   2.38956862] REAL [0.50420104] FAKE [0.49834597] 
512 epoch LOSS [-1.34797495] Parameters [ 1.5267479   1.53309974  0.03695227  2.32199332  1.62771039  1.59800784
 -0.03677914  2.38947621] REAL [0.5174689] FAKE [0.498007] 
513 epoch LOSS [-1.35043261] Parameters [ 1.52675566  1.53310154  0.03682273  2.32199839  1.62772352  1.59800449
 -0.03729137  2.3895191 ] REAL [0.51605696] FAKE [0.49786913] 
514 epoch LOSS [-1.36726625] Parameters [ 1.52675753  1.53310621  0.03720043  2.3220226   1.62771099  1.59800713
 -0.03698979  2.38951573] REAL [0.50668392] FAKE [0.49711731] 
515 epoch LOSS [-1.37873992] Parameters [ 1.52676166  1.53311962  0.03654671  2.32198969  1.62769716  1.59799819
 -0.03704498  2.38931638] REAL [0.50165542] FAKE [0.49787095] 
516 epoch LOSS [-1.37516254] Parameters [ 1.52675584  1.53312337  0.03633341  2.32183311  1.62769435  1.59801067
 -0.03765932  2.38923375] REAL [0.50449949] FAKE [0.49891228] 
517 epoch LOSS [-1.40623242] Parameters [ 1.52676384  1.53311903  0.03670533  2.32211637  1.62768579  1.59800691
 -0.03707429  2.38964646] REAL [0.48847533] FAKE [0.4983066] 
518 epoch LOSS [-1.36176356] Parameters [ 1.5267759   1.53312154  0.03596066  2.3222308   1.62768671  1.5980015
 -0.03741078  2.38950543] REAL [0.51075385] FAKE [0.49837179] 
519 epoch LOSS [-1.40609803] Parameters [ 1.52677508  1.53312242  0.03555732  2.32246317  1.6276831   1.59800905
 -0.03788527  2.38964207] REAL [0.48907543] FAKE [0.49885484] 
520 epoch LOSS [-1.37365165] Parameters [ 1.52679435  1.53311713  0.03633668  2.32248713  1.62768075  1.59800056
 -0.03678283  2.38965246] REAL [0.50485561] FAKE [0.49850861] 
521 epoch LOSS [-1.34768565] Parameters [ 1.52680381  1.53311715  0.03628523  2.3225396   1.62767255  1.59800051
 -0.03659929  2.3896808 ] REAL [0.51762534] FAKE [0.49801351] 
522 epoch LOSS [-1.42227126] Parameters [ 1.5268081   1.53311514  0.03637837  2.32249204  1.62766185  1.59798599
 -0.03670388  2.38962177] REAL [0.48114058] FAKE [0.49876262] 
523 epoch LOSS [-1.36986827] Parameters [ 1.52680408  1.53310974  0.03575974  2.32246135  1.62766003  1.59799879
 -0.03677576  2.38957729] REAL [0.50722968] FAKE [0.49896379] 
524 epoch LOSS [-1.39210727] Parameters [ 1.52680217  1.53309192  0.03568462  2.32256456  1.6276687   1.59801757
 -0.03706181  2.38965879] REAL [0.49696108] FAKE [0.49985824] 
525 epoch LOSS [-1.36571472] Parameters [ 1.52680252  1.53308707  0.03671706  2.3223403   1.62767955  1.59800206
 -0.03613852  2.3894282 ] REAL [0.50835046] FAKE [0.49798764] 
526 epoch LOSS [-1.35445133] Parameters [ 1.52681526  1.53309037  0.0369072   2.32241091  1.6276689   1.5979899
 -0.03567836  2.38949299] REAL [0.51307786] FAKE [0.49697915] 
527 epoch LOSS [-1.42024745] Parameters [ 1.52683645  1.53308763  0.03785727  2.32249305  1.62766041  1.59797082
 -0.03498492  2.3896531 ] REAL [0.48096922] FAKE [0.49756823] 
528 epoch LOSS [-1.41805168] Parameters [ 1.52682636  1.53306885  0.03720796  2.32264522  1.6276633   1.59797508
 -0.03559429  2.38976592] REAL [0.48253009] FAKE [0.49809262] 
529 epoch LOSS [-1.40444658] Parameters [ 1.5268226   1.5330672   0.03730801  2.32254718  1.62767046  1.59797411
 -0.03555366  2.38975039] REAL [0.48989726] FAKE [0.49886863] 
530 epoch LOSS [-1.35196024] Parameters [ 1.52681582  1.53307515  0.03743123  2.32257256  1.62767437  1.59796532
 -0.03573312  2.38989611] REAL [0.51689564] FAKE [0.49944909] 
531 epoch LOSS [-1.3591692] Parameters [ 1.52682104  1.5330674   0.03804278  2.32263121  1.62767736  1.59796153
 -0.03543552  2.38992745] REAL [0.51246426] FAKE [0.49874728] 
532 epoch LOSS [-1.38796712] Parameters [ 1.52682947  1.53308438  0.03705021  2.32235393  1.62767977  1.59795865
 -0.03576723  2.38961208] REAL [0.49799037] FAKE [0.49882131] 
533 epoch LOSS [-1.39463618] Parameters [ 1.52682219  1.53307483  0.03709971  2.32226317  1.6276812   1.59795323
 -0.03518529  2.38938162] REAL [0.49487363] FAKE [0.49901711] 
534 epoch LOSS [-1.3936261] Parameters [ 1.52680493  1.53307474  0.03721202  2.32238055  1.62768483  1.5979725
 -0.03513445  2.38953443] REAL [0.49508775] FAKE [0.49872772] 
535 epoch LOSS [-1.39962922] Parameters [ 1.52679561  1.53306844  0.03667734  2.32247785  1.62767122  1.59797215
 -0.03582924  2.3894117 ] REAL [0.49270422] FAKE [0.49931743] 
536 epoch LOSS [-1.36868386] Parameters [ 1.52679284  1.53307308  0.03641419  2.32236943  1.62765799  1.59797894
 -0.0357762   2.38938413] REAL [0.50784224] FAKE [0.49897507] 
537 epoch LOSS [-1.34543079] Parameters [ 1.52681325  1.53306583  0.03684009  2.32210901  1.6276636   1.59797857
 -0.03597908  2.38913185] REAL [0.51967385] FAKE [0.49886358] 
538 epoch LOSS [-1.4179343] Parameters [ 1.52682404  1.53306278  0.03616808  2.32224232  1.62766465  1.59797573
 -0.0364701   2.38911289] REAL [0.48432218] FAKE [0.49989109] 
539 epoch LOSS [-1.35112177] Parameters [ 1.52679859  1.53305927  0.03605498  2.32224036  1.62766737  1.59796514
 -0.03663822  2.3890207 ] REAL [0.51833722] FAKE [0.50042249] 
540 epoch LOSS [-1.35894499] Parameters [ 1.52679498  1.53305002  0.03545654  2.32208861  1.62766867  1.59796242
 -0.03778821  2.38887337] REAL [0.51329892] FAKE [0.49945015] 
541 epoch LOSS [-1.42482931] Parameters [ 1.52680229  1.53304369  0.03549576  2.32211071  1.62766071  1.59796157
 -0.03844562  2.38882578] REAL [0.48021309] FAKE [0.49907755] 
542 epoch LOSS [-1.39261401] Parameters [ 1.52681314  1.53303023  0.03630082  2.32196326  1.62767338  1.59795523
 -0.03812395  2.38876922] REAL [0.49557914] FAKE [0.49871767] 
543 epoch LOSS [-1.3683352] Parameters [ 1.52681324  1.53302899  0.03571624  2.32152443  1.62766881  1.59794353
 -0.03867353  2.38836031] REAL [0.50691888] FAKE [0.49788741] 
544 epoch LOSS [-1.35182378] Parameters [ 1.52681652  1.53303358  0.03523255  2.32145676  1.62767159  1.59796075
 -0.03895023  2.38828067] REAL [0.51613728] FAKE [0.49864522] 
545 epoch LOSS [-1.41517079] Parameters [ 1.52682054  1.53303417  0.03552451  2.32147254  1.62767354  1.59795898
 -0.03913896  2.38811004] REAL [0.48509293] FAKE [0.49930392] 
546 epoch LOSS [-1.41845613] Parameters [ 1.52682955  1.53304187  0.03628368  2.32172249  1.62766914  1.59795535
 -0.03823362  2.38811998] REAL [0.48358072] FAKE [0.49938558] 
547 epoch LOSS [-1.40735098] Parameters [ 1.52682278  1.5330431   0.03735274  2.32135779  1.62766586  1.59794046
 -0.03697356  2.38795971] REAL [0.48836974] FAKE [0.49875912] 
548 epoch LOSS [-1.35187611] Parameters [ 1.52682112  1.53304911  0.03715273  2.32123721  1.62766932  1.59794199
 -0.03723278  2.38803098] REAL [0.51549208] FAKE [0.49804398] 
549 epoch LOSS [-1.36269057] Parameters [ 1.52681374  1.53305034  0.03847087  2.32120111  1.627686    1.59793768
 -0.03655991  2.38807978] REAL [0.5102196] FAKE [0.49831182] 
