RUN 11_12_2021__13_08_27 
0 epoch LOSS [-1.52616508] Parameters [1.38841084 1.60543527 1.58355161 1.63009205 1.72264606 1.53915423
 1.7222174  1.72675349] REAL [0.26126789] FAKE [0.16802765] 
1 epoch LOSS [-1.36513165] Parameters [1.38838459 1.60544825 1.586054   1.63682836 1.72262572 1.53915414
 1.72483723 1.73349477] REAL [0.32091574] FAKE [0.20431743] 
2 epoch LOSS [-1.29724256] Parameters [1.38835918 1.60545243 1.58950495 1.64475407 1.72266233 1.53919402
 1.72819264 1.74147725] REAL [0.35663276] FAKE [0.23370943] 
3 epoch LOSS [-1.2115868] Parameters [1.38832331 1.6053725  1.5937549  1.65476034 1.72268167 1.53913849
 1.7325094  1.75124418] REAL [0.40033087] FAKE [0.25630397] 
4 epoch LOSS [-1.13464787] Parameters [1.38835397 1.60540406 1.59896976 1.6663835  1.72261686 1.5391734
 1.73789456 1.76305667] REAL [0.4409224] FAKE [0.27076664] 
5 epoch LOSS [-1.0877278] Parameters [1.38836073 1.60544042 1.60453388 1.68070934 1.72262609 1.53920808
 1.74366302 1.77731919] REAL [0.46927588] FAKE [0.28191214] 
6 epoch LOSS [-1.06520346] Parameters [1.38841354 1.60530239 1.61164211 1.69752905 1.72259405 1.53917084
 1.75053982 1.79464566] REAL [0.48544862] FAKE [0.29002224] 
7 epoch LOSS [-1.02472523] Parameters [1.38835563 1.60527676 1.61964338 1.71650471 1.72259286 1.53897984
 1.75869988 1.81328111] REAL [0.50799745] FAKE [0.2935101] 
8 epoch LOSS [-0.98585395] Parameters [1.38833023 1.60530655 1.6292483  1.73869657 1.72263953 1.53913931
 1.76810496 1.83551013] REAL [0.52890988] FAKE [0.29454813] 
9 epoch LOSS [-0.95348682] Parameters [1.38845459 1.60537918 1.64001179 1.76335803 1.72268002 1.53911546
 1.77895254 1.86032227] REAL [0.54318049] FAKE [0.29048469] 
10 epoch LOSS [-0.92690387] Parameters [1.38837657 1.60528581 1.65205313 1.79224605 1.72267009 1.53930202
 1.79057609 1.88920114] REAL [0.55932835] FAKE [0.29240634] 
11 epoch LOSS [-0.91068846] Parameters [1.38853605 1.60549324 1.66474659 1.82481363 1.72267867 1.53906385
 1.80341994 1.92138885] REAL [0.5714085] FAKE [0.29604268] 
12 epoch LOSS [-0.91136289] Parameters [1.38849305 1.60543495 1.67988895 1.8617707  1.72257795 1.53920395
 1.81822841 1.95895845] REAL [0.57662328] FAKE [0.30287934] 
13 epoch LOSS [-0.91802191] Parameters [1.38852224 1.60568237 1.69551113 1.90411401 1.72233955 1.53881895
 1.83420137 2.00086178] REAL [0.57329101] FAKE [0.30348093] 
14 epoch LOSS [-0.91186638] Parameters [1.38872632 1.60576922 1.71269305 1.95130403 1.72196338 1.53886175
 1.8511299  2.04786643] REAL [0.59161821] FAKE [0.32089031] 
15 epoch LOSS [-0.88816025] Parameters [1.38815781 1.60561677 1.73123975 2.00240286 1.72190247 1.53912481
 1.86995966 2.09915431] REAL [0.59779606] FAKE [0.31178543] 
16 epoch LOSS [-0.95008979] Parameters [1.38820348 1.60573308 1.75112868 2.05942032 1.72180903 1.53933266
 1.89027569 2.1561092 ] REAL [0.59007527] FAKE [0.34464921] 
17 epoch LOSS [-0.95094173] Parameters [1.38845633 1.60569866 1.77242183 2.12077552 1.7214377  1.53927179
 1.91115667 2.21670254] REAL [0.58120344] FAKE [0.33521215] 
18 epoch LOSS [-0.99116177] Parameters [1.38797559 1.60551941 1.79319223 2.18563756 1.72150295 1.53981789
 1.93188012 2.28206163] REAL [0.58532152] FAKE [0.36591217] 
19 epoch LOSS [-1.01835076] Parameters [1.38820679 1.6058166  1.8117013  2.25365179 1.72128656 1.53974776
 1.95195954 2.34960727] REAL [0.58206922] FAKE [0.37947219] 
20 epoch LOSS [-1.09026748] Parameters [1.38845652 1.60540175 1.82885185 2.32223397 1.72110592 1.5398317
 1.96908109 2.41812983] REAL [0.57042343] FAKE [0.41074199] 
21 epoch LOSS [-1.10983621] Parameters [1.3891069  1.60570732 1.84192851 2.38984284 1.72103358 1.53984836
 1.98301697 2.48572133] REAL [0.57471265] FAKE [0.42647349] 
22 epoch LOSS [-1.16204058] Parameters [1.38903057 1.60586436 1.85179773 2.45515157 1.72113109 1.54034582
 1.99252424 2.55124127] REAL [0.56952885] FAKE [0.45069132] 
23 epoch LOSS [-1.21028156] Parameters [1.38852852 1.60554896 1.85774386 2.51693655 1.72134111 1.53989355
 1.99809356 2.61353881] REAL [0.53579859] FAKE [0.44360934] 
24 epoch LOSS [-1.23201689] Parameters [1.38946023 1.606253   1.85917465 2.57528967 1.72172464 1.5386718
 1.99997114 2.67200349] REAL [0.54436602] FAKE [0.4641406] 
25 epoch LOSS [-1.22673535] Parameters [1.3895149  1.60589958 1.85809434 2.62924642 1.72152288 1.53890251
 1.99891967 2.7251342 ] REAL [0.54792703] FAKE [0.46480397] 
26 epoch LOSS [-1.25301113] Parameters [1.38948585 1.60602881 1.85497352 2.6779863  1.7219698  1.53956033
 1.99564812 2.77407662] REAL [0.53805339] FAKE [0.46911701] 
27 epoch LOSS [-1.276348] Parameters [1.38929299 1.60653863 1.85010079 2.72153693 1.72156797 1.539518
 1.99066422 2.81786104] REAL [0.53230817] FAKE [0.47576505] 
28 epoch LOSS [-1.29800287] Parameters [1.38854201 1.6069049  1.84433597 2.76139868 1.72184073 1.53980622
 1.98492557 2.85798986] REAL [0.51452535] FAKE [0.46926498] 
29 epoch LOSS [-1.27786817] Parameters [1.3887417  1.60680985 1.83749125 2.79611361 1.72184701 1.53979819
 1.97826858 2.89269445] REAL [0.5233263] FAKE [0.46757757] 
30 epoch LOSS [-1.28559456] Parameters [1.38866432 1.60670245 1.83124929 2.82822295 1.72185685 1.53965601
 1.97200113 2.92451366] REAL [0.51804177] FAKE [0.46628599] 
31 epoch LOSS [-1.25247711] Parameters [1.38886238 1.60669689 1.82463231 2.85548201 1.72191682 1.53945865
 1.96563998 2.95200137] REAL [0.52714304] FAKE [0.45783981] 
32 epoch LOSS [-1.22881153] Parameters [1.38887719 1.60663908 1.8188446  2.8799012  1.72203712 1.53958111
 1.95969121 2.97610712] REAL [0.53271808] FAKE [0.45066598] 
33 epoch LOSS [-1.24600219] Parameters [1.38871696 1.60659776 1.81366568 2.9019549  1.7220438  1.53954079
 1.95455014 2.99794163] REAL [0.51360273] FAKE [0.43993195] 
34 epoch LOSS [-1.19177731] Parameters [1.38857729 1.6063343  1.80909592 2.92092918 1.7220312  1.53955002
 1.94982137 3.016964  ] REAL [0.53705926] FAKE [0.43454834] 
35 epoch LOSS [-1.21348176] Parameters [1.38856907 1.60634096 1.80532786 2.93773887 1.72210843 1.53957598
 1.94618847 3.03380583] REAL [0.51646322] FAKE [0.42462343] 
36 epoch LOSS [-1.18267535] Parameters [1.3885949  1.60634865 1.80230678 2.95208338 1.72205596 1.53972678
 1.94313628 3.04834342] REAL [0.52793444] FAKE [0.41951549] 
37 epoch LOSS [-1.17999977] Parameters [1.38869687 1.60644971 1.80017572 2.96447497 1.72189198 1.53975595
 1.94087202 3.06097432] REAL [0.52320587] FAKE [0.41269999] 
38 epoch LOSS [-1.10853522] Parameters [1.38871779 1.60654704 1.79877367 2.97593264 1.72191852 1.53975611
 1.93947036 3.07236598] REAL [0.55267153] FAKE [0.40282422] 
39 epoch LOSS [-1.1025055] Parameters [1.38859872 1.60654196 1.79816861 2.98573241 1.7218868  1.5396193
 1.93895635 3.0819743 ] REAL [0.54705388] FAKE [0.39304311] 
40 epoch LOSS [-1.12829782] Parameters [1.38851524 1.60654871 1.79850828 2.99479649 1.72188966 1.53964309
 1.93923538 3.09080933] REAL [0.52645083] FAKE [0.38534889] 
41 epoch LOSS [-1.04693856] Parameters [1.38853616 1.60652882 1.79972864 3.00284158 1.72186872 1.53964758
 1.94033422 3.09861316] REAL [0.56590929] FAKE [0.37974034] 
42 epoch LOSS [-1.07089466] Parameters [1.38850787 1.60648574 1.80175147 3.01001376 1.72188903 1.53959845
 1.9423233  3.10623608] REAL [0.54795632] FAKE [0.37458194] 
43 epoch LOSS [-0.9899826] Parameters [1.38849422 1.60647895 1.80455817 3.01630404 1.72181268 1.53958699
 1.94517865 3.11254131] REAL [0.58664839] FAKE [0.36659989] 
44 epoch LOSS [-1.00072556] Parameters [1.38843841 1.60656714 1.80825121 3.02207453 1.7217724  1.53960208
 1.94890198 3.11793519] REAL [0.57178113] FAKE [0.35707459] 
45 epoch LOSS [-1.02469325] Parameters [1.38841749 1.60653702 1.81279961 3.02683787 1.72177772 1.53961797
 1.95331661 3.12248574] REAL [0.55406485] FAKE [0.35223007] 
46 epoch LOSS [-0.93860808] Parameters [1.38845653 1.60654734 1.81841582 3.03155377 1.72175835 1.53956965
 1.9589071  3.12695779] REAL [0.59839939] FAKE [0.34630291] 
47 epoch LOSS [-0.9314097] Parameters [1.38846916 1.6065129  1.82478097 3.03548741 1.72176566 1.53957028
 1.96534262 3.13080941] REAL [0.59532121] FAKE [0.33817594] 
48 epoch LOSS [-0.92447869] Parameters [1.38849573 1.60649008 1.83202829 3.03879926 1.72176313 1.53958158
 1.97251374 3.13430997] REAL [0.59502834] FAKE [0.33324489] 
49 epoch LOSS [-0.90285926] Parameters [1.38849365 1.60651727 1.84029893 3.04238336 1.72179968 1.53961731
 1.98082878 3.13790606] REAL [0.60374781] FAKE [0.32851295] 
50 epoch LOSS [-0.92299907] Parameters [1.38853481 1.60653692 1.84948193 3.04521412 1.72183126 1.53962869
 1.99016498 3.14060817] REAL [0.58637649] FAKE [0.32240523] 
51 epoch LOSS [-0.89450538] Parameters [1.38854186 1.60652647 1.85969234 3.04784717 1.72183029 1.53964345
 2.00021498 3.14336406] REAL [0.59932718] FAKE [0.31788551] 
52 epoch LOSS [-0.89516969] Parameters [1.38850688 1.60655683 1.87094098 3.05041636 1.7218398  1.53968719
 2.01153226 3.1456953 ] REAL [0.59487679] FAKE [0.31323885] 
53 epoch LOSS [-0.8087698] Parameters [1.38846942 1.60657239 1.88362018 3.05274294 1.72185101 1.53966908
 2.02453652 3.14787636] REAL [0.6456829] FAKE [0.31017893] 
54 epoch LOSS [-0.82955746] Parameters [1.3885385  1.60661142 1.89798267 3.05478711 1.72181215 1.53964282
 2.03863278 3.14979907] REAL [0.63133646] FAKE [0.30901773] 
55 epoch LOSS [-0.81239187] Parameters [1.38853921 1.60661856 1.9136123  3.05662267 1.72181941 1.53959121
 2.054172   3.15143263] REAL [0.63473708] FAKE [0.30082027] 
56 epoch LOSS [-0.81085509] Parameters [1.38858116 1.60660208 1.93087068 3.05809164 1.72199822 1.53962053
 2.07123063 3.15306691] REAL [0.63302986] FAKE [0.29785645] 
57 epoch LOSS [-0.7895502] Parameters [1.38866863 1.60671718 1.94959344 3.05960142 1.72211161 1.53952468
 2.08994281 3.15439289] REAL [0.6460994] FAKE [0.29724594] 
58 epoch LOSS [-0.78824481] Parameters [1.38867424 1.60670578 1.9698375  3.06085469 1.72220413 1.53953591
 2.110648   3.155817  ] REAL [0.64403935] FAKE [0.29407717] 
59 epoch LOSS [-0.78564466] Parameters [1.38849546 1.60664658 1.99200362 3.06219071 1.72223331 1.53959902
 2.13309342 3.15707319] REAL [0.64349984] FAKE [0.2916459] 
60 epoch LOSS [-0.75573119] Parameters [1.38852805 1.60667216 2.01644649 3.06316586 1.72228882 1.53949544
 2.15761722 3.15779917] REAL [0.6619657] FAKE [0.29049637] 
61 epoch LOSS [-0.80559093] Parameters [1.38860032 1.60650715 2.04381196 3.06431809 1.72222607 1.53960804
 2.18495975 3.15863414] REAL [0.63062457] FAKE [0.2914583] 
62 epoch LOSS [-0.76813836] Parameters [1.38841659 1.60635917 2.07294774 3.06507848 1.72211277 1.53939954
 2.21417935 3.15949285] REAL [0.65385063] FAKE [0.29054769] 
63 epoch LOSS [-0.79013985] Parameters [1.38823759 1.60637975 2.10452725 3.06575483 1.72203296 1.53958155
 2.24611932 3.16006636] REAL [0.64311123] FAKE [0.29439682] 
64 epoch LOSS [-0.75790584] Parameters [1.38820617 1.6062624  2.1394971  3.06634394 1.72228893 1.53986014
 2.28104806 3.1606915 ] REAL [0.66360458] FAKE [0.29378604] 
65 epoch LOSS [-0.76347124] Parameters [1.38821323 1.60620321 2.17663913 3.06754539 1.7223681  1.53987315
 2.31786146 3.1610967 ] REAL [0.65213015] FAKE [0.28534839] 
66 epoch LOSS [-0.78608022] Parameters [1.38824313 1.60630413 2.21620708 3.06788218 1.72220248 1.53968646
 2.35728743 3.16143679] REAL [0.6512472] FAKE [0.3003774] 
67 epoch LOSS [-0.73607524] Parameters [1.38835494 1.60662083 2.25816368 3.06828284 1.72191123 1.53935368
 2.39936017 3.16131165] REAL [0.68013625] FAKE [0.29574383] 
68 epoch LOSS [-0.82186882] Parameters [1.38831666 1.60670812 2.30199103 3.06843883 1.72203745 1.53946181
 2.44338933 3.1616695 ] REAL [0.63533553] FAKE [0.30806745] 
69 epoch LOSS [-0.79114654] Parameters [1.38813486 1.60683773 2.34784945 3.06878167 1.72168595 1.53977773
 2.48931411 3.162029  ] REAL [0.6746395] FAKE [0.32804892] 
70 epoch LOSS [-0.83336561] Parameters [1.38807173 1.60654061 2.39435046 3.06826867 1.72138137 1.5402017
 2.53604159 3.16191289] REAL [0.65842437] FAKE [0.3399634] 
71 epoch LOSS [-0.90301127] Parameters [1.38801887 1.60701882 2.44134892 3.06832258 1.72167876 1.54001795
 2.58310436 3.16163068] REAL [0.61918261] FAKE [0.34535111] 
72 epoch LOSS [-0.92276977] Parameters [1.38790166 1.60683536 2.48813695 3.06809477 1.72212673 1.53992946
 2.63012516 3.16137825] REAL [0.61385177] FAKE [0.35258513] 
73 epoch LOSS [-0.9029804] Parameters [1.38839358 1.60677292 2.53366373 3.06698046 1.72229455 1.53972329
 2.6757191  3.16094257] REAL [0.6313166] FAKE [0.35791372] 
74 epoch LOSS [-0.99830668] Parameters [1.38869603 1.60674629 2.57708368 3.06576491 1.72224689 1.53974229
 2.71910732 3.15992665] REAL [0.58170133] FAKE [0.3665084] 
75 epoch LOSS [-1.02725376] Parameters [1.38839483 1.60674493 2.61872161 3.06436896 1.72201389 1.54021216
 2.76079406 3.15897199] REAL [0.57382243] FAKE [0.37613325] 
76 epoch LOSS [-0.96721186] Parameters [1.3886069  1.60663135 2.65793054 3.06289329 1.7215337  1.54008481
 2.80026356 3.15730354] REAL [0.61069251] FAKE [0.37752397] 
77 epoch LOSS [-0.95393914] Parameters [1.38870153 1.60641191 2.69422049 3.06144099 1.72175598 1.53968184
 2.83652169 3.15499197] REAL [0.6189824] FAKE [0.37765501] 
78 epoch LOSS [-1.017574] Parameters [1.38871747 1.60632573 2.72757767 3.05938275 1.7219874  1.53932814
 2.86981239 3.15298692] REAL [0.58490256] FAKE [0.38199825] 
79 epoch LOSS [-1.02287866] Parameters [1.38913173 1.6063446  2.75870778 3.05732386 1.72240839 1.53932461
 2.90092439 3.15064816] REAL [0.58580178] FAKE [0.38621149] 
80 epoch LOSS [-1.06442934] Parameters [1.38937976 1.60624285 2.78726736 3.05527767 1.72235    1.53940428
 2.92910937 3.14847596] REAL [0.5653235] FAKE [0.38986327] 
81 epoch LOSS [-1.05216754] Parameters [1.38952429 1.60640999 2.81357688 3.05245871 1.72246665 1.53918006
 2.9554724  3.14544115] REAL [0.56627721] FAKE [0.38337609] 
82 epoch LOSS [-0.95292836] Parameters [1.38944128 1.60641264 2.83757445 3.04951313 1.72263346 1.53900549
 2.97964988 3.14226114] REAL [0.61888718] FAKE [0.37692979] 
83 epoch LOSS [-0.9562516] Parameters [1.38926678 1.6064829  2.85897661 3.04561328 1.72260723 1.53881934
 3.00085153 3.13846541] REAL [0.62087482] FAKE [0.38098502] 
84 epoch LOSS [-0.98429192] Parameters [1.38933515 1.60650615 2.87787628 3.04158798 1.72241215 1.53880268
 3.01980045 3.13444716] REAL [0.60124297] FAKE [0.37844805] 
85 epoch LOSS [-1.02225877] Parameters [1.38936188 1.60652411 2.89494026 3.03721471 1.72248864 1.5386786
 3.03732472 3.13009756] REAL [0.57744859] FAKE [0.37694652] 
86 epoch LOSS [-1.02910788] Parameters [1.38946736 1.60653027 2.91105299 3.0317023  1.7223791  1.53871789
 3.05330313 3.12460282] REAL [0.56902835] FAKE [0.37204254] 
87 epoch LOSS [-1.03945236] Parameters [1.38945511 1.60664781 2.9248804  3.02533908 1.72238305 1.538775
 3.06739199 3.11767041] REAL [0.56698465] FAKE [0.37626478] 
88 epoch LOSS [-1.01297971] Parameters [1.38942089 1.60660271 2.93751751 3.01795672 1.72243036 1.53872038
 3.0799948  3.11037716] REAL [0.57574197] FAKE [0.36927417] 
89 epoch LOSS [-0.92155714] Parameters [1.38946733 1.60662096 2.94905121 3.00957781 1.72235711 1.538662
 3.09124886 3.1016305 ] REAL [0.62979663] FAKE [0.36821038] 
90 epoch LOSS [-0.92149742] Parameters [1.38953217 1.60670334 2.95962997 3.00024172 1.72236218 1.53859567
 3.10180158 3.09225675] REAL [0.62116393] FAKE [0.35939175] 
91 epoch LOSS [-1.01268043] Parameters [1.38963083 1.60673132 2.96926357 2.98964678 1.72235394 1.53865806
 3.11137806 3.08179752] REAL [0.57007187] FAKE [0.36281013] 
92 epoch LOSS [-0.98383703] Parameters [1.38956355 1.60680427 2.97728237 2.97824622 1.72232386 1.53854125
 3.11976951 3.06997213] REAL [0.58671947] FAKE [0.3627725] 
93 epoch LOSS [-0.98714414] Parameters [1.38952016 1.6068785  2.9852509  2.96393905 1.72243037 1.53851278
 3.12757055 3.05544165] REAL [0.58355667] FAKE [0.36143412] 
94 epoch LOSS [-0.99072373] Parameters [1.38933269 1.60687507 2.99224876 2.94809581 1.7223892  1.53845915
 3.13447794 3.03919621] REAL [0.57373828] FAKE [0.3528271] 
95 epoch LOSS [-0.93219108] Parameters [1.38917655 1.60686142 2.99906802 2.92907331 1.72242015 1.53844519
 3.1411558  3.02001327] REAL [0.61145753] FAKE [0.35614473] 
96 epoch LOSS [-0.9051425] Parameters [1.38923079 1.6069388  3.00486166 2.90716306 1.72249129 1.53846501
 3.14695452 2.9980871 ] REAL [0.62976424] FAKE [0.35772116] 
97 epoch LOSS [-0.9376314] Parameters [1.38917061 1.60703196 3.01000411 2.88190192 1.72230878 1.53840611
 3.15235754 2.97311573] REAL [0.60569603] FAKE [0.35354674] 
98 epoch LOSS [-0.89898577] Parameters [1.38909461 1.606995   3.0145297  2.85301234 1.7224263  1.53829281
 3.15694576 2.94408238] REAL [0.62616142] FAKE [0.35003625] 
99 epoch LOSS [-0.92939862] Parameters [1.3892104  1.60722024 3.01875861 2.81856875 1.72231119 1.53842367
 3.1613627  2.910545  ] REAL [0.60843151] FAKE [0.35113312] 
100 epoch LOSS [-0.93921788] Parameters [1.38928554 1.60729036 3.02280879 2.77954637 1.72222549 1.53873104
 3.16563485 2.87148877] REAL [0.61174828] FAKE [0.36095697] 
101 epoch LOSS [-0.9505534] Parameters [1.38916676 1.60711486 3.02687434 2.7344699  1.72235095 1.53832583
 3.16991744 2.82639507] REAL [0.60181638] FAKE [0.35773257] 
102 epoch LOSS [-0.89770431] Parameters [1.38930612 1.60684792 3.03128777 2.6822648  1.72215415 1.53840214
 3.17429041 2.77461084] REAL [0.64252511] FAKE [0.36577718] 
103 epoch LOSS [-0.97669446] Parameters [1.3899534  1.60697605 3.03451179 2.62355343 1.72187766 1.53826843
 3.17793431 2.71583725] REAL [0.59940509] FAKE [0.37178752] 
104 epoch LOSS [-0.97557089] Parameters [1.39050613 1.60727848 3.03896317 2.55571114 1.7217634  1.53848021
 3.18253914 2.6477265 ] REAL [0.61042972] FAKE [0.38243983] 
105 epoch LOSS [-1.04425255] Parameters [1.38968533 1.60775535 3.04250407 2.48073777 1.72179547 1.53840271
 3.185976   2.57329536] REAL [0.60471998] FAKE [0.41798717] 
106 epoch LOSS [-1.14655586] Parameters [1.38932928 1.60839894 3.04629034 2.40034117 1.72195108 1.53903496
 3.18997648 2.49249655] REAL [0.5712612] FAKE [0.44381101] 
107 epoch LOSS [-1.23378077] Parameters [1.38929062 1.60788749 3.0516512  2.31373048 1.72281261 1.53881739
 3.19408719 2.40594861] REAL [0.55415347] FAKE [0.47453262] 
108 epoch LOSS [-1.48409523] Parameters [1.38924469 1.6079706  3.05510358 2.224567   1.7223545  1.53831354
 3.19859632 2.31698584] REAL [0.47993806] FAKE [0.52763203] 
109 epoch LOSS [-1.51498869] Parameters [1.38950483 1.60813448 3.05843964 2.13631199 1.72302926 1.53885692
 3.20368285 2.22933178] REAL [0.49550722] FAKE [0.5563926] 
110 epoch LOSS [-1.50991082] Parameters [1.38877178 1.60857065 3.06183894 2.05295685 1.72215393 1.53797006
 3.20620301 2.14615256] REAL [0.53191309] FAKE [0.5846508] 
111 epoch LOSS [-1.61538629] Parameters [1.38901553 1.60822119 3.06450189 1.97764565 1.72250671 1.53796471
 3.21007409 2.07052479] REAL [0.50797445] FAKE [0.60861446] 
112 epoch LOSS [-1.83277564] Parameters [1.38923654 1.60844246 3.06521494 1.91170801 1.72257302 1.53814971
 3.21222415 2.00420416] REAL [0.43724027] FAKE [0.63413952] 
113 epoch LOSS [-1.89148479] Parameters [1.38930264 1.60827112 3.06574826 1.85556338 1.72294424 1.53807607
 3.21176908 1.94767045] REAL [0.42423074] FAKE [0.64442071] 
114 epoch LOSS [-1.77603286] Parameters [1.38922197 1.60847397 3.06692242 1.8084332  1.72293775 1.5385029
 3.21212367 1.89989289] REAL [0.48018152] FAKE [0.64740732] 
115 epoch LOSS [-1.93639104] Parameters [1.38939487 1.60858779 3.06828794 1.76921178 1.72302061 1.53859444
 3.21345056 1.86012494] REAL [0.41356939] FAKE [0.65127132] 
116 epoch LOSS [-1.78383254] Parameters [1.3893356  1.60862349 3.06891323 1.7362528  1.7231306  1.53858552
 3.21456189 1.82726127] REAL [0.48683907] FAKE [0.654931] 
117 epoch LOSS [-1.90942618] Parameters [1.38932809 1.60880088 3.06831917 1.71013897 1.72313416 1.53867902
 3.21360015 1.80117484] REAL [0.42241083] FAKE [0.64923867] 
118 epoch LOSS [-1.73047572] Parameters [1.3892487  1.60870848 3.0701826  1.68776219 1.72322446 1.53878416
 3.21473156 1.77933519] REAL [0.50139636] FAKE [0.6465868] 
119 epoch LOSS [-1.75701972] Parameters [1.38927375 1.60866348 3.07121543 1.66903257 1.72321399 1.5389881
 3.21483742 1.75986477] REAL [0.48509485] FAKE [0.64427911] 
120 epoch LOSS [-1.73012609] Parameters [1.38937864 1.60872119 3.0700124  1.65335161 1.72327699 1.53900388
 3.21536409 1.7446464 ] REAL [0.48920483] FAKE [0.63765268] 
121 epoch LOSS [-1.7400597] Parameters [1.38936247 1.60873241 3.06873492 1.6399523  1.72337979 1.53904414
 3.21434582 1.73138949] REAL [0.48175019] FAKE [0.63568271] 
122 epoch LOSS [-1.67972501] Parameters [1.38937755 1.60875389 3.06839617 1.62907223 1.72338105 1.53906931
 3.2134643  1.72027138] REAL [0.49804646] FAKE [0.62568707] 
123 epoch LOSS [-1.67772439] Parameters [1.3893055  1.60883263 3.06735179 1.62014634 1.7233329  1.53912685
 3.21277601 1.71125956] REAL [0.49729976] FAKE [0.62437429] 
124 epoch LOSS [-1.72167229] Parameters [1.38929003 1.60880313 3.06752663 1.61151776 1.72332216 1.53912803
 3.21452383 1.70281089] REAL [0.47082115] FAKE [0.62030816] 
125 epoch LOSS [-1.69887624] Parameters [1.3893011  1.60881617 3.06740487 1.60488116 1.72335075 1.53909558
 3.21397798 1.69595858] REAL [0.47507646] FAKE [0.61503263] 
126 epoch LOSS [-1.65677692] Parameters [1.38926589 1.60880825 3.06715487 1.59856993 1.72333588 1.53912234
 3.21347379 1.68977622] REAL [0.48491504] FAKE [0.60662635] 
127 epoch LOSS [-1.62968888] Parameters [1.38922653 1.60881836 3.06641603 1.59336469 1.72336013 1.53908827
 3.21211139 1.6850899 ] REAL [0.49079916] FAKE [0.60067059] 
128 epoch LOSS [-1.61690123] Parameters [1.38924968 1.60882328 3.06823186 1.5888462  1.72335796 1.53908389
 3.212917   1.68085555] REAL [0.49374932] FAKE [0.59794801] 
129 epoch LOSS [-1.58118104] Parameters [1.38925133 1.60881522 3.06857399 1.58511823 1.72335995 1.53906075
 3.21372455 1.67694437] REAL [0.50679097] FAKE [0.59404964] 
130 epoch LOSS [-1.64153442] Parameters [1.3892166  1.60882183 3.06962555 1.58187301 1.72333754 1.53905262
 3.2147486  1.67377245] REAL [0.47393747] FAKE [0.59133296] 
131 epoch LOSS [-1.54013399] Parameters [1.38920911 1.60880277 3.06860796 1.57871863 1.72334772 1.539058
 3.2142562  1.67071608] REAL [0.51729659] FAKE [0.58562963] 
132 epoch LOSS [-1.51206591] Parameters [1.38920745 1.60881569 3.06960455 1.57599343 1.72334539 1.53905651
 3.21370941 1.66773045] REAL [0.52396224] FAKE [0.5792558] 
133 epoch LOSS [-1.52925558] Parameters [1.38921004 1.60877659 3.06959799 1.57347767 1.72335084 1.53906424
 3.21368224 1.66534662] REAL [0.50870916] FAKE [0.57402591] 
134 epoch LOSS [-1.54804845] Parameters [1.38922152 1.60877424 3.06906561 1.5713259  1.72334522 1.53905927
 3.21329184 1.66321597] REAL [0.49614105] FAKE [0.57136667] 
135 epoch LOSS [-1.54902983] Parameters [1.38923624 1.60876663 3.06857422 1.56928856 1.72333744 1.53906589
 3.21238175 1.66141397] REAL [0.48960021] FAKE [0.56606638] 
136 epoch LOSS [-1.53610017] Parameters [1.38923838 1.60875572 3.06791521 1.5676212  1.72333253 1.53905283
 3.2115815  1.65978107] REAL [0.49236683] FAKE [0.56288935] 
137 epoch LOSS [-1.48075123] Parameters [1.38923963 1.60875862 3.0694693  1.56625712 1.7233225  1.53904739
 3.21288299 1.65833706] REAL [0.51402341] FAKE [0.55747786] 
138 epoch LOSS [-1.5741258] Parameters [1.38923281 1.60876405 3.07033491 1.56510213 1.72332582 1.53903482
 3.21383051 1.65705482] REAL [0.46592242] FAKE [0.55531525] 
139 epoch LOSS [-1.47522196] Parameters [1.38923098 1.60876464 3.07024137 1.56408386 1.72331945 1.53902693
 3.21368521 1.6559904 ] REAL [0.50739233] FAKE [0.54920888] 
140 epoch LOSS [-1.52563392] Parameters [1.38923709 1.60875885 3.0691597  1.5630561  1.72331973 1.53903341
 3.21352229 1.65497899] REAL [0.48145986] FAKE [0.54828395] 
141 epoch LOSS [-1.51206792] Parameters [1.38923461 1.60876134 3.06848768 1.56231895 1.72332256 1.53903613
 3.2135008  1.65422828] REAL [0.48369159] FAKE [0.54422687] 
142 epoch LOSS [-1.52950143] Parameters [1.38924352 1.6087553  3.06851316 1.5615866  1.72331702 1.53903039
 3.21362552 1.65343131] REAL [0.4741202] FAKE [0.54306176] 
143 epoch LOSS [-1.45329051] Parameters [1.38924147 1.60875771 3.06845556 1.56083103 1.72331804 1.53903863
 3.21324531 1.6527328 ] REAL [0.50881044] FAKE [0.54049744] 
144 epoch LOSS [-1.45744337] Parameters [1.38924321 1.60875743 3.06862367 1.56025023 1.72331655 1.53904099
 3.21295324 1.65220513] REAL [0.50267203] FAKE [0.53681375] 
145 epoch LOSS [-1.4393983] Parameters [1.38924783 1.60876243 3.06877843 1.55972782 1.72330824 1.53904122
 3.21323835 1.65168903] REAL [0.50725288] FAKE [0.53263871] 
146 epoch LOSS [-1.41879893] Parameters [1.38925359 1.60876534 3.06942189 1.55921711 1.72331108 1.5390407
 3.21259339 1.65119021] REAL [0.51336553] FAKE [0.52859221] 
147 epoch LOSS [-1.39448906] Parameters [1.38924813 1.60876485 3.0696708  1.55878507 1.72331175 1.53904576
 3.21289195 1.65078298] REAL [0.52306735] FAKE [0.52595073] 
148 epoch LOSS [-1.4195221] Parameters [1.38924389 1.6087682  3.06961444 1.5583928  1.72331824 1.53904549
 3.2124077  1.65042697] REAL [0.50733834] FAKE [0.52333671] 
149 epoch LOSS [-1.42287329] Parameters [1.38925055 1.6087699  3.06943456 1.55811553 1.72332163 1.53904071
 3.21229015 1.65011918] REAL [0.50277899] FAKE [0.52062337] 
150 epoch LOSS [-1.38081758] Parameters [1.38925226 1.60876996 3.069869   1.55789226 1.72332318 1.53904416
 3.21213594 1.64988603] REAL [0.52156276] FAKE [0.51803892] 
151 epoch LOSS [-1.38949247] Parameters [1.38924898 1.60877343 3.06896497 1.55771315 1.72332305 1.53904424
 3.21192547 1.64970078] REAL [0.51414672] FAKE [0.51531004] 
152 epoch LOSS [-1.44407267] Parameters [1.38924945 1.60877199 3.07010325 1.55761232 1.7233305  1.53904702
 3.21281323 1.64959675] REAL [0.4851592] FAKE [0.5136343] 
153 epoch LOSS [-1.40603977] Parameters [1.38925223 1.60876632 3.06948124 1.55755137 1.72332456 1.53905214
 3.21245042 1.64953198] REAL [0.50208489] FAKE [0.51181151] 
154 epoch LOSS [-1.42711198] Parameters [1.38924193 1.60875802 3.06976008 1.55752745 1.72332167 1.53905114
 3.21288042 1.6495019 ] REAL [0.48878477] FAKE [0.50898419] 
155 epoch LOSS [-1.38254739] Parameters [1.38924134 1.60875774 3.06972886 1.55753938 1.72332008 1.53904583
 3.21300142 1.6495142 ] REAL [0.50875272] FAKE [0.50675743] 
156 epoch LOSS [-1.37346818] Parameters [1.38923954 1.60876182 3.06983021 1.55759802 1.72332042 1.53905047
 3.21367678 1.6495811 ] REAL [0.51205184] FAKE [0.50546571] 
157 epoch LOSS [-1.38843744] Parameters [1.38924192 1.60875372 3.06991015 1.55767609 1.72331962 1.53904889
 3.21414648 1.64966754] REAL [0.50310628] FAKE [0.50415088] 
158 epoch LOSS [-1.33634352] Parameters [1.3892411  1.60875216 3.06965638 1.55782092 1.72332173 1.53904778
 3.21424891 1.64980222] REAL [0.52725256] FAKE [0.50155793] 
159 epoch LOSS [-1.39857807] Parameters [1.38924369 1.60874861 3.06903529 1.55798206 1.72331203 1.53905134
 3.21414899 1.64996601] REAL [0.49438193] FAKE [0.50049174] 
160 epoch LOSS [-1.33812414] Parameters [1.38923916 1.60874639 3.06850964 1.55818787 1.72330491 1.53904753
 3.21359559 1.65017143] REAL [0.5239647] FAKE [0.49932254] 
161 epoch LOSS [-1.35020855] Parameters [1.38923669 1.60874867 3.06871545 1.55845684 1.72330701 1.53904478
 3.2134339  1.65042512] REAL [0.5153415] FAKE [0.49705933] 
162 epoch LOSS [-1.3249923] Parameters [1.38923345 1.60874478 3.0684841  1.55875087 1.72330143 1.53904561
 3.21340402 1.65075163] REAL [0.52649471] FAKE [0.49514212] 
163 epoch LOSS [-1.34843885] Parameters [1.38923662 1.6087437  3.06795217 1.55912453 1.72330483 1.53905279
 3.21331734 1.65110952] REAL [0.51237271] FAKE [0.49324918] 
164 epoch LOSS [-1.31936233] Parameters [1.38923635 1.60874368 3.06822725 1.55950049 1.72331332 1.53904675
 3.21371769 1.65150964] REAL [0.52554746] FAKE [0.49137667] 
165 epoch LOSS [-1.31821406] Parameters [1.38924295 1.60874876 3.06806021 1.55990093 1.72330595 1.53904576
 3.2139127  1.65188422] REAL [0.52361466] FAKE [0.48891267] 
166 epoch LOSS [-1.31447979] Parameters [1.38924838 1.60873724 3.06836868 1.56043823 1.72330244 1.53904672
 3.21414288 1.65238644] REAL [0.52431] FAKE [0.48768091] 
167 epoch LOSS [-1.38258053] Parameters [1.38925672 1.60873269 3.06769505 1.56094804 1.72330209 1.53904428
 3.21385818 1.65296094] REAL [0.48975896] FAKE [0.48764554] 
168 epoch LOSS [-1.32886086] Parameters [1.38925155 1.60873929 3.06735781 1.56157098 1.72329639 1.53905624
 3.21363008 1.65352949] REAL [0.51447282] FAKE [0.48533975] 
169 epoch LOSS [-1.34055866] Parameters [1.38925453 1.60874201 3.06812558 1.56213097 1.72329639 1.53905537
 3.21428951 1.65407815] REAL [0.50727941] FAKE [0.48411187] 
170 epoch LOSS [-1.34359917] Parameters [1.38925213 1.60875    3.06819276 1.56280876 1.72329874 1.53905342
 3.21440146 1.65471734] REAL [0.50355973] FAKE [0.48187888] 
171 epoch LOSS [-1.3036946] Parameters [1.38925295 1.6087614  3.06845312 1.56341568 1.72329344 1.53904894
 3.21473161 1.65536661] REAL [0.52083914] FAKE [0.47867444] 
172 epoch LOSS [-1.37145431] Parameters [1.38925137 1.60877043 3.0685713  1.5642128  1.72329001 1.53905813
 3.21457579 1.65615805] REAL [0.4870949] FAKE [0.47907958] 
173 epoch LOSS [-1.35057563] Parameters [1.38924696 1.60878343 3.06797979 1.56510548 1.72329871 1.53906849
 3.21414661 1.65710865] REAL [0.49696676] FAKE [0.47865511] 
174 epoch LOSS [-1.31845915] Parameters [1.38924218 1.60877882 3.06815377 1.56591507 1.72330754 1.53907106
 3.2140582  1.65798561] REAL [0.51121105] FAKE [0.47664036] 
175 epoch LOSS [-1.33225778] Parameters [1.38924742 1.60878549 3.06802264 1.56691693 1.72331492 1.53907202
 3.21372381 1.65901995] REAL [0.50212989] FAKE [0.47447701] 
176 epoch LOSS [-1.27214367] Parameters [1.38924131 1.60880246 3.06851138 1.56820286 1.72331719 1.53907971
 3.21392014 1.66025066] REAL [0.53172819] FAKE [0.47298213] 
177 epoch LOSS [-1.28002034] Parameters [1.389234   1.60880603 3.06873628 1.56922516 1.72331193 1.53907441
 3.21419006 1.66131997] REAL [0.52737252] FAKE [0.47279838] 
178 epoch LOSS [-1.28402362] Parameters [1.38922427 1.60880603 3.06927882 1.57032703 1.72332264 1.53906952
 3.21502369 1.66246533] REAL [0.52443678] FAKE [0.47196528] 
179 epoch LOSS [-1.27568871] Parameters [1.38922386 1.60880944 3.06926432 1.57170668 1.72333231 1.53907315
 3.21521484 1.66381855] REAL [0.52796414] FAKE [0.47110312] 
180 epoch LOSS [-1.29766253] Parameters [1.38923015 1.60880319 3.06909367 1.57303568 1.72332774 1.53907253
 3.21514062 1.66511833] REAL [0.5147122] FAKE [0.46927706] 
181 epoch LOSS [-1.25504012] Parameters [1.3892442  1.60879738 3.06907024 1.57449207 1.72333238 1.53906956
 3.2152994  1.66655729] REAL [0.53676334] FAKE [0.46891974] 
182 epoch LOSS [-1.33006726] Parameters [1.38923597 1.60879653 3.06937556 1.57592861 1.72332658 1.5390589
 3.21558951 1.66812769] REAL [0.49689423] FAKE [0.46777512] 
183 epoch LOSS [-1.25516089] Parameters [1.38922452 1.60879758 3.06992921 1.57743763 1.72333353 1.53907407
 3.21582019 1.6697209 ] REAL [0.5352361] FAKE [0.46746868] 
184 epoch LOSS [-1.30752491] Parameters [1.38923081 1.60878847 3.06939913 1.57918908 1.72332946 1.53906135
 3.2154269  1.67154713] REAL [0.50544777] FAKE [0.46485329] 
185 epoch LOSS [-1.24577216] Parameters [1.38922239 1.6087895  3.06929439 1.58132349 1.7233255  1.53906994
 3.21514646 1.67352983] REAL [0.53502988] FAKE [0.46223815] 
186 epoch LOSS [-1.27429406] Parameters [1.38921742 1.60876436 3.0691046  1.58337485 1.72332163 1.53907084
 3.21528602 1.67553251] REAL [0.51892354] FAKE [0.46113776] 
187 epoch LOSS [-1.31192873] Parameters [1.38921025 1.60877722 3.06912202 1.58554208 1.72332373 1.53906603
 3.21534499 1.6775562 ] REAL [0.49964794] FAKE [0.4610202] 
188 epoch LOSS [-1.2866652] Parameters [1.38921581 1.60877516 3.06884903 1.58794578 1.7233192  1.53905883
 3.2146463  1.68016583] REAL [0.51072216] FAKE [0.45921617] 
189 epoch LOSS [-1.29367197] Parameters [1.38921019 1.60878255 3.06899386 1.59039156 1.72333927 1.5390662
 3.21478348 1.68261422] REAL [0.50584039] FAKE [0.45780951] 
190 epoch LOSS [-1.22527426] Parameters [1.38919306 1.60874147 3.06940937 1.59305882 1.72334194 1.53909284
 3.21532778 1.68547046] REAL [0.54031154] FAKE [0.45646701] 
191 epoch LOSS [-1.23344774] Parameters [1.3891928  1.60872323 3.06972318 1.59589063 1.72332909 1.53908615
 3.21541607 1.68836585] REAL [0.53449145] FAKE [0.4550211] 
192 epoch LOSS [-1.29146749] Parameters [1.38920772 1.60875261 3.06928275 1.59925853 1.72334227 1.53911376
 3.21536036 1.69153297] REAL [0.50200931] FAKE [0.45246609] 
193 epoch LOSS [-1.21571548] Parameters [1.38922575 1.6087839  3.06916099 1.60238873 1.72334651 1.53910327
 3.21524491 1.69459443] REAL [0.54004821] FAKE [0.45097902] 
194 epoch LOSS [-1.20876271] Parameters [1.38920095 1.60873215 3.06919276 1.60605396 1.72333637 1.53912495
 3.21544257 1.69827254] REAL [0.5437533] FAKE [0.45091559] 
195 epoch LOSS [-1.18968494] Parameters [1.38916876 1.60874256 3.06838274 1.60991016 1.72337135 1.53913008
 3.21480789 1.70224278] REAL [0.55021823] FAKE [0.44691558] 
196 epoch LOSS [-1.23491949] Parameters [1.38917433 1.6087495  3.06835219 1.61376778 1.72333646 1.5391619
 3.21472665 1.70615669] REAL [0.52426208] FAKE [0.44520462] 
197 epoch LOSS [-1.25028398] Parameters [1.38919209 1.6087529  3.06855214 1.61846346 1.72335242 1.53914756
 3.21445702 1.71067963] REAL [0.51558385] FAKE [0.44446777] 
198 epoch LOSS [-1.24030724] Parameters [1.38917451 1.60872985 3.06899668 1.62321569 1.72335262 1.53913072
 3.21465074 1.71557617] REAL [0.51957153] FAKE [0.44320405] 
199 epoch LOSS [-1.2603356] Parameters [1.38919318 1.60875638 3.0689016  1.62854679 1.72335418 1.53916415
 3.21428337 1.72112494] REAL [0.50850983] FAKE [0.44237293] 
200 epoch LOSS [-1.17288773] Parameters [1.38924121 1.60876409 3.0685768  1.6343464  1.72336482 1.53916431
 3.21410783 1.7269243 ] REAL [0.55286792] FAKE [0.44024248] 
201 epoch LOSS [-1.20342351] Parameters [1.38921372 1.60878989 3.06887801 1.64022101 1.72339419 1.5391469
 3.21431921 1.73283414] REAL [0.53267135] FAKE [0.4364915] 
202 epoch LOSS [-1.17249783] Parameters [1.38921238 1.60877534 3.06849976 1.64668472 1.72344675 1.539158
 3.21406488 1.73922007] REAL [0.54757084] FAKE [0.43460711] 
203 epoch LOSS [-1.18181437] Parameters [1.38917438 1.60881154 3.06848621 1.65392141 1.7234814  1.53923899
 3.21392521 1.74672698] REAL [0.54088056] FAKE [0.43292151] 
204 epoch LOSS [-1.15852196] Parameters [1.38915582 1.60886033 3.06871263 1.6618527  1.72346971 1.5392031
 3.214113   1.7546075 ] REAL [0.55084883] FAKE [0.43006165] 
205 epoch LOSS [-1.15818416] Parameters [1.38917254 1.60886807 3.06870818 1.67025048 1.72344425 1.53917991
 3.21408257 1.76296353] REAL [0.54972376] FAKE [0.42870227] 
206 epoch LOSS [-1.21599285] Parameters [1.38915439 1.6088502  3.06859851 1.67969313 1.72336105 1.53916837
 3.21427068 1.77241202] REAL [0.51746846] FAKE [0.42718137] 
207 epoch LOSS [-1.14965576] Parameters [1.3891719  1.60890247 3.06847948 1.69009511 1.72331101 1.53913233
 3.21419721 1.7828508 ] REAL [0.55171546] FAKE [0.42588923] 
208 epoch LOSS [-1.14038744] Parameters [1.38922434 1.60892031 3.06827372 1.70103038 1.72320367 1.53916111
 3.21430016 1.79380215] REAL [0.55564209] FAKE [0.42463837] 
209 epoch LOSS [-1.1500308] Parameters [1.38920348 1.60892393 3.06815754 1.71317661 1.72318552 1.53915258
 3.21424946 1.80610186] REAL [0.54826304] FAKE [0.42249068] 
210 epoch LOSS [-1.13902878] Parameters [1.38906981 1.60888138 3.06800163 1.72683805 1.72321427 1.53930496
 3.21431385 1.81969675] REAL [0.5548408] FAKE [0.42302407] 
211 epoch LOSS [-1.11868835] Parameters [1.38910582 1.60883327 3.06852562 1.74103805 1.72318103 1.53947269
 3.21508784 1.83396495] REAL [0.56127034] FAKE [0.41791323] 
212 epoch LOSS [-1.16541023] Parameters [1.38904967 1.60865526 3.06889903 1.75696904 1.72312569 1.53944003
 3.21561429 1.84980653] REAL [0.53936165] FAKE [0.42191899] 
213 epoch LOSS [-1.11159863] Parameters [1.38905631 1.60854549 3.06882108 1.77382361 1.72308285 1.53954318
 3.21577949 1.86697456] REAL [0.56811081] FAKE [0.42083035] 
214 epoch LOSS [-1.14470278] Parameters [1.38915849 1.60840058 3.06915522 1.79244346 1.72311236 1.53963519
 3.2161372  1.88558817] REAL [0.54438759] FAKE [0.41527228] 
215 epoch LOSS [-1.14862838] Parameters [1.38909413 1.60835263 3.06883032 1.81276163 1.72333059 1.53956585
 3.2159081  1.90578466] REAL [0.545253] FAKE [0.41848762] 
216 epoch LOSS [-1.15400902] Parameters [1.38911434 1.60832158 3.06889267 1.83507579 1.72343553 1.53968361
 3.21619331 1.92826298] REAL [0.54456003] FAKE [0.4208721] 
217 epoch LOSS [-1.16868476] Parameters [1.38903302 1.60840205 3.06821399 1.85903877 1.7235413  1.53990939
 3.21537672 1.95250392] REAL [0.53648971] FAKE [0.42072436] 
218 epoch LOSS [-1.13232969] Parameters [1.38907827 1.60822481 3.06791168 1.88539629 1.72377028 1.53967874
 3.21470686 1.97885448] REAL [0.55454832] FAKE [0.41883952] 
219 epoch LOSS [-1.11415044] Parameters [1.38892891 1.6083149  3.06751269 1.91409654 1.72389178 1.53970289
 3.21427286 2.00740608] REAL [0.5697563] FAKE [0.42397481] 
220 epoch LOSS [-1.13300616] Parameters [1.38880531 1.60826086 3.06754324 1.94490357 1.72405921 1.53972628
 3.21450634 2.03820714] REAL [0.55882223] FAKE [0.42367428] 
221 epoch LOSS [-1.13940711] Parameters [1.38906267 1.60857302 3.06786378 1.9778112  1.72393439 1.53959753
 3.21453209 2.07099817] REAL [0.56733985] FAKE [0.43594884] 
222 epoch LOSS [-1.15879253] Parameters [1.38906962 1.6084494  3.06861356 2.01291334 1.72375833 1.53955285
 3.21465926 2.105869  ] REAL [0.55958996] FAKE [0.43911621] 
223 epoch LOSS [-1.21316252] Parameters [1.38914306 1.60847587 3.06848805 2.05006352 1.72377153 1.53946151
 3.21450389 2.14281808] REAL [0.53551323] FAKE [0.44491434] 
224 epoch LOSS [-1.19911784] Parameters [1.38921996 1.60806827 3.06943718 2.08879209 1.72370163 1.53955719
 3.21530495 2.18136403] REAL [0.54518235] FAKE [0.44704734] 
225 epoch LOSS [-1.26012766] Parameters [1.38914899 1.60795701 3.06946265 2.12885835 1.72397781 1.53978919
 3.21565853 2.22166503] REAL [0.52515379] FAKE [0.45993379] 
226 epoch LOSS [-1.2175258] Parameters [1.38894492 1.60792714 3.06905805 2.17011994 1.72395764 1.53992458
 3.21495281 2.26320133] REAL [0.55840403] FAKE [0.46998676] 
227 epoch LOSS [-1.27787614] Parameters [1.38897685 1.60785106 3.06896915 2.21233887 1.72391651 1.5396831
 3.21475084 2.30552301] REAL [0.52850857] FAKE [0.47280242] 
228 epoch LOSS [-1.31372933] Parameters [1.3888294  1.60786151 3.06931996 2.25470398 1.72402496 1.53959235
 3.21475224 2.34779261] REAL [0.52631683] FAKE [0.48925121] 
229 epoch LOSS [-1.31431753] Parameters [1.38897932 1.60791249 3.06864676 2.29694601 1.72392628 1.53941075
 3.2136553  2.38994435] REAL [0.53263002] FAKE [0.49560182] 
230 epoch LOSS [-1.43228338] Parameters [1.38890405 1.60767213 3.06899695 2.338331   1.72391749 1.53920991
 3.21374834 2.43124837] REAL [0.48699493] FAKE [0.50972157] 
231 epoch LOSS [-1.33753187] Parameters [1.38879931 1.60821168 3.06882003 2.37855756 1.72449039 1.53914806
 3.21403654 2.47180743] REAL [0.53686027] FAKE [0.51105949] 
232 epoch LOSS [-1.48091039] Parameters [1.38913537 1.60814405 3.06890049 2.41722842 1.72467842 1.53902399
 3.2138289  2.51069081] REAL [0.47758755] FAKE [0.52379298] 
233 epoch LOSS [-1.36480897] Parameters [1.38891593 1.60785528 3.06935249 2.45457936 1.72479328 1.53897321
 3.21435459 2.54768112] REAL [0.53588466] FAKE [0.52334992] 
234 epoch LOSS [-1.51453602] Parameters [1.38850879 1.60804107 3.06928847 2.48997523 1.72459215 1.53873653
 3.21390877 2.5828168 ] REAL [0.47328312] FAKE [0.5353517] 
235 epoch LOSS [-1.46969398] Parameters [1.38863301 1.60814183 3.0692091  2.52294923 1.72467548 1.53885414
 3.21414291 2.61581693] REAL [0.50086864] FAKE [0.54080604] 
236 epoch LOSS [-1.43453862] Parameters [1.3888072  1.60797999 3.06964654 2.55429643 1.72454167 1.53889773
 3.21459559 2.64688927] REAL [0.5134274] FAKE [0.53600986] 
237 epoch LOSS [-1.55114085] Parameters [1.38862566 1.60793285 3.06922704 2.58295911 1.72444878 1.53896314
 3.21407485 2.67535966] REAL [0.46470904] FAKE [0.54378772] 
238 epoch LOSS [-1.57699651] Parameters [1.38867222 1.60805493 3.07003359 2.60936756 1.72431476 1.5389456
 3.21441053 2.70196179] REAL [0.45617924] FAKE [0.54711952] 
239 epoch LOSS [-1.52619661] Parameters [1.38884307 1.60813598 3.07019366 2.63378298 1.72413593 1.53883576
 3.21361689 2.72652294] REAL [0.48153704] FAKE [0.54861041] 
240 epoch LOSS [-1.53071728] Parameters [1.38871454 1.60814435 3.06963564 2.65630945 1.72410997 1.53868499
 3.2133096  2.74899909] REAL [0.47950233] FAKE [0.54873962] 
241 epoch LOSS [-1.46644918] Parameters [1.38871979 1.60807929 3.0692844  2.67698329 1.72410183 1.53856354
 3.21335609 2.76993261] REAL [0.51086422] FAKE [0.54832742] 
242 epoch LOSS [-1.49667494] Parameters [1.38883142 1.60811901 3.06957678 2.69589725 1.72409221 1.53852511
 3.21359334 2.7889518 ] REAL [0.49362261] FAKE [0.54646868] 
243 epoch LOSS [-1.5487738] Parameters [1.38886168 1.60806187 3.06957772 2.71325694 1.7240603  1.53842308
 3.21341759 2.80639137] REAL [0.46943649] FAKE [0.54731173] 
244 epoch LOSS [-1.48067121] Parameters [1.38894002 1.60803854 3.07039965 2.72956658 1.72408278 1.53846309
 3.21390172 2.82255233] REAL [0.50294078] FAKE [0.54769039] 
245 epoch LOSS [-1.49615816] Parameters [1.38891418 1.60791693 3.07059013 2.74432944 1.72411291 1.53840174
 3.21423199 2.83730369] REAL [0.49329792] FAKE [0.54593556] 
246 epoch LOSS [-1.50131242] Parameters [1.3889267  1.60790123 3.07096792 2.75788959 1.72406853 1.53834097
 3.21387902 2.85109744] REAL [0.4912814] FAKE [0.54641573] 
247 epoch LOSS [-1.45722057] Parameters [1.38884853 1.60789828 3.071142   2.76997707 1.72406222 1.53835577
 3.21399061 2.86313347] REAL [0.51159881] FAKE [0.54479437] 
248 epoch LOSS [-1.48000925] Parameters [1.38890435 1.6079174  3.07074445 2.78135071 1.72408508 1.53829997
 3.21409528 2.87474274] REAL [0.49608306] FAKE [0.54113413] 
249 epoch LOSS [-1.49484066] Parameters [1.38891866 1.60788278 3.07015657 2.79212825 1.72408417 1.53834779
 3.2138282  2.88553206] REAL [0.48852831] FAKE [0.54089796] 
250 epoch LOSS [-1.45643575] Parameters [1.38887568 1.60789471 3.06936192 2.80140335 1.72409089 1.53832892
 3.21356415 2.89461014] REAL [0.50666533] FAKE [0.54000109] 
251 epoch LOSS [-1.49015852] Parameters [1.38885665 1.60788521 3.06895756 2.81001039 1.72408995 1.53829981
 3.21292206 2.90327159] REAL [0.4874639] FAKE [0.53773617] 
252 epoch LOSS [-1.4290157] Parameters [1.38886138 1.60787067 3.06847532 2.81760426 1.72411022 1.53826887
 3.21295038 2.9108279 ] REAL [0.51619981] FAKE [0.535946] 
253 epoch LOSS [-1.42481463] Parameters [1.38885593 1.60791624 3.06834502 2.82483333 1.72411571 1.53828857
 3.21258007 2.91805434] REAL [0.51651853] FAKE [0.53427992] 
254 epoch LOSS [-1.43101519] Parameters [1.38884476 1.60791832 3.06940954 2.83129888 1.72412325 1.53833442
 3.21336265 2.92452298] REAL [0.51277812] FAKE [0.53378256] 
255 epoch LOSS [-1.53445876] Parameters [1.38884868 1.60792839 3.06890118 2.83721662 1.7241225  1.53833224
 3.21278851 2.93034818] REAL [0.46052398] FAKE [0.53189769] 
256 epoch LOSS [-1.42043534] Parameters [1.38885221 1.60793099 3.06924522 2.84267636 1.72414029 1.53833262
 3.21371573 2.93585858] REAL [0.51516078] FAKE [0.53100309] 
257 epoch LOSS [-1.44474239] Parameters [1.3888523  1.60792141 3.06893018 2.84742165 1.72414051 1.53832073
 3.21343988 2.94072395] REAL [0.49983471] FAKE [0.52823042] 
258 epoch LOSS [-1.43562547] Parameters [1.38884217 1.60792839 3.06977508 2.85188688 1.72414856 1.53831461
 3.21412449 2.94511336] REAL [0.50231022] FAKE [0.52625595] 
259 epoch LOSS [-1.44716284] Parameters [1.38884175 1.60793531 3.06980776 2.8557228  1.72415923 1.53832666
 3.21376219 2.94900479] REAL [0.49530682] FAKE [0.52506862] 
260 epoch LOSS [-1.47592379] Parameters [1.38884274 1.60793522 3.07026677 2.85915115 1.72415491 1.53832396
 3.21436739 2.95237655] REAL [0.48009706] FAKE [0.52391401] 
261 epoch LOSS [-1.49114206] Parameters [1.38884076 1.60792991 3.07033552 2.86217219 1.72416025 1.53832012
 3.21456196 2.95534856] REAL [0.46934432] FAKE [0.52036191] 
262 epoch LOSS [-1.41537088] Parameters [1.38883393 1.60792959 3.07034335 2.86473808 1.72416445 1.53831778
 3.21440518 2.95789893] REAL [0.50283086] FAKE [0.51706319] 
263 epoch LOSS [-1.39881361] Parameters [1.38882945 1.60792807 3.07061799 2.86674267 1.72416953 1.53832079
 3.21444714 2.95994763] REAL [0.50959563] FAKE [0.51551842] 
264 epoch LOSS [-1.40164059] Parameters [1.38883309 1.60792168 3.06998721 2.86839164 1.72417445 1.53831758
 3.21424474 2.96164791] REAL [0.50463361] FAKE [0.51213568] 
265 epoch LOSS [-1.44374323] Parameters [1.38883998 1.60792016 3.06914378 2.86974288 1.72416806 1.53831688
 3.21359509 2.9629495 ] REAL [0.4830788] FAKE [0.5113788] 
266 epoch LOSS [-1.46081584] Parameters [1.38883332 1.60792679 3.06903056 2.87069109 1.72417146 1.53832238
 3.21348665 2.96389473] REAL [0.47270702] FAKE [0.50911056] 
267 epoch LOSS [-1.370724] Parameters [1.38882708 1.60792111 3.06877665 2.87125272 1.72417346 1.5383226
 3.21313755 2.96442306] REAL [0.51498362] FAKE [0.50692985] 
268 epoch LOSS [-1.37168894] Parameters [1.38882412 1.60791779 3.0689313  2.87146443 1.72416337 1.53833636
 3.21323116 2.96462848] REAL [0.51295462] FAKE [0.50545694] 
269 epoch LOSS [-1.41818424] Parameters [1.38882272 1.60789457 3.06900572 2.8712941  1.72416644 1.53834647
 3.21382645 2.96446794] REAL [0.48749591] FAKE [0.5032711] 
270 epoch LOSS [-1.40090203] Parameters [1.38882422 1.60789345 3.06961227 2.87075345 1.72418199 1.53834675
 3.21391615 2.96394598] REAL [0.49271666] FAKE [0.49996693] 
271 epoch LOSS [-1.43355571] Parameters [1.38883626 1.60788219 3.06876353 2.86984135 1.7241695  1.53835133
 3.2130361  2.96304563] REAL [0.4756085] FAKE [0.49862225] 
272 epoch LOSS [-1.35992909] Parameters [1.38881937 1.60787954 3.06876504 2.86856069 1.72414373 1.53834416
 3.21241199 2.96178732] REAL [0.51136448] FAKE [0.49805083] 
273 epoch LOSS [-1.3557218] Parameters [1.38883419 1.60789588 3.06793036 2.86687073 1.72412164 1.53833814
 3.21253681 2.96012634] REAL [0.51066944] FAKE [0.49524848] 
274 epoch LOSS [-1.32900815] Parameters [1.38886723 1.60792044 3.06880823 2.86481521 1.72413314 1.53837834
 3.213157   2.95803795] REAL [0.5237797] FAKE [0.49455904] 
275 epoch LOSS [-1.30993064] Parameters [1.38889001 1.60795861 3.06923011 2.86232156 1.72413798 1.53835882
 3.21330838 2.955547  ] REAL [0.531353] FAKE [0.49216665] 
276 epoch LOSS [-1.36910228] Parameters [1.38886012 1.60792447 3.06934184 2.85940496 1.72412558 1.53837735
 3.21350036 2.95262463] REAL [0.49801062] FAKE [0.48929768] 
277 epoch LOSS [-1.30459638] Parameters [1.38889191 1.60792515 3.06938437 2.85603674 1.72412119 1.53838109
 3.21380997 2.94925593] REAL [0.52814121] FAKE [0.48634569] 
278 epoch LOSS [-1.33694214] Parameters [1.38891505 1.60790275 3.0695933  2.85219401 1.72413863 1.53836501
 3.21403116 2.94545315] REAL [0.50722861] FAKE [0.48219091] 
279 epoch LOSS [-1.31690376] Parameters [1.38890863 1.60792512 3.06889714 2.84791479 1.72418202 1.53834595
 3.21362235 2.94115723] REAL [0.51432256] FAKE [0.4789968] 
280 epoch LOSS [-1.36956383] Parameters [1.38892109 1.60791542 3.06853845 2.84315408 1.72420687 1.53835771
 3.21338926 2.93643524] REAL [0.48676307] FAKE [0.47773808] 
281 epoch LOSS [-1.38030868] Parameters [1.38883695 1.60789299 3.06903575 2.83788777 1.72415503 1.53842004
 3.21364381 2.93111541] REAL [0.48163775] FAKE [0.47782144] 
282 epoch LOSS [-1.29184694] Parameters [1.38881759 1.60794549 3.06851156 2.83210029 1.72421558 1.53837312
 3.21322931 2.92530255] REAL [0.52193317] FAKE [0.47356699] 
283 epoch LOSS [-1.32126147] Parameters [1.38882793 1.60796519 3.06849951 2.8256471  1.72429019 1.53836651
 3.21313852 2.91881661] REAL [0.50839954] FAKE [0.47521878] 
284 epoch LOSS [-1.28121362] Parameters [1.38882367 1.60799361 3.06974822 2.81844312 1.72427458 1.53839311
 3.21387639 2.91163931] REAL [0.52597384] FAKE [0.47202683] 
285 epoch LOSS [-1.34099967] Parameters [1.38883679 1.60809918 3.06943361 2.81066867 1.72429381 1.53844771
 3.2131216  2.90385374] REAL [0.49094321] FAKE [0.46718065] 
286 epoch LOSS [-1.24622242] Parameters [1.38883145 1.60813655 3.0688192  2.80227027 1.72424829 1.53842146
 3.21310351 2.89539495] REAL [0.53769706] FAKE [0.46514653] 
287 epoch LOSS [-1.27503132] Parameters [1.3888887  1.60807483 3.06891044 2.79314999 1.72435311 1.53843003
 3.21296666 2.88633464] REAL [0.52276704] FAKE [0.46549382] 
288 epoch LOSS [-1.23315065] Parameters [1.38887162 1.60803492 3.06936945 2.78318326 1.72437088 1.53835079
 3.21333124 2.87628901] REAL [0.53912243] FAKE [0.45954185] 
289 epoch LOSS [-1.24473239] Parameters [1.3889253  1.60803193 3.06967764 2.77237932 1.72427781 1.53841312
 3.21369398 2.86561215] REAL [0.53186094] FAKE [0.45847128] 
290 epoch LOSS [-1.31847044] Parameters [1.38885448 1.60803909 3.06950324 2.76085433 1.724334   1.53829507
 3.21376829 2.85410921] REAL [0.49215038] FAKE [0.45637711] 
291 epoch LOSS [-1.22493866] Parameters [1.38887257 1.60805812 3.06897912 2.74861562 1.72427162 1.53833947
 3.21314639 2.84183943] REAL [0.53842595] FAKE [0.45438046] 
292 epoch LOSS [-1.25620417] Parameters [1.38884511 1.6079451  3.06831098 2.73520294 1.72421738 1.53835407
 3.21253182 2.82836798] REAL [0.52472264] FAKE [0.45736518] 
293 epoch LOSS [-1.23393154] Parameters [1.3888097  1.60789806 3.06850048 2.72074467 1.72412705 1.53838109
 3.21279203 2.81383834] REAL [0.53361084] FAKE [0.45438576] 
294 epoch LOSS [-1.21293886] Parameters [1.38879728 1.60800953 3.06885487 2.7054728  1.72419721 1.53849229
 3.21337755 2.79853408] REAL [0.54340203] FAKE [0.4528504] 
295 epoch LOSS [-1.29555011] Parameters [1.3886943  1.60794706 3.06882852 2.68902528 1.72433361 1.53858184
 3.21333697 2.78217124] REAL [0.50043262] FAKE [0.45297885] 
296 epoch LOSS [-1.30711675] Parameters [1.38875627 1.60792227 3.06917307 2.67148853 1.7241612  1.53849954
 3.21355118 2.76472562] REAL [0.49524624] FAKE [0.45360689] 
297 epoch LOSS [-1.22225936] Parameters [1.38857671 1.60794565 3.06918339 2.65323791 1.72418315 1.53851813
 3.21345604 2.7463333 ] REAL [0.54016312] FAKE [0.45467604] 
298 epoch LOSS [-1.27693857] Parameters [1.38873466 1.60786354 3.06878007 2.63383944 1.72410537 1.53843216
 3.21316023 2.72680476] REAL [0.51299121] FAKE [0.45634586] 
299 epoch LOSS [-1.25353505] Parameters [1.38876142 1.60766344 3.06836239 2.61341875 1.72395165 1.53821242
 3.21291453 2.70640965] REAL [0.52482502] FAKE [0.45602103] 
300 epoch LOSS [-1.21856218] Parameters [1.38874766 1.60755585 3.06856806 2.59199367 1.72388442 1.53813386
 3.21278473 2.68500591] REAL [0.54078839] FAKE [0.453289] 
301 epoch LOSS [-1.26125802] Parameters [1.38889243 1.60753012 3.06854805 2.56970313 1.72383305 1.5381224
 3.21286388 2.66262302] REAL [0.52872135] FAKE [0.46418391] 
302 epoch LOSS [-1.23866958] Parameters [1.38897702 1.6074643  3.06910159 2.54645297 1.72384386 1.53813068
 3.21292552 2.63941362] REAL [0.53319828] FAKE [0.45654461] 
303 epoch LOSS [-1.29320603] Parameters [1.38904196 1.60739194 3.06893789 2.52235532 1.72387721 1.53817275
 3.21312993 2.61552179] REAL [0.51312628] FAKE [0.46525898] 
304 epoch LOSS [-1.23105039] Parameters [1.38901972 1.60734108 3.06878454 2.49769634 1.72399145 1.53803864
 3.21269171 2.59076961] REAL [0.54403597] FAKE [0.46329703] 
305 epoch LOSS [-1.3257169] Parameters [1.3891964  1.60737933 3.06869129 2.47261006 1.72393751 1.53797793
 3.21314769 2.56565282] REAL [0.50514393] FAKE [0.47418457] 
306 epoch LOSS [-1.32153202] Parameters [1.38904262 1.60773858 3.06858555 2.44734924 1.72400936 1.53793959
 3.21312784 2.5400837 ] REAL [0.5067826] FAKE [0.47368682] 
307 epoch LOSS [-1.35833284] Parameters [1.38887799 1.60754156 3.06840321 2.42170417 1.72400113 1.53843651
 3.21322748 2.51455284] REAL [0.49376505] FAKE [0.47932923] 
308 epoch LOSS [-1.32938713] Parameters [1.38885489 1.60766238 3.06846794 2.39611635 1.72386409 1.53846257
 3.21337979 2.4889995 ] REAL [0.51647117] FAKE [0.48760083] 
309 epoch LOSS [-1.38023283] Parameters [1.38904786 1.60772335 3.06869034 2.37058811 1.72370251 1.53860693
 3.21314997 2.46351446] REAL [0.49098185] FAKE [0.4877204] 
310 epoch LOSS [-1.4287576] Parameters [1.3891033  1.60768848 3.06873507 2.34537289 1.72375476 1.53847359
 3.21350705 2.43843086] REAL [0.47030682] FAKE [0.49053168] 
311 epoch LOSS [-1.30712327] Parameters [1.38916797 1.60788816 3.06839504 2.32050045 1.72365987 1.53860801
 3.21201942 2.4135004 ] REAL [0.53507266] FAKE [0.4942792] 
312 epoch LOSS [-1.416537] Parameters [1.38930639 1.60795197 3.06804761 2.29648985 1.72373893 1.53841037
 3.21213646 2.38933279] REAL [0.47962723] FAKE [0.4942895] 
313 epoch LOSS [-1.34086565] Parameters [1.38940287 1.60787805 3.06798297 2.27315723 1.72382836 1.5384119
 3.21246102 2.36649469] REAL [0.52522449] FAKE [0.50189089] 
314 epoch LOSS [-1.36524661] Parameters [1.38924813 1.60792588 3.0685693  2.25096947 1.72388914 1.53863816
 3.21311815 2.34437685] REAL [0.50878361] FAKE [0.49818017] 
315 epoch LOSS [-1.44708091] Parameters [1.38918173 1.60777826 3.06767769 2.22992127 1.72387939 1.53872119
 3.21253162 2.32340251] REAL [0.47412476] FAKE [0.50380989] 
316 epoch LOSS [-1.37813547] Parameters [1.38928595 1.60773464 3.06853934 2.20955724 1.72406567 1.53860335
 3.21302771 2.30328816] REAL [0.51113005] FAKE [0.50688075] 
317 epoch LOSS [-1.42183443] Parameters [1.38950734 1.6076225  3.06829281 2.19062407 1.72403688 1.53849232
 3.21348423 2.28447623] REAL [0.496501] FAKE [0.51405734] 
318 epoch LOSS [-1.34976912] Parameters [1.38955853 1.60782758 3.0683133  2.17292213 1.72404031 1.53859598
 3.21312919 2.26694845] REAL [0.53523566] FAKE [0.51554027] 
319 epoch LOSS [-1.41975198] Parameters [1.38949587 1.6077593  3.06939744 2.15630169 1.72405125 1.53853882
 3.21393794 2.25026467] REAL [0.50078088] FAKE [0.51720606] 
320 epoch LOSS [-1.38301797] Parameters [1.38954399 1.60782562 3.06912223 2.14121169 1.72412731 1.53861309
 3.21344578 2.23524296] REAL [0.51638857] FAKE [0.51427964] 
321 epoch LOSS [-1.39843938] Parameters [1.38960167 1.60787622 3.068862   2.12734457 1.72415604 1.5385404
 3.21276337 2.22120178] REAL [0.50757534] FAKE [0.51340798] 
322 epoch LOSS [-1.39302474] Parameters [1.38956092 1.60790403 3.06829559 2.11425024 1.72424611 1.53849851
 3.21294917 2.20804334] REAL [0.51382162] FAKE [0.5167135] 
323 epoch LOSS [-1.43153259] Parameters [1.38951603 1.6078899  3.06815455 2.10229718 1.72418933 1.53849296
 3.21307691 2.19628846] REAL [0.49209366] FAKE [0.51443707] 
324 epoch LOSS [-1.42781014] Parameters [1.38953214 1.60789504 3.06894389 2.09139589 1.72419385 1.53850962
 3.21415864 2.18544058] REAL [0.49671116] FAKE [0.51715691] 
325 epoch LOSS [-1.47127343] Parameters [1.38952891 1.60792923 3.06953401 2.081599   1.72416522 1.53855712
 3.21473518 2.17568232] REAL [0.47583351] FAKE [0.51740919] 
326 epoch LOSS [-1.37322635] Parameters [1.38954819 1.60790827 3.06941551 2.07314298 1.72409597 1.53854987
 3.2151169  2.16716318] REAL [0.52253556] FAKE [0.51527042] 
327 epoch LOSS [-1.44194682] Parameters [1.38955687 1.60791277 3.06865298 2.06579514 1.72406167 1.5385297
 3.21459075 2.1597434 ] REAL [0.48549687] FAKE [0.51293826] 
328 epoch LOSS [-1.47919159] Parameters [1.38955656 1.60793571 3.06942337 2.05903412 1.72405323 1.53852208
 3.21556968 2.15295059] REAL [0.46839698] FAKE [0.51361388] 
329 epoch LOSS [-1.46727743] Parameters [1.38955043 1.6079442  3.06975647 2.05320271 1.72406519 1.53852445
 3.21517525 2.14726879] REAL [0.47131907] FAKE [0.51083599] 
330 epoch LOSS [-1.35855118] Parameters [1.38954444 1.6079643  3.07023027 2.04822683 1.72406278 1.53851008
 3.21630687 2.14227714] REAL [0.52578594] FAKE [0.51114535] 
331 epoch LOSS [-1.45286472] Parameters [1.38954141 1.60796118 3.06985245 2.0440143  1.72407303 1.53850092
 3.21602169 2.13825695] REAL [0.47881498] FAKE [0.51150385] 
332 epoch LOSS [-1.35475555] Parameters [1.38953425 1.60797169 3.06963167 2.04074639 1.7240806  1.53850123
 3.21565558 2.13491484] REAL [0.52642696] FAKE [0.50988384] 
333 epoch LOSS [-1.42200349] Parameters [1.38954348 1.60798484 3.06941705 2.03827459 1.72407836 1.53849647
 3.21511604 2.1325689 ] REAL [0.4913398] FAKE [0.50903585] 
334 epoch LOSS [-1.40412036] Parameters [1.38955347 1.60798087 3.06974091 2.03638953 1.72407856 1.5384808
 3.21488727 2.13067403] REAL [0.49799652] FAKE [0.50685803] 
335 epoch LOSS [-1.46471595] Parameters [1.38955843 1.60796372 3.07064197 2.03536893 1.72407447 1.53848334
 3.21647705 2.12968936] REAL [0.46757022] FAKE [0.50564936] 
336 epoch LOSS [-1.41819458] Parameters [1.38954425 1.60797471 3.07017392 2.03502689 1.72409187 1.53850089
 3.21526952 2.12931266] REAL [0.48974154] FAKE [0.50555388] 
337 epoch LOSS [-1.34905214] Parameters [1.38949097 1.60798756 3.07080582 2.03543143 1.72409963 1.53850088
 3.21639903 2.12972821] REAL [0.5227787] FAKE [0.50364064] 
338 epoch LOSS [-1.37372122] Parameters [1.38952442 1.60802422 3.07076502 2.03623415 1.72406837 1.5384465
 3.2164944  2.1306615 ] REAL [0.50839842] FAKE [0.50203794] 
339 epoch LOSS [-1.38893573] Parameters [1.38952868 1.60802791 3.07016442 2.03764898 1.72407615 1.53840418
 3.21561534 2.13210962] REAL [0.49828946] FAKE [0.49960705] 
340 epoch LOSS [-1.37835643] Parameters [1.38955824 1.60798167 3.06937986 2.03966796 1.72406452 1.53835909
 3.21555424 2.13410071] REAL [0.50321475] FAKE [0.4992349] 
341 epoch LOSS [-1.32198493] Parameters [1.38955222 1.60800517 3.07014715 2.04229476 1.7240559  1.53835752
 3.21572774 2.13669898] REAL [0.53308023] FAKE [0.49987719] 
342 epoch LOSS [-1.40609232] Parameters [1.38952829 1.60798476 3.0705433  2.04538839 1.7240649  1.53830626
 3.21507475 2.1397909 ] REAL [0.48815081] FAKE [0.49790274] 
343 epoch LOSS [-1.36543967] Parameters [1.38956154 1.60789161 3.06994388 2.04895515 1.72403447 1.53832718
 3.21401594 2.14338274] REAL [0.50610227] FAKE [0.49561891] 
344 epoch LOSS [-1.37864046] Parameters [1.38955168 1.60789676 3.06971681 2.05298145 1.72406998 1.53834171
 3.21385379 2.14738024] REAL [0.49743256] FAKE [0.49355784] 
345 epoch LOSS [-1.3115872] Parameters [1.38955184 1.60792099 3.0698397  2.05744557 1.72405608 1.53833172
 3.21387241 2.15196155] REAL [0.53054048] FAKE [0.49223076] 
346 epoch LOSS [-1.4203895] Parameters [1.3895924  1.60789147 3.07028542 2.06241626 1.72407616 1.53833646
 3.21469209 2.15699168] REAL [0.47869735] FAKE [0.49525544] 
347 epoch LOSS [-1.33068239] Parameters [1.38960511 1.60784945 3.07123252 2.06786241 1.72405604 1.53842168
 3.21559419 2.16249574] REAL [0.52115115] FAKE [0.49285951] 
348 epoch LOSS [-1.37402068] Parameters [1.38959753 1.60785103 3.07066308 2.07381313 1.72400466 1.53840317
 3.21492192 2.1684664 ] REAL [0.49807186] FAKE [0.49186583] 
349 epoch LOSS [-1.37660787] Parameters [1.38967345 1.60785817 3.07121397 2.07980868 1.72396999 1.53840557
 3.21527047 2.17452725] REAL [0.49796841] FAKE [0.49307349] 
350 epoch LOSS [-1.402034] Parameters [1.3896309  1.60788186 3.07093554 2.08625784 1.72396743 1.53834805
 3.21499998 2.18102319] REAL [0.48503578] FAKE [0.49262321] 
351 epoch LOSS [-1.36996326] Parameters [1.38964645 1.60793985 3.07024567 2.09318025 1.72398037 1.53842075
 3.21426611 2.18791029] REAL [0.50101542] FAKE [0.49279746] 
352 epoch LOSS [-1.37643091] Parameters [1.38966004 1.60799034 3.07000846 2.10054775 1.72399617 1.53836636
 3.2144561  2.19534037] REAL [0.49652102] FAKE [0.49150579] 
353 epoch LOSS [-1.36187152] Parameters [1.38971399 1.60794551 3.07044837 2.10821623 1.72400038 1.53837478
 3.2148618  2.20294792] REAL [0.50390917] FAKE [0.49161298] 
354 epoch LOSS [-1.36940317] Parameters [1.389726   1.60799843 3.06958814 2.11597112 1.72392523 1.53834539
 3.21439843 2.21066754] REAL [0.50436303] FAKE [0.49588165] 
355 epoch LOSS [-1.35028156] Parameters [1.38970494 1.60796629 3.06914951 2.12418053 1.72385145 1.5383605
 3.21420088 2.2188174 ] REAL [0.51165176] FAKE [0.49346939] 
356 epoch LOSS [-1.35605143] Parameters [1.38971656 1.60796643 3.06886834 2.13269185 1.72381078 1.53843037
 3.21390721 2.22740266] REAL [0.51294772] FAKE [0.49765597] 
357 epoch LOSS [-1.3270999] Parameters [1.38970056 1.60792287 3.06880598 2.14145878 1.72382957 1.53837366
 3.21353831 2.23608089] REAL [0.52491921] FAKE [0.49469294] 
358 epoch LOSS [-1.39241335] Parameters [1.38959843 1.60799848 3.06862735 2.1500958  1.72384887 1.53823981
 3.21338008 2.24476245] REAL [0.48953585] FAKE [0.49242753] 
359 epoch LOSS [-1.32104916] Parameters [1.38965243 1.6079704  3.06841985 2.15908107 1.72382049 1.53818978
 3.21347159 2.25379976] REAL [0.5255099] FAKE [0.49219761] 
360 epoch LOSS [-1.34361832] Parameters [1.38968208 1.6079835  3.06836705 2.16820676 1.72382223 1.53808831
 3.21376204 2.26291387] REAL [0.51250185] FAKE [0.49092879] 
361 epoch LOSS [-1.30709631] Parameters [1.38978934 1.60793749 3.0685124  2.17743457 1.72385879 1.53806542
 3.21367527 2.2721542 ] REAL [0.53009518] FAKE [0.48951683] 
362 epoch LOSS [-1.30727531] Parameters [1.38973391 1.60792172 3.0693449  2.18646947 1.72398023 1.53805697
 3.2141636  2.28119381] REAL [0.5327905] FAKE [0.49219021] 
363 epoch LOSS [-1.34527294] Parameters [1.38981579 1.60796016 3.06899586 2.19575563 1.724014   1.53807474
 3.21355364 2.29037279] REAL [0.51235705] FAKE [0.49162677] 
364 epoch LOSS [-1.32051805] Parameters [1.38996371 1.6079265  3.06900299 2.20498444 1.72395277 1.53806894
 3.21353198 2.29975524] REAL [0.52468471] FAKE [0.49112878] 
365 epoch LOSS [-1.34131584] Parameters [1.39001633 1.60799781 3.07016662 2.21430382 1.72392595 1.53803497
 3.21383054 2.30902533] REAL [0.51494337] FAKE [0.49217455] 
366 epoch LOSS [-1.37793233] Parameters [1.39004837 1.6079838  3.06975566 2.22359279 1.72391174 1.53809366
 3.2133557  2.3182726 ] REAL [0.49849654] FAKE [0.49428079] 
367 epoch LOSS [-1.40209886] Parameters [1.39012618 1.60798828 3.07032233 2.23267908 1.72394973 1.53814405
 3.21365348 2.32738616] REAL [0.48853715] FAKE [0.49629228] 
368 epoch LOSS [-1.33518192] Parameters [1.39004073 1.6079686  3.07068099 2.24180095 1.72400757 1.53825554
 3.21301091 2.33655282] REAL [0.52177116] FAKE [0.4957362] 
369 epoch LOSS [-1.40706272] Parameters [1.39011172 1.60799702 3.07033463 2.25043666 1.72404439 1.53833499
 3.21241223 2.34529716] REAL [0.48655284] FAKE [0.49674232] 
370 epoch LOSS [-1.40669288] Parameters [1.39013232 1.60796174 3.07104918 2.25945121 1.72406415 1.53840737
 3.21270998 2.35421046] REAL [0.48536715] FAKE [0.49532631] 
371 epoch LOSS [-1.42159355] Parameters [1.39014838 1.60796989 3.07130446 2.26820565 1.72404222 1.53839499
 3.21293523 2.36299276] REAL [0.48310717] FAKE [0.50046459] 
372 epoch LOSS [-1.41725096] Parameters [1.39021137 1.60800426 3.07025831 2.2767509  1.7240839  1.53837922
 3.21210183 2.37153203] REAL [0.48571203] FAKE [0.50098125] 
373 epoch LOSS [-1.44535303] Parameters [1.3902947  1.60792471 3.07094318 2.28510306 1.72407097 1.5382998
 3.21316114 2.37986917] REAL [0.47362946] FAKE [0.50243199] 
374 epoch LOSS [-1.32675859] Parameters [1.39033366 1.60793372 3.06991251 2.29332092 1.72414012 1.53832876
 3.21283456 2.38817207] REAL [0.53284196] FAKE [0.50203634] 
375 epoch LOSS [-1.3781784] Parameters [1.39025844 1.60788715 3.07106587 2.30119424 1.72416188 1.53830774
 3.21355579 2.39604795] REAL [0.50560667] FAKE [0.50151518] 
376 epoch LOSS [-1.35972388] Parameters [1.39024959 1.60794979 3.07090868 2.30885609 1.72419306 1.53832311
 3.21282313 2.40383641] REAL [0.51398905] FAKE [0.50051144] 
377 epoch LOSS [-1.40662886] Parameters [1.39022355 1.60797019 3.07051651 2.31615643 1.72416932 1.53826496
 3.21288539 2.41125118] REAL [0.49196903] FAKE [0.5020668] 
378 epoch LOSS [-1.36785503] Parameters [1.39018464 1.60797475 3.07117046 2.3231822  1.72417981 1.53825012
 3.21305047 2.41843326] REAL [0.5092017] FAKE [0.49989838] 
379 epoch LOSS [-1.39498998] Parameters [1.39014821 1.6080643  3.07010226 2.33007014 1.72417823 1.53823135
 3.21233135 2.42531155] REAL [0.49561103] FAKE [0.49993946] 
380 epoch LOSS [-1.37896141] Parameters [1.39012057 1.60810488 3.07040355 2.33661661 1.72418933 1.53823204
 3.21255478 2.43176966] REAL [0.50274755] FAKE [0.4990727] 
381 epoch LOSS [-1.41647873] Parameters [1.39008684 1.60811912 3.07042963 2.34282175 1.7241777  1.53821065
 3.21274565 2.43799436] REAL [0.48291998] FAKE [0.49770838] 
382 epoch LOSS [-1.39526652] Parameters [1.39007331 1.6080908  3.07049553 2.34857052 1.7242441  1.53821052
 3.21312864 2.44374962] REAL [0.49541037] FAKE [0.49987524] 
383 epoch LOSS [-1.37579988] Parameters [1.39003958 1.60805259 3.06995815 2.35415088 1.72421714 1.53822382
 3.21252317 2.44935149] REAL [0.50373943] FAKE [0.49847596] 
384 epoch LOSS [-1.38422598] Parameters [1.39003509 1.60804764 3.06875322 2.35951124 1.72424337 1.53819668
 3.21155071 2.45464638] REAL [0.49973955] FAKE [0.49870362] 
385 epoch LOSS [-1.39920306] Parameters [1.39004819 1.60810529 3.06862188 2.36458264 1.72423304 1.53820778
 3.21103089 2.45987794] REAL [0.49162261] FAKE [0.498002] 
386 epoch LOSS [-1.33467473] Parameters [1.39002914 1.60806951 3.06921887 2.36907735 1.72422375 1.53824357
 3.21130454 2.46447863] REAL [0.52205285] FAKE [0.49575261] 
387 epoch LOSS [-1.39611554] Parameters [1.39004878 1.60807911 3.06949501 2.37346737 1.72421797 1.5382148
 3.21096343 2.46893049] REAL [0.49111249] FAKE [0.49592665] 
388 epoch LOSS [-1.33272079] Parameters [1.39005078 1.60810965 3.06995466 2.37738561 1.72424532 1.53820876
 3.21155185 2.47280214] REAL [0.52282928] FAKE [0.49551668] 
389 epoch LOSS [-1.32669624] Parameters [1.39005217 1.60812426 3.07077658 2.38125667 1.7242481  1.53821783
 3.21192391 2.47667931] REAL [0.52553537] FAKE [0.4950816] 
390 epoch LOSS [-1.36250459] Parameters [1.39006771 1.60813336 3.07112399 2.38471737 1.72426169 1.53820939
 3.21191807 2.47993331] REAL [0.50651224] FAKE [0.49454578] 
391 epoch LOSS [-1.36511449] Parameters [1.39006483 1.60815094 3.07165895 2.3876358  1.72426512 1.53819988
 3.21233836 2.48283799] REAL [0.50666022] FAKE [0.49601048] 
392 epoch LOSS [-1.4122064] Parameters [1.39006334 1.60815248 3.07198851 2.3900822  1.72427116 1.5381922
 3.2126351  2.48516684] REAL [0.48495378] FAKE [0.49767337] 
393 epoch LOSS [-1.44849559] Parameters [1.3900757  1.60815086 3.07266364 2.39271697 1.7242699  1.53818483
 3.21249144 2.48764281] REAL [0.46793565] FAKE [0.4979578] 
394 epoch LOSS [-1.37078043] Parameters [1.39008068 1.60815404 3.07289036 2.39483496 1.72426489 1.53818056
 3.21247575 2.48979069] REAL [0.50886722] FAKE [0.50103148] 
395 epoch LOSS [-1.34543855] Parameters [1.39008818 1.60816062 3.07249774 2.39646255 1.72426487 1.53817365
 3.21195118 2.49151657] REAL [0.5203674] FAKE [0.49953538] 
396 epoch LOSS [-1.34338442] Parameters [1.39008542 1.60815406 3.07237477 2.398009   1.72425963 1.53817739
 3.21219616 2.49308844] REAL [0.52110882] FAKE [0.49921981] 
397 epoch LOSS [-1.4044492] Parameters [1.39007485 1.60815048 3.07146652 2.39919665 1.72426948 1.53818066
 3.21169288 2.49423316] REAL [0.49068444] FAKE [0.49967389] 
398 epoch LOSS [-1.32639568] Parameters [1.39008255 1.60815575 3.07068209 2.39996431 1.72427379 1.53816507
 3.21069813 2.49495899] REAL [0.52934775] FAKE [0.49856735] 
399 epoch LOSS [-1.32849288] Parameters [1.39006625 1.60814987 3.07138646 2.40066132 1.72427759 1.53816141
 3.21185929 2.49554917] REAL [0.52957572] FAKE [0.49983326] 
