RUN 10_12_2021__23_53_50 
0 epoch LOSS [-2.45950183] Parameters [1.56210569 1.64045522 1.58778793 1.65981387 1.47518427 1.44127179
 1.54206613 1.39371468] REAL [0.09636534] FAKE [0.11298482] 
1 epoch LOSS [-2.17387867] Parameters [1.56210698 1.64045669 1.58780882 1.66010117 1.47518621 1.44127277
 1.54209239 1.39398758] REAL [0.13435456] FAKE [0.15346661] 
2 epoch LOSS [-1.9356935] Parameters [1.56210618 1.64045496 1.58781435 1.66043201 1.47518367 1.44127306
 1.54209314 1.39434478] REAL [0.1800324] FAKE [0.19834349] 
3 epoch LOSS [-1.76036059] Parameters [1.56210638 1.64045772 1.58782065 1.66076304 1.47518315 1.441273
 1.54210564 1.39464962] REAL [0.22760172] FAKE [0.24436935] 
4 epoch LOSS [-1.63795215] Parameters [1.56210751 1.64045798 1.5878419  1.66112925 1.47518202 1.44127021
 1.54212766 1.3949877 ] REAL [0.27298954] FAKE [0.28796652] 
5 epoch LOSS [-1.54734364] Parameters [1.56210646 1.64045688 1.58784695 1.66150213 1.47517854 1.4412693
 1.54213457 1.39536277] REAL [0.31623826] FAKE [0.32705002] 
6 epoch LOSS [-1.48632974] Parameters [1.56210918 1.64045688 1.58785473 1.66188671 1.475181   1.44126951
 1.54214572 1.39577403] REAL [0.35380272] FAKE [0.36065684] 
7 epoch LOSS [-1.44606425] Parameters [1.56210649 1.64045688 1.58785591 1.66228028 1.47517805 1.44126774
 1.54214747 1.39615878] REAL [0.38503653] FAKE [0.38838189] 
8 epoch LOSS [-1.41532812] Parameters [1.56210973 1.64045331 1.5878517  1.66261831 1.47517769 1.44126875
 1.54213757 1.39649689] REAL [0.41214492] FAKE [0.41077542] 
9 epoch LOSS [-1.39553601] Parameters [1.56211172 1.64045736 1.58784107 1.66295971 1.47517598 1.44126869
 1.5421294  1.39684392] REAL [0.43339695] FAKE [0.42846798] 
10 epoch LOSS [-1.37887347] Parameters [1.56211199 1.64045599 1.58781678 1.66323353 1.47517557 1.4412712
 1.54210292 1.39713282] REAL [0.45166539] FAKE [0.4423701] 
11 epoch LOSS [-1.36842107] Parameters [1.56210925 1.64045771 1.58780007 1.66350697 1.4751728  1.44126984
 1.54208372 1.39741341] REAL [0.46536567] FAKE [0.45309998] 
12 epoch LOSS [-1.35843725] Parameters [1.56211059 1.64045738 1.58774247 1.66372592 1.47517324 1.44126943
 1.54205874 1.39764517] REAL [0.47726926] FAKE [0.4613896] 
13 epoch LOSS [-1.34935812] Parameters [1.56211287 1.64045804 1.58770685 1.66395051 1.47517244 1.4412693
 1.54204548 1.3978765 ] REAL [0.48716818] FAKE [0.46752122] 
14 epoch LOSS [-1.34249978] Parameters [1.56211284 1.64045866 1.58765594 1.66412135 1.47517312 1.44127081
 1.54197729 1.39803533] REAL [0.49476164] FAKE [0.47208533] 
15 epoch LOSS [-1.33537606] Parameters [1.56211303 1.64045852 1.58760858 1.66426193 1.47517373 1.44127248
 1.54189447 1.39816928] REAL [0.50136997] FAKE [0.47531913] 
16 epoch LOSS [-1.32869066] Parameters [1.56211339 1.64045775 1.58753752 1.66438667 1.47517498 1.44127323
 1.54181631 1.39828161] REAL [0.50685431] FAKE [0.47751499] 
17 epoch LOSS [-1.32213481] Parameters [1.56211394 1.64045856 1.58748712 1.66446407 1.47517444 1.44127347
 1.54171681 1.39835998] REAL [0.5115656] FAKE [0.47892191] 
18 epoch LOSS [-1.31589216] Parameters [1.56211335 1.64045786 1.58729793 1.66452674 1.47517458 1.4412737
 1.54155136 1.39842041] REAL [0.51552784] FAKE [0.47968881] 
19 epoch LOSS [-1.310114] Parameters [1.56211351 1.64045807 1.58720746 1.6645565  1.4751745  1.4412738
 1.54146554 1.3984497 ] REAL [0.51874779] FAKE [0.47992203] 
20 epoch LOSS [-1.30382585] Parameters [1.56211345 1.6404577  1.58713234 1.66455735 1.47517388 1.44127402
 1.541427   1.39844957] REAL [0.52184384] FAKE [0.47974643] 
21 epoch LOSS [-1.2977053] Parameters [1.56211364 1.64045755 1.58705403 1.6645316  1.4751741  1.44127314
 1.54132792 1.39842327] REAL [0.52453209] FAKE [0.47923512] 
22 epoch LOSS [-1.29111641] Parameters [1.56211397 1.64045796 1.58697936 1.66448143 1.4751742  1.44127278
 1.54118664 1.39837014] REAL [0.52721028] FAKE [0.47845547] 
23 epoch LOSS [-1.28456379] Parameters [1.56211382 1.64045908 1.58680619 1.66440033 1.47517444 1.44127349
 1.54102654 1.39829185] REAL [0.52965875] FAKE [0.47745358] 
24 epoch LOSS [-1.27791945] Parameters [1.56211369 1.64045943 1.58671983 1.66429991 1.47517437 1.44127413
 1.54093368 1.39818943] REAL [0.53199455] FAKE [0.47627965] 
25 epoch LOSS [-1.27272157] Parameters [1.56211432 1.64045915 1.58651069 1.6641601  1.47517432 1.44127349
 1.54075997 1.3980468 ] REAL [0.53344251] FAKE [0.47497931] 
26 epoch LOSS [-1.26655827] Parameters [1.56211464 1.64045859 1.586371   1.66397557 1.47517437 1.44127386
 1.54061442 1.3978688 ] REAL [0.53525351] FAKE [0.47352081] 
27 epoch LOSS [-1.25790885] Parameters [1.5621131  1.64045815 1.58618736 1.66377466 1.47517371 1.44127266
 1.54044656 1.39766462] REAL [0.53830905] FAKE [0.47196167] 
28 epoch LOSS [-1.25226284] Parameters [1.56211335 1.64045894 1.58592659 1.66356367 1.47517339 1.44127394
 1.54020661 1.3974462 ] REAL [0.53972932] FAKE [0.4703693] 
29 epoch LOSS [-1.24578326] Parameters [1.56211346 1.64045954 1.58579493 1.66329541 1.47517305 1.44127421
 1.54007588 1.3971861 ] REAL [0.54140552] FAKE [0.46857678] 
30 epoch LOSS [-1.23777822] Parameters [1.56211275 1.64046143 1.58559268 1.66301081 1.47517198 1.44127637
 1.53981078 1.39690211] REAL [0.54391549] FAKE [0.46677767] 
31 epoch LOSS [-1.23099905] Parameters [1.56211309 1.64046392 1.58537563 1.66268782 1.47517272 1.44127626
 1.5395826  1.39656135] REAL [0.54574612] FAKE [0.46495138] 
32 epoch LOSS [-1.2241082] Parameters [1.56211299 1.640464   1.58520591 1.662333   1.47517156 1.4412753
 1.53936645 1.3962094 ] REAL [0.54751671] FAKE [0.46299394] 
33 epoch LOSS [-1.21792144] Parameters [1.56211327 1.64046651 1.58515983 1.66193843 1.47517168 1.44127633
 1.53943009 1.39584387] REAL [0.54889269] FAKE [0.46101585] 
34 epoch LOSS [-1.21057614] Parameters [1.56211245 1.64046926 1.58483348 1.66149025 1.47517086 1.44127854
 1.53912718 1.39544731] REAL [0.55080534] FAKE [0.45892768] 
35 epoch LOSS [-1.2019107] Parameters [1.56211127 1.64046972 1.58463229 1.66102761 1.47517068 1.44128004
 1.53894256 1.39490561] REAL [0.55346174] FAKE [0.4568382] 
36 epoch LOSS [-1.19469376] Parameters [1.56210967 1.64046879 1.58447303 1.66044843 1.47517248 1.44128163
 1.53871423 1.39436292] REAL [0.55519769] FAKE [0.45461469] 
37 epoch LOSS [-1.18712032] Parameters [1.5621069  1.64046896 1.58422167 1.65991379 1.4751746  1.44128255
 1.53847828 1.39380597] REAL [0.55722094] FAKE [0.45246389] 
38 epoch LOSS [-1.17981721] Parameters [1.56210584 1.64046984 1.58407358 1.65935018 1.47517344 1.44128276
 1.5383495  1.39322046] REAL [0.55892669] FAKE [0.45013377] 
39 epoch LOSS [-1.17207368] Parameters [1.56210298 1.64047388 1.58366277 1.65870607 1.47517381 1.44128229
 1.53786131 1.39266802] REAL [0.56087342] FAKE [0.4477827] 
40 epoch LOSS [-1.16202608] Parameters [1.56210227 1.64047567 1.58334327 1.65798725 1.47517689 1.44128445
 1.53756079 1.39198563] REAL [0.56414191] FAKE [0.44543798] 
41 epoch LOSS [-1.1570805] Parameters [1.56210178 1.64047583 1.58290203 1.65733008 1.47517849 1.44128219
 1.5372431  1.3912955 ] REAL [0.56435764] FAKE [0.4429016] 
42 epoch LOSS [-1.14646299] Parameters [1.56210202 1.64047603 1.5826158  1.65654035 1.4751763  1.44127979
 1.53676962 1.39057134] REAL [0.56785218] FAKE [0.44042005] 
43 epoch LOSS [-1.14016234] Parameters [1.56209753 1.64047836 1.58224701 1.65560962 1.47517382 1.44127955
 1.53658734 1.38965588] REAL [0.56887596] FAKE [0.43789661] 
44 epoch LOSS [-1.12901123] Parameters [1.56209704 1.6404762  1.58170125 1.65480292 1.47517373 1.4412718
 1.5361098  1.38882774] REAL [0.57248928] FAKE [0.435181] 
45 epoch LOSS [-1.12180923] Parameters [1.56209264 1.64048022 1.58142643 1.6539012  1.47516833 1.44126925
 1.53579161 1.38793553] REAL [0.57395827] FAKE [0.43255455] 
46 epoch LOSS [-1.11348314] Parameters [1.56210059 1.64047776 1.58075746 1.65297548 1.47516487 1.44126976
 1.53534523 1.38697548] REAL [0.57587005] FAKE [0.42970978] 
47 epoch LOSS [-1.10121239] Parameters [1.56209383 1.64048072 1.58054924 1.65180775 1.47516813 1.44126256
 1.53513781 1.38582869] REAL [0.58008153] FAKE [0.42686029] 
48 epoch LOSS [-1.09181046] Parameters [1.56209057 1.64047407 1.58001826 1.65070606 1.4751702  1.44126689
 1.53465553 1.38478874] REAL [0.58255481] FAKE [0.42390256] 
49 epoch LOSS [-1.08341265] Parameters [1.56208136 1.640475   1.5794953  1.64936914 1.47517021 1.44125816
 1.53425181 1.38349204] REAL [0.58442125] FAKE [0.4208996] 
50 epoch LOSS [-1.07005749] Parameters [1.56207465 1.64047245 1.57898089 1.64793358 1.47517593 1.44126116
 1.53373619 1.38216587] REAL [0.58933813] FAKE [0.41801017] 
51 epoch LOSS [-1.06335936] Parameters [1.5620757  1.64047503 1.5783173  1.64659924 1.47517682 1.44126451
 1.53314945 1.38084497] REAL [0.59022911] FAKE [0.41498329] 
52 epoch LOSS [-1.0516838] Parameters [1.56208033 1.64047002 1.57768756 1.64502805 1.47518032 1.44126254
 1.53255949 1.37936277] REAL [0.59416109] FAKE [0.4120298] 
53 epoch LOSS [-1.04170453] Parameters [1.56208543 1.64047204 1.57709831 1.64353849 1.47517041 1.44125536
 1.53204438 1.37794421] REAL [0.59667001] FAKE [0.40863003] 
54 epoch LOSS [-1.03269442] Parameters [1.56209461 1.64046812 1.57640719 1.64191279 1.47517371 1.44125611
 1.53114077 1.3763662 ] REAL [0.59893495] FAKE [0.40553422] 
55 epoch LOSS [-1.02100404] Parameters [1.56209341 1.64046347 1.57534133 1.64021616 1.47518126 1.44125346
 1.52996178 1.37466452] REAL [0.60285462] FAKE [0.40245449] 
56 epoch LOSS [-1.00932773] Parameters [1.56209096 1.64046107 1.57431555 1.63853018 1.47519034 1.44125164
 1.52881475 1.37290694] REAL [0.60665048] FAKE [0.39921927] 
57 epoch LOSS [-0.99892626] Parameters [1.56208735 1.6404655  1.57334646 1.63677825 1.47519748 1.4412601
 1.52771444 1.37124843] REAL [0.60934327] FAKE [0.39562037] 
58 epoch LOSS [-0.98841315] Parameters [1.56209151 1.64046639 1.57241459 1.6345937  1.47521039 1.44126354
 1.52663958 1.36918277] REAL [0.61242534] FAKE [0.39230667] 
59 epoch LOSS [-0.97874992] Parameters [1.56210886 1.64045801 1.57113176 1.63249143 1.47521005 1.44127213
 1.52537789 1.36704987] REAL [0.61495401] FAKE [0.388929] 
60 epoch LOSS [-0.9664656] Parameters [1.56211331 1.64046914 1.57002671 1.63037779 1.47520217 1.44126833
 1.52421856 1.36492046] REAL [0.61894367] FAKE [0.38536372] 
61 epoch LOSS [-0.95523872] Parameters [1.56211483 1.64047302 1.56862118 1.62793734 1.47520843 1.44127458
 1.52286026 1.36267611] REAL [0.62230589] FAKE [0.38178266] 
62 epoch LOSS [-0.94402415] Parameters [1.56213138 1.64048239 1.56696199 1.62549434 1.47521093 1.44127878
 1.52113258 1.3601296 ] REAL [0.62644148] FAKE [0.37893792] 
63 epoch LOSS [-0.93210057] Parameters [1.56214009 1.64047975 1.56552514 1.62310139 1.47520909 1.44127816
 1.51989032 1.35770866] REAL [0.62981008] FAKE [0.37484997] 
64 epoch LOSS [-0.92671071] Parameters [1.56213632 1.64047021 1.56371103 1.6204102  1.47520091 1.44126216
 1.51807525 1.35486925] REAL [0.63030133] FAKE [0.37196126] 
65 epoch LOSS [-0.91526814] Parameters [1.56213758 1.64048306 1.56147765 1.61756599 1.47520467 1.44126263
 1.5160784  1.35204924] REAL [0.63394474] FAKE [0.36838463] 
66 epoch LOSS [-0.90039572] Parameters [1.56213199 1.64050349 1.55927839 1.61422659 1.4751834  1.44128471
 1.51403817 1.34876258] REAL [0.6400752] FAKE [0.36506085] 
67 epoch LOSS [-0.89656034] Parameters [1.56214671 1.64052734 1.55664733 1.61092255 1.47519138 1.44129911
 1.51151699 1.34564443] REAL [0.63906631] FAKE [0.36161472] 
68 epoch LOSS [-0.87895508] Parameters [1.56213428 1.64055944 1.55431557 1.60766364 1.47517371 1.44130279
 1.5092514  1.34236489] REAL [0.64591356] FAKE [0.3571639] 
69 epoch LOSS [-0.86927267] Parameters [1.56215524 1.64055491 1.55111369 1.60380121 1.47517758 1.44126672
 1.50621867 1.3384833 ] REAL [0.64964351] FAKE [0.35463625] 
70 epoch LOSS [-0.85880623] Parameters [1.56213134 1.64053586 1.54810448 1.59998686 1.47519138 1.4412632
 1.50307914 1.3345626 ] REAL [0.6525781] FAKE [0.3507788] 
71 epoch LOSS [-0.84787716] Parameters [1.56211705 1.64054449 1.54441457 1.5960093  1.47520383 1.44126403
 1.49937107 1.33065757] REAL [0.65660766] FAKE [0.3476725] 
72 epoch LOSS [-0.83526663] Parameters [1.56210447 1.64053641 1.54079639 1.59195028 1.47517726 1.44127451
 1.49591201 1.32657067] REAL [0.66132075] FAKE [0.34410222] 
73 epoch LOSS [-0.83436829] Parameters [1.56211156 1.64054878 1.53725324 1.58762817 1.4751864  1.44128108
 1.49219728 1.32236019] REAL [0.65928211] FAKE [0.34148273] 
74 epoch LOSS [-0.81664779] Parameters [1.56207974 1.640547   1.53311733 1.58292333 1.47520762 1.44127295
 1.48779482 1.31764922] REAL [0.66750594] FAKE [0.33796762] 
75 epoch LOSS [-0.80925882] Parameters [1.56205423 1.64054179 1.52815696 1.57794489 1.47521623 1.44124202
 1.48298562 1.31261876] REAL [0.66881231] FAKE [0.33436048] 
76 epoch LOSS [-0.80168607] Parameters [1.56206963 1.64058474 1.52311948 1.57290021 1.47523367 1.44128292
 1.47768987 1.30744164] REAL [0.67110546] FAKE [0.33159238] 
77 epoch LOSS [-0.78958756] Parameters [1.56210591 1.64059079 1.51793579 1.56726476 1.47522408 1.44127875
 1.47261297 1.30189801] REAL [0.67417047] FAKE [0.32653233] 
78 epoch LOSS [-0.78224939] Parameters [1.56211208 1.64057813 1.51189112 1.56156076 1.47525511 1.44128337
 1.46667342 1.29613478] REAL [0.67688241] FAKE [0.32429027] 
79 epoch LOSS [-0.76483032] Parameters [1.56212971 1.64060973 1.50567085 1.55532146 1.47521618 1.44125784
 1.45980804 1.28983884] REAL [0.68541149] FAKE [0.32097301] 
80 epoch LOSS [-0.75837779] Parameters [1.56212573 1.64056516 1.498342   1.54874878 1.4751993  1.44125982
 1.45220576 1.28332579] REAL [0.68630964] FAKE [0.31747178] 
81 epoch LOSS [-0.74968243] Parameters [1.56218442 1.64058242 1.4909139  1.54218352 1.47520585 1.44123993
 1.444323   1.27667148] REAL [0.68836969] FAKE [0.31357148] 
82 epoch LOSS [-0.74151999] Parameters [1.56216262 1.64063147 1.48278164 1.53515913 1.4752089  1.44124088
 1.43606659 1.2693934 ] REAL [0.69233917] FAKE [0.31191347] 
83 epoch LOSS [-0.73014317] Parameters [1.56213942 1.64059193 1.47344984 1.52766937 1.47515268 1.44122196
 1.42679118 1.26179089] REAL [0.69690468] FAKE [0.30859985] 
84 epoch LOSS [-0.72666716] Parameters [1.562094   1.64052908 1.46329084 1.51981115 1.47512538 1.44123982
 1.41666757 1.25389714] REAL [0.69588846] FAKE [0.30517918] 
85 epoch LOSS [-0.71283634] Parameters [1.56212045 1.64047095 1.45183121 1.5114158  1.47517863 1.44124717
 1.40533074 1.2451897 ] REAL [0.70540828] FAKE [0.30501] 
86 epoch LOSS [-0.70424507] Parameters [1.56211477 1.64052914 1.43884056 1.50237837 1.47515997 1.44129392
 1.39221088 1.23617423] REAL [0.70732194] FAKE [0.30090994] 
87 epoch LOSS [-0.70219587] Parameters [1.56215253 1.64060176 1.42509729 1.49292937 1.47508477 1.44130308
 1.3781134  1.22664108] REAL [0.70605569] FAKE [0.29821957] 
88 epoch LOSS [-0.69095549] Parameters [1.56204709 1.6406923  1.4094245  1.48299082 1.4751525  1.44121106
 1.36281824 1.21650866] REAL [0.71070773] FAKE [0.29493232] 
89 epoch LOSS [-0.68582945] Parameters [1.5619956  1.64072425 1.39243213 1.47260242 1.4751832  1.44124506
 1.34601508 1.20614464] REAL [0.71386456] FAKE [0.29444279] 
90 epoch LOSS [-0.67718894] Parameters [1.56201767 1.64079681 1.37282939 1.4614633  1.47526098 1.44118383
 1.32628538 1.19491678] REAL [0.7165682] FAKE [0.2910052] 
91 epoch LOSS [-0.67748207] Parameters [1.56206467 1.64082004 1.35212989 1.44938529 1.47511942 1.44119732
 1.30526159 1.18288942] REAL [0.71883583] FAKE [0.29344892] 
92 epoch LOSS [-0.67414441] Parameters [1.56200855 1.64064998 1.32873041 1.43667521 1.47498164 1.44139999
 1.28124961 1.17047221] REAL [0.71823221] FAKE [0.29049097] 
93 epoch LOSS [-0.67472355] Parameters [1.56213064 1.64048242 1.302429   1.42260964 1.47498684 1.44125899
 1.25457007 1.15656543] REAL [0.72210788] FAKE [0.2947076] 
94 epoch LOSS [-0.67560107] Parameters [1.56192255 1.64046121 1.27263933 1.40831341 1.47511319 1.44111934
 1.22446409 1.14232409] REAL [0.71986478] FAKE [0.29313048] 
95 epoch LOSS [-0.67541947] Parameters [1.56187602 1.64041544 1.23799218 1.39254429 1.47529973 1.44111558
 1.18880032 1.12618343] REAL [0.72476865] FAKE [0.29778573] 
96 epoch LOSS [-0.68346218] Parameters [1.56193286 1.64063647 1.19883754 1.37545962 1.4752923  1.44100847
 1.14880123 1.10932316] REAL [0.71926106] FAKE [0.2980768] 
97 epoch LOSS [-0.68096047] Parameters [1.56227568 1.64048552 1.15251337 1.3571121  1.47544053 1.44097851
 1.10295312 1.09076534] REAL [0.72440561] FAKE [0.30131597] 
98 epoch LOSS [-0.71915276] Parameters [1.56235508 1.64076385 1.10263152 1.33735753 1.47527257 1.44102967
 1.05347725 1.07175394] REAL [0.71552261] FAKE [0.31914824] 
99 epoch LOSS [-0.73137284] Parameters [1.56251699 1.6405254  1.0455858  1.31620915 1.47529663 1.44113176
 0.99644388 1.05054112] REAL [0.71055949] FAKE [0.32271982] 
100 epoch LOSS [-0.76529215] Parameters [1.56266321 1.64056095 0.98358516 1.29436787 1.47498899 1.44146896
 0.93430839 1.02878674] REAL [0.70586746] FAKE [0.34095559] 
101 epoch LOSS [-0.8359441] Parameters [1.56326149 1.64066836 0.91657517 1.27165592 1.47532712 1.44168448
 0.86687842 1.00683965] REAL [0.69804693] FAKE [0.37903165] 
102 epoch LOSS [-0.88422437] Parameters [1.56373775 1.64063153 0.84635384 1.24981765 1.47483195 1.44192341
 0.79607217 0.98480827] REAL [0.68245149] FAKE [0.39477836] 
103 epoch LOSS [-0.94926855] Parameters [1.56389956 1.63992467 0.7739987  1.23049019 1.47540869 1.4425161
 0.72368366 0.96613632] REAL [0.67563783] FAKE [0.42717238] 
104 epoch LOSS [-1.02186521] Parameters [1.56385481 1.63929199 0.70254475 1.21515773 1.47551269 1.44291572
 0.65203681 0.94993717] REAL [0.64642094] FAKE [0.44320649] 
105 epoch LOSS [-1.07454677] Parameters [1.56349861 1.63938315 0.63360527 1.20329775 1.47652578 1.44269858
 0.58332443 0.93753166] REAL [0.62647275] FAKE [0.45496037] 
106 epoch LOSS [-1.14968266] Parameters [1.56240447 1.63986309 0.56931152 1.19428987 1.47581634 1.44242761
 0.51862914 0.92834906] REAL [0.61520918] FAKE [0.48515517] 
107 epoch LOSS [-1.17340653] Parameters [1.56196513 1.6394825  0.50976702 1.18815541 1.47584236 1.4430399
 0.45887223 0.92140533] REAL [0.58958263] FAKE [0.47537216] 
108 epoch LOSS [-1.25743239] Parameters [1.56179637 1.63944423 0.45583429 1.1830354  1.47570577 1.44327124
 0.40506159 0.91593008] REAL [0.57142638] FAKE [0.50232736] 
109 epoch LOSS [-1.25642627] Parameters [1.56155378 1.63942495 0.40777121 1.17917405 1.47587131 1.44366936
 0.35691599 0.91219419] REAL [0.56487823] FAKE [0.49605149] 
110 epoch LOSS [-1.29986252] Parameters [1.56124049 1.63937672 0.3646122  1.17637224 1.47577991 1.44382257
 0.31444789 0.90933414] REAL [0.54499143] FAKE [0.49986505] 
111 epoch LOSS [-1.31143375] Parameters [1.56140457 1.63941989 0.32660106 1.17377345 1.47543733 1.44380298
 0.27616529 0.90681144] REAL [0.53745693] FAKE [0.49868825] 
112 epoch LOSS [-1.32602738] Parameters [1.56160825 1.63962324 0.29285135 1.17127712 1.47547171 1.44369709
 0.24285475 0.90465385] REAL [0.52940794] FAKE [0.49843968] 
113 epoch LOSS [-1.32777316] Parameters [1.56140564 1.63969813 0.26227149 1.16930534 1.47532816 1.44365552
 0.2126024  0.90257484] REAL [0.52913707] FAKE [0.49905822] 
114 epoch LOSS [-1.35579337] Parameters [1.56146804 1.63961764 0.23622859 1.16713083 1.4754801  1.44356281
 0.18680315 0.90035404] REAL [0.51992948] FAKE [0.50427368] 
115 epoch LOSS [-1.35260564] Parameters [1.5614557  1.63958572 0.21304524 1.16501592 1.47549327 1.44357756
 0.16398031 0.89840079] REAL [0.51670688] FAKE [0.49958929] 
116 epoch LOSS [-1.35165165] Parameters [1.56140021 1.63948422 0.1923437  1.16281804 1.47554695 1.44366129
 0.14371336 0.89613984] REAL [0.5192534] FAKE [0.50156814] 
117 epoch LOSS [-1.36895208] Parameters [1.56146348 1.63951042 0.17464041 1.16042991 1.47551335 1.44373976
 0.12524552 0.8938211 ] REAL [0.50558551] FAKE [0.49687367] 
118 epoch LOSS [-1.36587968] Parameters [1.56140379 1.63950056 0.15890892 1.15781722 1.47541222 1.44368728
 0.10897295 0.8911255 ] REAL [0.50981168] FAKE [0.49950907] 
119 epoch LOSS [-1.3660676] Parameters [1.56146275 1.63943345 0.14467529 1.15503542 1.47539231 1.44367333
 0.09471392 0.88823575] REAL [0.50798864] FAKE [0.49780732] 
120 epoch LOSS [-1.37105316] Parameters [1.56153252 1.63940505 0.1319003  1.15191246 1.47534795 1.44361473
 0.08178247 0.88516692] REAL [0.50525693] FAKE [0.49760316] 
121 epoch LOSS [-1.37408956] Parameters [1.56164868 1.63934507 0.12125098 1.14856716 1.47544643 1.44368396
 0.0708209  0.88181338] REAL [0.50430855] FAKE [0.4981844] 
122 epoch LOSS [-1.35621672] Parameters [1.56171228 1.63934916 0.11110351 1.14486211 1.47548912 1.44370489
 0.0612357  0.87817899] REAL [0.51281225] FAKE [0.49760631] 
123 epoch LOSS [-1.37195474] Parameters [1.5617957  1.63932509 0.10205779 1.14095149 1.4755374  1.44366446
 0.05182874 0.87424365] REAL [0.50380703] FAKE [0.49661137] 
124 epoch LOSS [-1.35315693] Parameters [1.56174867 1.63933128 0.09355952 1.13670773 1.47548642 1.44368771
 0.04326738 0.87003055] REAL [0.51253209] FAKE [0.49579128] 
125 epoch LOSS [-1.37382788] Parameters [1.56176045 1.63933036 0.08663178 1.13219662 1.47549802 1.4437484
 0.03630685 0.86558306] REAL [0.50173993] FAKE [0.49548339] 
126 epoch LOSS [-1.35800021] Parameters [1.5616955  1.63928171 0.08026588 1.12743412 1.47550274 1.44372863
 0.02949826 0.86084165] REAL [0.51142548] FAKE [0.49714168] 
127 epoch LOSS [-1.35608424] Parameters [1.56170198 1.63930578 0.0746735  1.12239727 1.47556622 1.44374006
 0.02381706 0.85582113] REAL [0.51124544] FAKE [0.49599987] 
128 epoch LOSS [-1.37754336] Parameters [1.56170381 1.63933517 0.0694162  1.11711054 1.47556105 1.44370876
 0.01889032 0.85049767] REAL [0.50002917] FAKE [0.49563472] 
129 epoch LOSS [-1.36765323] Parameters [1.56169979 1.63940164 0.06495046 1.11152392 1.47553041 1.44364137
 0.01476205 0.84488731] REAL [0.50382775] FAKE [0.49446217] 
130 epoch LOSS [-1.36470451] Parameters [1.56173277 1.63939362 0.06105756 1.10565767 1.47553356 1.44366589
 0.01079575 0.83901748] REAL [0.50647825] FAKE [0.49562267] 
131 epoch LOSS [-1.36362607] Parameters [1.56176065 1.63935769 0.0573507  1.09952803 1.47556214 1.44362893
 0.00691599 0.8329386 ] REAL [0.50705177] FAKE [0.49564954] 
132 epoch LOSS [-1.35990993] Parameters [1.56170139 1.63939101 0.05378386 1.09312821 1.47558344 1.44363198
 0.00356911 0.82662233] REAL [0.5088613] FAKE [0.49557199] 
133 epoch LOSS [-1.35427406] Parameters [1.56166690e+00 1.63933956e+00 5.13488331e-02 1.08650947e+00
 1.47560690e+00 1.44359938e+00 8.56467813e-04 8.20016837e-01] REAL [0.51088642] FAKE [0.49473189] 
134 epoch LOSS [-1.37186351] Parameters [ 1.56164774  1.63933759  0.04894108  1.07957916  1.47567455  1.44363765
 -0.00201177  0.81308943] REAL [0.50254737] FAKE [0.49530355] 
135 epoch LOSS [-1.37545797] Parameters [ 1.56168433  1.63935445  0.04671386  1.07239971  1.4756414   1.44368027
 -0.00376771  0.80594047] REAL [0.49937137] FAKE [0.49391606] 
136 epoch LOSS [-1.37508388] Parameters [ 1.56168918  1.6393325   0.04472497  1.06503323  1.47567248  1.44370701
 -0.00561424  0.79855508] REAL [0.50153314] FAKE [0.4959089] 
137 epoch LOSS [-1.3628672] Parameters [ 1.56170146  1.63933943  0.04285743  1.05739737  1.47570559  1.44370001
 -0.00719515  0.79089077] REAL [0.50776052] FAKE [0.49597119] 
138 epoch LOSS [-1.38028637] Parameters [ 1.56173909  1.63933592  0.04090988  1.04953587  1.47562622  1.44371035
 -0.00921816  0.78301245] REAL [0.49929413] FAKE [0.49627583] 
139 epoch LOSS [-1.35689854] Parameters [ 1.5617329   1.63932812  0.03906897  1.04147098  1.47563192  1.44368471
 -0.01103518  0.77490135] REAL [0.51073233] FAKE [0.49590418] 
140 epoch LOSS [-1.35877681] Parameters [ 1.56169121  1.63924608  0.03801224  1.03318219  1.47564965  1.44369709
 -0.01234758  0.76662892] REAL [0.51004905] FAKE [0.49617608] 
141 epoch LOSS [-1.36628769] Parameters [ 1.5616181   1.63923384  0.03632926  1.02472605  1.47571711  1.44366037
 -0.01337973  0.75812797] REAL [0.50684376] FAKE [0.49678371] 
142 epoch LOSS [-1.36038497] Parameters [ 1.56160121  1.63929651  0.0355564   1.01608717  1.47559046  1.44360695
 -0.01387957  0.74944739] REAL [0.5102058] FAKE [0.49714019] 
143 epoch LOSS [-1.37580149] Parameters [ 1.56155272  1.63932369  0.03485518  1.00728179  1.47561434  1.44356091
 -0.01425258  0.74057781] REAL [0.50241711] FAKE [0.4971568] 
144 epoch LOSS [-1.37739977] Parameters [ 1.56154524  1.63927819  0.03355079  0.99825055  1.47557503  1.44350999
 -0.01568509  0.73160405] REAL [0.50148489] FAKE [0.49702659] 
145 epoch LOSS [-1.38323251] Parameters [ 1.56149564  1.63928155  0.03278143  0.9891113   1.47552314  1.44358142
 -0.01617102  0.72242973] REAL [0.49779404] FAKE [0.4962442] 
146 epoch LOSS [-1.36478012] Parameters [ 1.56148656  1.63925515  0.03221803  0.9798581   1.47549122  1.44363158
 -0.01701874  0.71318088] REAL [0.50928475] FAKE [0.49844005] 
147 epoch LOSS [-1.36536135] Parameters [ 1.56153937  1.63930315  0.03075792  0.97052443  1.47554436  1.44366299
 -0.01795288  0.70384869] REAL [0.50910621] FAKE [0.49855569] 
148 epoch LOSS [-1.37675008] Parameters [ 1.5615553   1.6392771   0.03024416  0.96109525  1.47559542  1.44367854
 -0.01842221  0.69446092] REAL [0.50354396] FAKE [0.49875778] 
149 epoch LOSS [-1.39162663] Parameters [ 1.5616111   1.63927218  0.02976648  0.95162964  1.4755481   1.44368394
 -0.01929981  0.68498229] REAL [0.49625677] FAKE [0.49890763] 
150 epoch LOSS [-1.36954383] Parameters [ 1.56149207  1.63920429  0.02909987  0.94205261  1.47554163  1.44364303
 -0.01986636  0.67543287] REAL [0.50724499] FAKE [0.49881633] 
151 epoch LOSS [-1.37230943] Parameters [ 1.56148089  1.63923965  0.02854285  0.9325619   1.47557016  1.44376234
 -0.02063986  0.66586941] REAL [0.50681239] FAKE [0.49977389] 
152 epoch LOSS [-1.39480485] Parameters [ 1.56145989  1.63926182  0.02847025  0.92308642  1.47558557  1.44372033
 -0.0207711   0.65630365] REAL [0.4966204] FAKE [0.50086343] 
153 epoch LOSS [-1.38174384] Parameters [ 1.56144633  1.63932722  0.02871138  0.9135627   1.47562042  1.44376224
 -0.02102684  0.646793  ] REAL [0.50360701] FAKE [0.50131706] 
154 epoch LOSS [-1.38463617] Parameters [ 1.56144559  1.63926208  0.02904042  0.90409153  1.4755351   1.44375322
 -0.0208568   0.63732794] REAL [0.50122407] FAKE [0.50039333] 
155 epoch LOSS [-1.38981997] Parameters [ 1.56137021  1.63923689  0.028849    0.89468768  1.47554691  1.44391254
 -0.02105867  0.62794233] REAL [0.4989828] FAKE [0.50074401] 
156 epoch LOSS [-1.40131886] Parameters [ 1.56139474  1.63927881  0.02866773  0.88537251  1.47549845  1.44395134
 -0.02109     0.61862843] REAL [0.49491751] FAKE [0.50239798] 
157 epoch LOSS [-1.39043085] Parameters [ 1.56147476  1.63922636  0.02868076  0.87619454  1.475477    1.44393307
 -0.02102784  0.60937499] REAL [0.50110059] FAKE [0.50315761] 
158 epoch LOSS [-1.38975298] Parameters [ 1.5615344   1.6391723   0.02833371  0.86718267  1.47551816  1.44387043
 -0.02148077  0.6003472 ] REAL [0.50094257] FAKE [0.50266387] 
159 epoch LOSS [-1.40343054] Parameters [ 1.5615354   1.63916084  0.02775028  0.85821967  1.47552563  1.44379121
 -0.02194753  0.5914393 ] REAL [0.49337069] FAKE [0.50189086] 
160 epoch LOSS [-1.40554216] Parameters [ 1.56152159  1.63925377  0.02751933  0.84944515  1.47560152  1.44383503
 -0.02183635  0.58263225] REAL [0.49284916] FAKE [0.50241558] 
161 epoch LOSS [-1.39505871] Parameters [ 1.56153808  1.63922211  0.02727753  0.84085719  1.47556617  1.44389431
 -0.02174048  0.57400714] REAL [0.49796595] FAKE [0.5023385] 
162 epoch LOSS [-1.3794103] Parameters [ 1.56154617  1.63913979  0.02682432  0.8325047   1.47556098  1.44390185
 -0.02188619  0.56561854] REAL [0.50435413] FAKE [0.50089246] 
163 epoch LOSS [-1.38747111] Parameters [ 1.56158851  1.63911269  0.02669128  0.82439074  1.47548726  1.44391208
 -0.02193819  0.55746603] REAL [0.50089879] FAKE [0.50148415] 
164 epoch LOSS [-1.39343877] Parameters [ 1.56151094  1.63907029  0.02652816  0.81654589  1.4754422   1.44392058
 -0.02201707  0.54958891] REAL [0.49717771] FAKE [0.50074137] 
165 epoch LOSS [-1.40861888] Parameters [ 1.56155161  1.63905122  0.02653834  0.8088674   1.47539224  1.44381025
 -0.02229846  0.54190452] REAL [0.49173158] FAKE [0.50281674] 
166 epoch LOSS [-1.40757611] Parameters [ 1.561577    1.63902104  0.0261927   0.80150287  1.47540101  1.44378726
 -0.02237677  0.5345109 ] REAL [0.49130204] FAKE [0.50186289] 
167 epoch LOSS [-1.39487517] Parameters [ 1.56157821  1.63908844  0.02599526  0.79447865  1.47542646  1.44376357
 -0.02251549  0.52747914] REAL [0.49785983] FAKE [0.50214105] 
168 epoch LOSS [-1.4092871] Parameters [ 1.56160556  1.63906175  0.02575217  0.787782    1.47538616  1.44376349
 -0.0224436   0.52072775] REAL [0.49181774] FAKE [0.5032359] 
169 epoch LOSS [-1.38629764] Parameters [ 1.56164775  1.63912885  0.02588684  0.781382    1.47532073  1.44373619
 -0.02201     0.51432492] REAL [0.50267316] FAKE [0.50266058] 
170 epoch LOSS [-1.39093981] Parameters [ 1.56164061  1.6391559   0.02608857  0.77529065  1.475347    1.44369751
 -0.02180779  0.50821043] REAL [0.50011652] FAKE [0.50243329] 
171 epoch LOSS [-1.40419863] Parameters [ 1.56165418  1.63917416  0.02585252  0.76950464  1.47534497  1.44367891
 -0.02217588  0.50236846] REAL [0.49343039] FAKE [0.50233352] 
172 epoch LOSS [-1.40060359] Parameters [ 1.56167608  1.63917932  0.02541402  0.76406189  1.47533313  1.44368558
 -0.02256727  0.4969771 ] REAL [0.49587142] FAKE [0.50299986] 
173 epoch LOSS [-1.38690719] Parameters [ 1.56167562  1.63919966  0.02556814  0.7589843   1.47528103  1.44365638
 -0.02273545  0.49194042] REAL [0.5016281] FAKE [0.50192814] 
174 epoch LOSS [-1.39601589] Parameters [ 1.56167413  1.63924268  0.02551436  0.75428333  1.47527291  1.4436461
 -0.0225432   0.48719898] REAL [0.49706088] FAKE [0.50190932] 
175 epoch LOSS [-1.38516628] Parameters [ 1.56166254  1.63923763  0.02505435  0.74990627  1.47529836  1.44361476
 -0.0227785   0.48279465] REAL [0.50180922] FAKE [0.50124037] 
176 epoch LOSS [-1.38424924] Parameters [ 1.56168358  1.63924169  0.02511354  0.74591579  1.4752892   1.44362821
 -0.02282184  0.47881043] REAL [0.50164761] FAKE [0.50062195] 
177 epoch LOSS [-1.39402352] Parameters [ 1.5616833   1.63925291  0.02502219  0.74229059  1.47526378  1.44361898
 -0.02256398  0.47519531] REAL [0.49676759] FAKE [0.50062129] 
178 epoch LOSS [-1.3867328] Parameters [ 1.56168961  1.6392726   0.02510259  0.73899429  1.47526232  1.44361333
 -0.02287601  0.47192448] REAL [0.49981696] FAKE [0.50003614] 
179 epoch LOSS [-1.38546734] Parameters [ 1.56168277  1.63927416  0.0250622   0.73618626  1.47526096  1.44360537
 -0.02290771  0.46909717] REAL [0.50068647] FAKE [0.50027241] 
180 epoch LOSS [-1.38797929] Parameters [ 1.56169939  1.63927675  0.02490175  0.73370754  1.47524887  1.44359574
 -0.02254233  0.46666507] REAL [0.49922522] FAKE [0.50006708] 
181 epoch LOSS [-1.37833836] Parameters [ 1.5617126   1.63928977  0.02425517  0.73167266  1.47525382  1.44358838
 -0.02312785  0.46463154] REAL [0.50365505] FAKE [0.49966365] 
182 epoch LOSS [-1.40379073] Parameters [ 1.56171108  1.639284    0.02410407  0.73000072  1.47526     1.44358236
 -0.02336551  0.46298094] REAL [0.49079632] FAKE [0.49945845] 
183 epoch LOSS [-1.38908005] Parameters [ 1.56171436  1.63928832  0.02368363  0.72869355  1.47525823  1.4435801
 -0.02385149  0.4616644 ] REAL [0.49775436] FAKE [0.49914141] 
184 epoch LOSS [-1.37505953] Parameters [ 1.56171035  1.63928138  0.02352697  0.72776127  1.4752608   1.44357764
 -0.02382095  0.46074957] REAL [0.50417953] FAKE [0.49854262] 
185 epoch LOSS [-1.39690603] Parameters [ 1.56171747  1.63928159  0.02346531  0.72720133  1.47526872  1.4435788
 -0.02350922  0.46023331] REAL [0.49345689] FAKE [0.4987179] 
186 epoch LOSS [-1.38136996] Parameters [ 1.56172418  1.63928657  0.02377789  0.72697986  1.47527258  1.44357685
 -0.02343271  0.45999672] REAL [0.50088191] FAKE [0.49841644] 
187 epoch LOSS [-1.37598222] Parameters [ 1.56172787  1.63928788  0.02355066  0.72714309  1.47527321  1.44357184
 -0.02367707  0.46018972] REAL [0.50329269] FAKE [0.49812231] 
188 epoch LOSS [-1.36975508] Parameters [ 1.56172979  1.63929498  0.02349103  0.727686    1.4752734   1.4435766
 -0.02401589  0.46076371] REAL [0.5063114] FAKE [0.49799827] 
189 epoch LOSS [-1.3685218] Parameters [ 1.56173168  1.63930314  0.0234294   0.72863213  1.47525802  1.44356703
 -0.02440999  0.46172074] REAL [0.50651855] FAKE [0.49758433] 
190 epoch LOSS [-1.39356567] Parameters [ 1.56172651  1.63930969  0.0238427   0.72991258  1.47527005  1.44357232
 -0.02417664  0.4630155 ] REAL [0.49374512] FAKE [0.49733423] 
191 epoch LOSS [-1.376496] Parameters [ 1.56170891  1.63930651  0.02356821  0.73157587  1.47526249  1.44357347
 -0.02430051  0.46464049] REAL [0.50146979] FAKE [0.49655666] 
192 epoch LOSS [-1.3780712] Parameters [ 1.5617154   1.63931602  0.02327624  0.73360134  1.47526512  1.44353792
 -0.0247542   0.4666516 ] REAL [0.50088295] FAKE [0.49676014] 
193 epoch LOSS [-1.36593101] Parameters [ 1.56172456  1.63930167  0.02352108  0.73595172  1.47524868  1.44353864
 -0.02492132  0.46902427] REAL [0.50683879] FAKE [0.49659925] 
194 epoch LOSS [-1.37928821] Parameters [ 1.56173982  1.63929622  0.02350638  0.73867689  1.47526369  1.44351833
 -0.02498435  0.47176876] REAL [0.49968181] FAKE [0.49616399] 
195 epoch LOSS [-1.37467692] Parameters [ 1.56172164  1.63930931  0.02366215  0.74171824  1.47525303  1.44350781
 -0.02481765  0.4748312 ] REAL [0.50168919] FAKE [0.49586058] 
196 epoch LOSS [-1.38196971] Parameters [ 1.56170676  1.63931289  0.02374207  0.74511105  1.47523269  1.44351446
 -0.02495678  0.47820963] REAL [0.49766068] FAKE [0.49547249] 
197 epoch LOSS [-1.3783437] Parameters [ 1.5617083   1.63926212  0.02410674  0.74882784  1.47520406  1.44350775
 -0.02468785  0.48191878] REAL [0.50105738] FAKE [0.49707239] 
198 epoch LOSS [-1.37779174] Parameters [ 1.5616829   1.63922457  0.02386721  0.75284903  1.4752433   1.44353071
 -0.02471734  0.48594616] REAL [0.50067865] FAKE [0.49641408] 
199 epoch LOSS [-1.37861394] Parameters [ 1.56167826  1.63925381  0.02394824  0.75718175  1.47525935  1.44352666
 -0.02456152  0.49028433] REAL [0.50029289] FAKE [0.49643998] 
200 epoch LOSS [-1.36049503] Parameters [ 1.56169436  1.63927468  0.02405673  0.76182514  1.47523616  1.44353076
 -0.02461178  0.49493279] REAL [0.5088942] FAKE [0.49589963] 
201 epoch LOSS [-1.3868103] Parameters [ 1.56172744  1.63926473  0.02380085  0.76674351  1.47525987  1.44354824
 -0.02490701  0.49984812] REAL [0.49588555] FAKE [0.49611145] 
202 epoch LOSS [-1.35987936] Parameters [ 1.56172351  1.63928263  0.02366348  0.77197525  1.47527875  1.44349885
 -0.0249876   0.50505702] REAL [0.50841178] FAKE [0.49511056] 
203 epoch LOSS [-1.38651312] Parameters [ 1.56170234  1.63928884  0.02369176  0.77742033  1.47523155  1.44352772
 -0.02551494  0.51054745] REAL [0.49519347] FAKE [0.49525725] 
204 epoch LOSS [-1.35845769] Parameters [ 1.56170383  1.63929691  0.02412996  0.78317465  1.47521596  1.44354676
 -0.02481338  0.51632724] REAL [0.50865613] FAKE [0.49463514] 
205 epoch LOSS [-1.37837885] Parameters [ 1.56168835  1.63931007  0.02398608  0.78912498  1.47515231  1.44354726
 -0.02477869  0.52229187] REAL [0.49908119] FAKE [0.49509872] 
206 epoch LOSS [-1.39029778] Parameters [ 1.56169668  1.63928018  0.02399635  0.79532108  1.47514258  1.44354382
 -0.02472521  0.52850132] REAL [0.49455542] FAKE [0.49651519] 
207 epoch LOSS [-1.38307779] Parameters [ 1.56174312  1.63930139  0.02387382  0.80174222  1.47512134  1.44349005
 -0.02458637  0.53489641] REAL [0.49759207] FAKE [0.49596175] 
208 epoch LOSS [-1.37643401] Parameters [ 1.56172967  1.63929173  0.02432969  0.80840874  1.47518529  1.44351684
 -0.02429126  0.54155093] REAL [0.50199413] FAKE [0.49705133] 
209 epoch LOSS [-1.35950759] Parameters [ 1.56170526  1.63933898  0.02467638  0.81524263  1.47515868  1.44347795
 -0.02417001  0.54837791] REAL [0.50895499] FAKE [0.49546189] 
210 epoch LOSS [-1.36558908] Parameters [ 1.56165643  1.63929609  0.02452365  0.82221213  1.4751493   1.4435056
 -0.02462415  0.55536154] REAL [0.50658415] FAKE [0.49617397] 
211 epoch LOSS [-1.38509749] Parameters [ 1.56162069  1.63928896  0.02436868  0.82931679  1.47518138  1.44355227
 -0.0243053   0.56242181] REAL [0.49694364] FAKE [0.49632236] 
212 epoch LOSS [-1.38044591] Parameters [ 1.56159176  1.63932884  0.02492218  0.83661214  1.47515046  1.44355835
 -0.02420194  0.56971158] REAL [0.49960765] FAKE [0.49667225] 
213 epoch LOSS [-1.37191713] Parameters [ 1.56164964  1.63932191  0.02420037  0.84397716  1.47517711  1.44355402
 -0.02459006  0.57699731] REAL [0.50455321] FAKE [0.49733692] 
214 epoch LOSS [-1.38539691] Parameters [ 1.56166516  1.63934661  0.02395617  0.85143028  1.47516528  1.4435209
 -0.02460863  0.58439325] REAL [0.49862807] FAKE [0.49817414] 
215 epoch LOSS [-1.37682043] Parameters [ 1.56167507  1.63940426  0.02348671  0.85894603  1.47517483  1.44356182
 -0.02490055  0.59190073] REAL [0.50218609] FAKE [0.49743782] 
216 epoch LOSS [-1.36079727] Parameters [ 1.56165957  1.63943068  0.0232127   0.86649339  1.47518521  1.44352751
 -0.02466064  0.59947178] REAL [0.50984656] FAKE [0.4969933] 
217 epoch LOSS [-1.36584933] Parameters [ 1.56167701  1.63941869  0.02344163  0.87412164  1.47515263  1.44361855
 -0.02446687  0.60713863] REAL [0.50875412] FAKE [0.49845346] 
218 epoch LOSS [-1.39517767] Parameters [ 1.56173608  1.63940337  0.0235911   0.88178508  1.47515699  1.44366293
 -0.02427065  0.61475009] REAL [0.49449843] FAKE [0.49890841] 
219 epoch LOSS [-1.36649622] Parameters [ 1.5617929   1.63939147  0.02368398  0.88940981  1.47514569  1.44369634
 -0.02360461  0.62243356] REAL [0.50895957] FAKE [0.49898013] 
220 epoch LOSS [-1.37414853] Parameters [ 1.56179514  1.63940256  0.02335384  0.89702747  1.47515436  1.44363663
 -0.02414128  0.63005365] REAL [0.50499266] FAKE [0.49889376] 
221 epoch LOSS [-1.37243775] Parameters [ 1.56185211  1.63940373  0.02292791  0.90461625  1.47516305  1.44359196
 -0.02405491  0.63770772] REAL [0.505517] FAKE [0.4985564] 
222 epoch LOSS [-1.38793423] Parameters [ 1.56182056  1.63943661  0.02293575  0.91216072  1.4751286   1.44356527
 -0.02433286  0.64522822] REAL [0.49899305] FAKE [0.49981194] 
223 epoch LOSS [-1.37432439] Parameters [ 1.56183753  1.63940665  0.02311053  0.91960735  1.47510741  1.44354888
 -0.02400281  0.6526976 ] REAL [0.50608258] FAKE [0.50006088] 
224 epoch LOSS [-1.39261411] Parameters [ 1.56186261  1.63933717  0.0230993   0.92704508  1.47509151  1.44346432
 -0.02412306  0.6600987 ] REAL [0.49769904] FAKE [0.50085288] 
225 epoch LOSS [-1.38603683] Parameters [ 1.56179477  1.63932425  0.02334655  0.93431896  1.47512446  1.44346328
 -0.02387876  0.66736941] REAL [0.49993418] FAKE [0.49980537] 
226 epoch LOSS [-1.38195345] Parameters [ 1.5617832   1.63936187  0.02326839  0.94153572  1.47510442  1.44342712
 -0.02445922  0.67457503] REAL [0.50170468] FAKE [0.49953111] 
227 epoch LOSS [-1.37989792] Parameters [ 1.56178361  1.63929019  0.02334016  0.94855351  1.47514556  1.44342925
 -0.02431131  0.6816665 ] REAL [0.50457754] FAKE [0.50135664] 
228 epoch LOSS [-1.37333626] Parameters [ 1.56181985  1.6391879   0.02345971  0.95547989  1.47516915  1.44342534
 -0.0243753   0.68864989] REAL [0.5076432] FAKE [0.5011051] 
229 epoch LOSS [-1.38046323] Parameters [ 1.56181664  1.63922664  0.02406371  0.96229476  1.47513877  1.44337533
 -0.02410419  0.69541484] REAL [0.50357585] FAKE [0.50064714] 
230 epoch LOSS [-1.3788471] Parameters [ 1.56183044  1.63916679  0.02392688  0.96889479  1.47515566  1.44331527
 -0.02452515  0.70203026] REAL [0.50423689] FAKE [0.50049516] 
231 epoch LOSS [-1.40442658] Parameters [ 1.56181192  1.63913362  0.0240816   0.97530767  1.4751844   1.44328838
 -0.02363118  0.70848605] REAL [0.49318043] FAKE [0.50219478] 
232 epoch LOSS [-1.40131006] Parameters [ 1.56183852  1.63914114  0.02461202  0.98156988  1.47514499  1.44335414
 -0.02370117  0.71474596] REAL [0.49479786] FAKE [0.50227327] 
233 epoch LOSS [-1.38799906] Parameters [ 1.56185146  1.63915013  0.02414518  0.98770574  1.47518378  1.44337621
 -0.02338814  0.72083168] REAL [0.50034047] FAKE [0.50119128] 
234 epoch LOSS [-1.40461644] Parameters [ 1.56184993  1.63914464  0.02447047  0.99358581  1.47520737  1.44340921
 -0.02328363  0.72672288] REAL [0.49305359] FAKE [0.50216124] 
235 epoch LOSS [-1.39824084] Parameters [ 1.56180329  1.63916124  0.02417408  0.99920303  1.47516422  1.44340843
 -0.02371503  0.73242462] REAL [0.49687721] FAKE [0.5028326] 
236 epoch LOSS [-1.3885132] Parameters [ 1.56181371  1.63913711  0.02464927  1.00468107  1.47514756  1.44344318
 -0.02344727  0.73783505] REAL [0.50017237] FAKE [0.50128011] 
237 epoch LOSS [-1.40469861] Parameters [ 1.56183662  1.63914296  0.02430305  1.0099187   1.47513151  1.44344765
 -0.02391768  0.74304024] REAL [0.49291348] FAKE [0.50206065] 
238 epoch LOSS [-1.39160786] Parameters [ 1.56183613  1.63915401  0.02406248  1.01495758  1.47512045  1.44345453
 -0.02408742  0.74805671] REAL [0.498926] FAKE [0.50157909] 
239 epoch LOSS [-1.40541854] Parameters [ 1.56187067  1.63915012  0.02352341  1.01969738  1.4751124   1.44347805
 -0.02456163  0.75277742] REAL [0.49298304] FAKE [0.50248921] 
240 epoch LOSS [-1.39957031] Parameters [ 1.56189023  1.6391436   0.02341732  1.02421523  1.47509318  1.44348375
 -0.02427983  0.75730014] REAL [0.49485783] FAKE [0.50146703] 
241 epoch LOSS [-1.39050614] Parameters [ 1.56187826  1.63914954  0.02323396  1.02856938  1.47506461  1.44348532
 -0.02462449  0.76161872] REAL [0.49963321] FAKE [0.50173594] 
242 epoch LOSS [-1.40062311] Parameters [ 1.56185865  1.63915143  0.02361602  1.03258705  1.47505182  1.44349081
 -0.02492209  0.76563731] REAL [0.49435237] FAKE [0.50148241] 
243 epoch LOSS [-1.38260579] Parameters [ 1.56184868  1.63916948  0.02353291  1.03634253  1.4750367   1.4434989
 -0.025008    0.76945237] REAL [0.50397895] FAKE [0.50211443] 
244 epoch LOSS [-1.38346931] Parameters [ 1.56185353  1.6391554   0.02374002  1.03991073  1.47504185  1.44349412
 -0.02470301  0.77297317] REAL [0.50355177] FAKE [0.50212217] 
245 epoch LOSS [-1.40388054] Parameters [ 1.56183001  1.63916701  0.02334897  1.04322151  1.47503591  1.44349555
 -0.02524464  0.77628023] REAL [0.49251767] FAKE [0.50125264] 
246 epoch LOSS [-1.398652] Parameters [ 1.5618471   1.63913985  0.02301778  1.04623437  1.47504533  1.44348223
 -0.02525003  0.77938525] REAL [0.49569307] FAKE [0.5018498] 
247 epoch LOSS [-1.39064991] Parameters [ 1.56185422  1.63914604  0.02265664  1.04909862  1.47503119  1.44348591
 -0.02509162  0.78227923] REAL [0.49937954] FAKE [0.50155451] 
248 epoch LOSS [-1.37577026] Parameters [ 1.56185456  1.63914778  0.02343234  1.05178081  1.47502276  1.44346722
 -0.02450006  0.78498759] REAL [0.50662805] FAKE [0.50132071] 
249 epoch LOSS [-1.39078621] Parameters [ 1.56188011  1.63913853  0.02353645  1.05419001  1.47503167  1.44346233
 -0.02473578  0.78738304] REAL [0.49887327] FAKE [0.50111668] 
250 epoch LOSS [-1.38813362] Parameters [ 1.56188031  1.63914316  0.02390478  1.05623435  1.47503919  1.44346648
 -0.0246777   0.78948545] REAL [0.50025031] FAKE [0.50116851] 
251 epoch LOSS [-1.40392521] Parameters [ 1.56188905  1.63913948  0.02431071  1.05808022  1.4750492   1.4434666
 -0.02419979  0.79130622] REAL [0.49229168] FAKE [0.50104597] 
252 epoch LOSS [-1.39101432] Parameters [ 1.56189314  1.63914032  0.02433756  1.05970795  1.47505236  1.44346377
 -0.02424765  0.79291423] REAL [0.49889511] FAKE [0.5012523] 
253 epoch LOSS [-1.39719621] Parameters [ 1.56189309  1.63914059  0.02471717  1.0611021   1.47504765  1.44346839
 -0.02387727  0.79429415] REAL [0.49575957] FAKE [0.50119099] 
254 epoch LOSS [-1.3897929] Parameters [ 1.56189339  1.63914783  0.02482105  1.0622002   1.47505004  1.4434543
 -0.02394338  0.79535617] REAL [0.49929889] FAKE [0.50104657] 
255 epoch LOSS [-1.38894519] Parameters [ 1.56190269  1.63914047  0.02431175  1.06307205  1.47505079  1.44344776
 -0.02384209  0.7962178 ] REAL [0.49938249] FAKE [0.50070702] 
256 epoch LOSS [-1.38299811] Parameters [ 1.56189828  1.63913985  0.02463824  1.06376863  1.47505361  1.44344807
 -0.02398384  0.7968761 ] REAL [0.50202153] FAKE [0.50036919] 
257 epoch LOSS [-1.38317673] Parameters [ 1.56190434  1.63913499  0.02458727  1.06417132  1.47504932  1.44344646
 -0.02392514  0.79730333] REAL [0.50194193] FAKE [0.50037921] 
258 epoch LOSS [-1.39337344] Parameters [ 1.5618991   1.63913365  0.023992    1.06435636  1.47504652  1.44344097
 -0.02459421  0.79752395] REAL [0.49643054] FAKE [0.49995727] 
259 epoch LOSS [-1.37769228] Parameters [ 1.56190493  1.63914266  0.02448353  1.06430469  1.47504875  1.44343865
 -0.02408904  0.79747367] REAL [0.50443517] FAKE [0.50011457] 
260 epoch LOSS [-1.37119406] Parameters [ 1.56188915  1.63915712  0.02435837  1.06404218  1.47504305  1.44344808
 -0.02364158  0.79720981] REAL [0.5069321] FAKE [0.49933389] 
261 epoch LOSS [-1.38009017] Parameters [ 1.56191358  1.63915499  0.02432088  1.06349404  1.47504962  1.44344698
 -0.02352403  0.7966747 ] REAL [0.50250384] FAKE [0.49939513] 
262 epoch LOSS [-1.36889782] Parameters [ 1.56192354  1.63915743  0.02375372  1.06276888  1.47504303  1.44345259
 -0.02366695  0.79596433] REAL [0.50793205] FAKE [0.49917083] 
263 epoch LOSS [-1.37613184] Parameters [ 1.56194593  1.63915514  0.02420391  1.06178742  1.4750478   1.44344862
 -0.02327986  0.79496892] REAL [0.50457453] FAKE [0.49947219] 
264 epoch LOSS [-1.39639938] Parameters [ 1.56195064  1.63914892  0.02429069  1.06056986  1.47506043  1.44343994
 -0.02359602  0.79374064] REAL [0.49409436] FAKE [0.49911092] 
265 epoch LOSS [-1.37646493] Parameters [ 1.56194528  1.63915336  0.02456184  1.05916307  1.47506255  1.44342878
 -0.02334351  0.7923277 ] REAL [0.50400945] FAKE [0.49907789] 
266 epoch LOSS [-1.3799339] Parameters [ 1.56196864  1.63914724  0.02509459  1.05745415  1.47504958  1.44341895
 -0.02297811  0.79066662] REAL [0.50216767] FAKE [0.49898171] 
267 epoch LOSS [-1.38858373] Parameters [ 1.56199364  1.63915361  0.024711    1.05559865  1.47502612  1.44340029
 -0.02318759  0.78883477] REAL [0.49783873] FAKE [0.49897768] 
268 epoch LOSS [-1.39178081] Parameters [ 1.5619842   1.63914057  0.02419301  1.05357772  1.4750197   1.44341832
 -0.02367176  0.7868045 ] REAL [0.49574854] FAKE [0.49847125] 
269 epoch LOSS [-1.3753986] Parameters [ 1.56198062  1.63917914  0.02414952  1.05130302  1.47501984  1.4434082
 -0.02342771  0.78451849] REAL [0.50355352] FAKE [0.49808943] 
270 epoch LOSS [-1.38571526] Parameters [ 1.56198764  1.63918953  0.02433419  1.04883091  1.47500336  1.44344231
 -0.02325463  0.78203384] REAL [0.49874521] FAKE [0.49845168] 
271 epoch LOSS [-1.38726186] Parameters [ 1.56200683  1.63918025  0.02434811  1.04621136  1.47495969  1.4434323
 -0.02322211  0.77938808] REAL [0.49875971] FAKE [0.49924134] 
272 epoch LOSS [-1.36718865] Parameters [ 1.56198267  1.63916092  0.02398601  1.04333078  1.47496041  1.44339643
 -0.0236223   0.77649805] REAL [0.50794342] FAKE [0.49832533] 
273 epoch LOSS [-1.37489789] Parameters [ 1.56199336  1.6391707   0.02390189  1.04031923  1.4749732   1.44338246
 -0.0237145   0.77348108] REAL [0.50411394] FAKE [0.4983963] 
274 epoch LOSS [-1.39198534] Parameters [ 1.5620003   1.63918841  0.02457997  1.03713579  1.47498519  1.4433468
 -0.02372034  0.77022857] REAL [0.49574447] FAKE [0.4985697] 
275 epoch LOSS [-1.36710955] Parameters [ 1.56201585  1.63916342  0.02473052  1.03377599  1.47501993  1.44333185
 -0.02347615  0.76686299] REAL [0.50839047] FAKE [0.49872682] 
276 epoch LOSS [-1.3657983] Parameters [ 1.5620137   1.63916515  0.02449382  1.03020455  1.47502553  1.44330655
 -0.02388835  0.76329511] REAL [0.50802799] FAKE [0.49771096] 
277 epoch LOSS [-1.37351248] Parameters [ 1.56199942  1.63918034  0.02394154  1.02653576  1.47504666  1.44331437
 -0.02401718  0.75960724] REAL [0.50468999] FAKE [0.49827422] 
278 epoch LOSS [-1.39142709] Parameters [ 1.56199392  1.63922958  0.02371867  1.02261834  1.475062    1.44329898
 -0.02412397  0.75573778] REAL [0.49509688] FAKE [0.49763346] 
279 epoch LOSS [-1.38200356] Parameters [ 1.56198509  1.63919135  0.02360864  1.01857132  1.47504861  1.44328858
 -0.02439664  0.75170388] REAL [0.49968537] FAKE [0.49753381] 
280 epoch LOSS [-1.36563227] Parameters [ 1.56195831  1.63919961  0.02351035  1.01435491  1.47504758  1.44327729
 -0.02466252  0.74752448] REAL [0.50837624] FAKE [0.4979717] 
281 epoch LOSS [-1.37764948] Parameters [ 1.56197028  1.63917984  0.02338869  1.01003876  1.47498361  1.44328977
 -0.02423715  0.74319616] REAL [0.50227458] FAKE [0.49794277] 
282 epoch LOSS [-1.38860281] Parameters [ 1.56196962  1.63916377  0.02351776  1.00559641  1.47501011  1.44331591
 -0.02402603  0.73871223] REAL [0.49787544] FAKE [0.49902419] 
283 epoch LOSS [-1.38856142] Parameters [ 1.56196182  1.63911081  0.02358207  1.0010068   1.47496078  1.44331717
 -0.02389152  0.73414784] REAL [0.49731271] FAKE [0.49843655] 
284 epoch LOSS [-1.39127839] Parameters [ 1.56193517  1.63909375  0.02405006  0.99628599  1.47496942  1.44330373
 -0.02337136  0.729429  ] REAL [0.49628491] FAKE [0.49876153] 
285 epoch LOSS [-1.3926317] Parameters [ 1.56194428  1.63906394  0.02408226  0.99146924  1.47494477  1.44329546
 -0.02366379  0.72460995] REAL [0.49563089] FAKE [0.49877887] 
286 epoch LOSS [-1.37570563] Parameters [ 1.56195238  1.63904842  0.02385104  0.98653101  1.47499138  1.44330298
 -0.02427936  0.71965256] REAL [0.50332827] FAKE [0.49801896] 
287 epoch LOSS [-1.38280014] Parameters [ 1.56196283  1.63908561  0.02414243  0.98150645  1.47495966  1.44328659
 -0.02388888  0.71462861] REAL [0.50089963] FAKE [0.49915099] 
288 epoch LOSS [-1.36615702] Parameters [ 1.56196325  1.6390655   0.02433815  0.97644215  1.47499149  1.44330372
 -0.02364873  0.70951089] REAL [0.50869547] FAKE [0.49854996] 
289 epoch LOSS [-1.37211675] Parameters [ 1.56193469  1.63905051  0.02417552  0.97130921  1.47500456  1.44332515
 -0.02382209  0.70434328] REAL [0.50627381] FAKE [0.49914524] 
290 epoch LOSS [-1.38097893] Parameters [ 1.56193852  1.63902661  0.02424548  0.96610659  1.4750028   1.4432914
 -0.02364427  0.69910253] REAL [0.50172711] FAKE [0.49906554] 
291 epoch LOSS [-1.36779443] Parameters [ 1.56195375  1.63900535  0.024159    0.96083066  1.47500513  1.44329048
 -0.02377468  0.6938186 ] REAL [0.50801467] FAKE [0.49869946] 
292 epoch LOSS [-1.38301884] Parameters [ 1.56192754  1.63898301  0.02361684  0.95542982  1.47508419  1.44335207
 -0.02410003  0.68853944] REAL [0.5010784] FAKE [0.49943917] 
293 epoch LOSS [-1.38802213] Parameters [ 1.56190446  1.63896938  0.02413344  0.95007678  1.47507322  1.44340662
 -0.02387359  0.68315242] REAL [0.49859289] FAKE [0.4994545] 
294 epoch LOSS [-1.39346994] Parameters [ 1.56192002  1.63899796  0.02368478  0.94466894  1.47503988  1.44343082
 -0.02461292  0.67771847] REAL [0.49517966] FAKE [0.49874248] 
295 epoch LOSS [-1.38088909] Parameters [ 1.56191765  1.63899672  0.02416915  0.93920892  1.47502954  1.44347248
 -0.02440013  0.67223333] REAL [0.50143987] FAKE [0.49873357] 
296 epoch LOSS [-1.39357103] Parameters [ 1.56191048  1.6390168   0.02418882  0.93376065  1.47501368  1.44342857
 -0.02448083  0.66675861] REAL [0.49580548] FAKE [0.4994258] 
297 epoch LOSS [-1.39495756] Parameters [ 1.56187854  1.63899581  0.02448838  0.92831668  1.47499698  1.44343968
 -0.02448416  0.66129549] REAL [0.49619809] FAKE [0.5005149] 
298 epoch LOSS [-1.3965844] Parameters [ 1.56189383  1.63902982  0.02450019  0.92288031  1.47501156  1.44343388
 -0.02434107  0.65583855] REAL [0.4948032] FAKE [0.49992102] 
299 epoch LOSS [-1.36998313] Parameters [ 1.56190516  1.63907636  0.02455002  0.91742481  1.47502285  1.44347968
 -0.02458052  0.65040681] REAL [0.50734132] FAKE [0.49913158] 
300 epoch LOSS [-1.38180408] Parameters [ 1.5619004   1.63907263  0.02493074  0.91208422  1.47503288  1.4434791
 -0.02422598  0.64505496] REAL [0.50250911] FAKE [0.50025762] 
301 epoch LOSS [-1.37229719] Parameters [ 1.56189825  1.63903863  0.02414521  0.90680076  1.47506945  1.4434854
 -0.02491578  0.63969874] REAL [0.50660826] FAKE [0.4995662] 
302 epoch LOSS [-1.39329982] Parameters [ 1.56189496  1.63901105  0.02418258  0.90157515  1.47505722  1.44347665
 -0.02458352  0.63447629] REAL [0.49595671] FAKE [0.4994427] 
303 epoch LOSS [-1.38452107] Parameters [ 1.56191708  1.63908138  0.02396486  0.89640896  1.47507899  1.44345284
 -0.02503066  0.62930806] REAL [0.50068503] FAKE [0.49979788] 
304 epoch LOSS [-1.38568078] Parameters [ 1.5619752   1.63908563  0.02390381  0.89134098  1.47502443  1.44347638
 -0.0252391   0.62426922] REAL [0.50058158] FAKE [0.50027438] 
305 epoch LOSS [-1.3844983] Parameters [ 1.56196713  1.63911875  0.0241289   0.88633121  1.47497964  1.44349612
 -0.02518647  0.61929184] REAL [0.49995325] FAKE [0.49905433] 
306 epoch LOSS [-1.38763936] Parameters [ 1.56195926  1.63909685  0.02434726  0.881428    1.47494775  1.44349422
 -0.02526756  0.61442768] REAL [0.4996659] FAKE [0.50033817] 
307 epoch LOSS [-1.38167709] Parameters [ 1.56191205  1.63914324  0.02411048  0.87662394  1.47492058  1.44346637
 -0.02516095  0.6096222 ] REAL [0.50237737] FAKE [0.50006309] 
308 epoch LOSS [-1.37993232] Parameters [ 1.56191013  1.63916466  0.0240999   0.8719465   1.47490816  1.44346722
 -0.02516662  0.60490063] REAL [0.50345788] FAKE [0.50026489] 
309 epoch LOSS [-1.38289557] Parameters [ 1.56193344  1.6391247   0.02388927  0.86741437  1.47490213  1.44346491
 -0.02519308  0.60037874] REAL [0.50201088] FAKE [0.50030735] 
310 epoch LOSS [-1.39985889] Parameters [ 1.56193579  1.63912122  0.02426869  0.8629959   1.47493893  1.44345186
 -0.02515563  0.59593021] REAL [0.49348455] FAKE [0.50022394] 
311 epoch LOSS [-1.39878139] Parameters [ 1.56195576  1.6391003   0.024449    0.85874071  1.47493178  1.44343992
 -0.02495456  0.59168533] REAL [0.49468171] FAKE [0.50089593] 
312 epoch LOSS [-1.38452304] Parameters [ 1.56191571  1.63911648  0.02435227  0.85458345  1.47497856  1.44341655
 -0.02497418  0.58755471] REAL [0.50155122] FAKE [0.50066272] 
313 epoch LOSS [-1.39282125] Parameters [ 1.56195875  1.63915361  0.02437799  0.85058665  1.47500883  1.44339827
 -0.02494106  0.58358765] REAL [0.49675454] FAKE [0.5000074] 
314 epoch LOSS [-1.37873533] Parameters [ 1.56195898  1.63916106  0.02466735  0.84678925  1.47498747  1.4433806
 -0.02436051  0.57978425] REAL [0.50439941] FAKE [0.50060029] 
315 epoch LOSS [-1.39500781] Parameters [ 1.56194119  1.63913366  0.02456934  0.84317748  1.47502339  1.44335978
 -0.02450865  0.5761624 ] REAL [0.49580465] FAKE [0.50014365] 
316 epoch LOSS [-1.39382947] Parameters [ 1.56193108  1.63912127  0.02423616  0.83974826  1.47501132  1.44335867
 -0.02451666  0.57278723] REAL [0.49699185] FAKE [0.50074976] 
317 epoch LOSS [-1.4025655] Parameters [ 1.56192813  1.639146    0.02369633  0.83645667  1.47504103  1.44337132
 -0.02507273  0.56950186] REAL [0.49275736] FAKE [0.50083926] 
318 epoch LOSS [-1.39592937] Parameters [ 1.56191303  1.63914107  0.02432262  0.83337041  1.47504611  1.44336316
 -0.02471484  0.56642143] REAL [0.49592669] FAKE [0.50072699] 
319 epoch LOSS [-1.38678434] Parameters [ 1.56190816  1.63914664  0.02437905  0.8305345   1.47504337  1.44336969
 -0.02473797  0.5635683 ] REAL [0.50036185] FAKE [0.50060634] 
320 epoch LOSS [-1.38394858] Parameters [ 1.56190357  1.63914337  0.0242975   0.82782293  1.47504722  1.44337942
 -0.02472697  0.56090274] REAL [0.50150792] FAKE [0.50033265] 
321 epoch LOSS [-1.40307837] Parameters [ 1.5619134   1.63915132  0.0239875   0.82534973  1.47504991  1.44338366
 -0.02468658  0.55841566] REAL [0.49211514] FAKE [0.50044411] 
322 epoch LOSS [-1.37721177] Parameters [ 1.56190448  1.63917134  0.02386427  0.82307105  1.4750292   1.44341018
 -0.02500598  0.55611184] REAL [0.50447088] FAKE [0.49990971] 
323 epoch LOSS [-1.37639095] Parameters [ 1.56189655  1.63917116  0.02378236  0.82100493  1.4750168   1.4434069
 -0.02488765  0.55407198] REAL [0.50494214] FAKE [0.49996617] 
324 epoch LOSS [-1.39901841] Parameters [ 1.56189392  1.6391876   0.02373849  0.81919963  1.47501615  1.4434171
 -0.02486615  0.55228907] REAL [0.49357721] FAKE [0.49989761] 
325 epoch LOSS [-1.38828677] Parameters [ 1.5618967   1.63918465  0.02445723  0.81756441  1.47501996  1.44342697
 -0.02417319  0.55067629] REAL [0.49898318] FAKE [0.49997834] 
326 epoch LOSS [-1.39609492] Parameters [ 1.56189749  1.63918334  0.02483715  0.81618277  1.47501318  1.44342394
 -0.02376308  0.54929663] REAL [0.49495385] FAKE [0.49982847] 
327 epoch LOSS [-1.40050219] Parameters [ 1.56189837  1.63920588  0.02440098  0.81500616  1.4750146   1.44342219
 -0.02399326  0.54811598] REAL [0.49257053] FAKE [0.49961855] 
328 epoch LOSS [-1.38902423] Parameters [ 1.56190198  1.63920374  0.02443606  0.81398813  1.4750146   1.44342824
 -0.02434194  0.5471583 ] REAL [0.49809164] FAKE [0.49945262] 
329 epoch LOSS [-1.38066783] Parameters [ 1.56190255  1.639207    0.02433562  0.81325448  1.4750118   1.4434326
 -0.02409405  0.5464069 ] REAL [0.50200806] FAKE [0.49919011] 
330 epoch LOSS [-1.38237178] Parameters [ 1.56189979  1.63920841  0.02439572  0.81275263  1.47500682  1.44343575
 -0.02425523  0.54587238] REAL [0.50061898] FAKE [0.4986555] 
331 epoch LOSS [-1.39874644] Parameters [ 1.56190162  1.63921371  0.02466205  0.81249111  1.47500948  1.44343098
 -0.02418451  0.54560571] REAL [0.49257862] FAKE [0.49874746] 
332 epoch LOSS [-1.38287418] Parameters [ 1.56190754  1.6392117   0.02477081  0.81241707  1.47500577  1.44343402
 -0.02442294  0.54554564] REAL [0.50086197] FAKE [0.49915042] 
333 epoch LOSS [-1.39803476] Parameters [ 1.56191281  1.63922653  0.02451695  0.8126502   1.47499904  1.44343355
 -0.02460246  0.54574188] REAL [0.49310709] FAKE [0.49892819] 
334 epoch LOSS [-1.37319954] Parameters [ 1.5619194   1.63922759  0.02473869  0.81304591  1.4750034   1.44343256
 -0.02421908  0.54613267] REAL [0.50565863] FAKE [0.4990786] 
335 epoch LOSS [-1.38659581] Parameters [ 1.56191327  1.63922926  0.02459818  0.81363969  1.47500155  1.44343365
 -0.02419179  0.54672575] REAL [0.49900224] FAKE [0.49915125] 
336 epoch LOSS [-1.38776172] Parameters [ 1.56192034  1.63923272  0.02431909  0.81445753  1.47499564  1.4434487
 -0.02419343  0.54753468] REAL [0.49792961] FAKE [0.49865719] 
337 epoch LOSS [-1.38907113] Parameters [ 1.56192327  1.63923606  0.02421236  0.81546397  1.47501329  1.44345333
 -0.02433581  0.54857091] REAL [0.49700758] FAKE [0.49838437] 
338 epoch LOSS [-1.39756813] Parameters [ 1.56192207  1.63924489  0.02403206  0.81664345  1.47500221  1.44344315
 -0.02442169  0.54976624] REAL [0.49315717] FAKE [0.49874522] 
339 epoch LOSS [-1.37446584] Parameters [ 1.56190478  1.63925126  0.02361805  0.8180758   1.47499522  1.44346453
 -0.02440692  0.55119493] REAL [0.50436566] FAKE [0.49843] 
340 epoch LOSS [-1.38694779] Parameters [ 1.56190297  1.63925183  0.02397908  0.81970066  1.47499347  1.44345743
 -0.02378074  0.55285219] REAL [0.49862093] FAKE [0.49894463] 
341 epoch LOSS [-1.36843183] Parameters [ 1.56189496  1.63923313  0.0237918   0.82148448  1.47499594  1.44345097
 -0.02363737  0.55466889] REAL [0.5076511] FAKE [0.49866009] 
342 epoch LOSS [-1.37851655] Parameters [ 1.56187139  1.63921979  0.02391523  0.82350058  1.47500249  1.44345581
 -0.02331376  0.55667901] REAL [0.50263156] FAKE [0.49873416] 
343 epoch LOSS [-1.38487871] Parameters [ 1.56188401  1.63923857  0.02371198  0.82567317  1.47498975  1.44345949
 -0.02387457  0.55882107] REAL [0.49914171] FAKE [0.49843069] 
344 epoch LOSS [-1.3678053] Parameters [ 1.56188799  1.63923654  0.02387827  0.82799491  1.47501313  1.44344856
 -0.02342164  0.56112421] REAL [0.50783957] FAKE [0.49853207] 
345 epoch LOSS [-1.39659909] Parameters [ 1.56187867  1.63923243  0.02391416  0.83047365  1.47499644  1.44346348
 -0.02336239  0.56361583] REAL [0.49343848] FAKE [0.4985453] 
346 epoch LOSS [-1.37545957] Parameters [ 1.56189113  1.63924843  0.02404592  0.83314968  1.47499282  1.44346039
 -0.02353174  0.56629112] REAL [0.50344146] FAKE [0.49800832] 
347 epoch LOSS [-1.37705396] Parameters [ 1.56190942  1.63924674  0.02386621  0.83597544  1.47498355  1.44345386
 -0.02356463  0.56911212] REAL [0.50193898] FAKE [0.49730781] 
348 epoch LOSS [-1.37114516] Parameters [ 1.56192561  1.63923071  0.02376183  0.83889746  1.47503543  1.44344726
 -0.02351568  0.57205508] REAL [0.50569144] FAKE [0.49808102] 
349 epoch LOSS [-1.3881511] Parameters [ 1.56192723  1.63923507  0.02350989  0.84206498  1.47503819  1.44343616
 -0.02343977  0.57518633] REAL [0.49716931] FAKE [0.49808599] 
350 epoch LOSS [-1.39604395] Parameters [ 1.56193342  1.63925548  0.02347489  0.84529149  1.47504241  1.4434088
 -0.02374899  0.57839125] REAL [0.49373198] FAKE [0.49856509] 
351 epoch LOSS [-1.38538694] Parameters [ 1.56194897  1.63925708  0.02346259  0.84864355  1.47502672  1.4434052
 -0.02362763  0.58169824] REAL [0.49879252] FAKE [0.49833459] 
352 epoch LOSS [-1.37547336] Parameters [ 1.56196021  1.63927793  0.02325464  0.85213339  1.47505781  1.44341144
 -0.02373884  0.58517978] REAL [0.5038387] FAKE [0.49841102] 
353 epoch LOSS [-1.39279043] Parameters [ 1.56197867  1.63928448  0.02300488  0.85571295  1.47504367  1.44337829
 -0.02364848  0.58874498] REAL [0.4960417] FAKE [0.49927345] 
354 epoch LOSS [-1.3953955] Parameters [ 1.56199298  1.63924745  0.02311772  0.85935724  1.4750645   1.44337264
 -0.02348469  0.59233   ] REAL [0.4946777] FAKE [0.4991991] 
355 epoch LOSS [-1.36680105] Parameters [ 1.56201285  1.63924633  0.02344075  0.86313576  1.47507905  1.44338079
 -0.02349431  0.59606096] REAL [0.50868596] FAKE [0.49886343] 
356 epoch LOSS [-1.39437224] Parameters [ 1.56206821  1.63931701  0.02377185  0.86702503  1.47511638  1.44338362
 -0.02354326  0.5998897 ] REAL [0.49527666] FAKE [0.49929265] 
357 epoch LOSS [-1.37223793] Parameters [ 1.56207626  1.63931328  0.02318944  0.87091839  1.47511892  1.4433986
 -0.02396881  0.60376532] REAL [0.50600558] FAKE [0.49894047] 
358 epoch LOSS [-1.36850326] Parameters [ 1.56209648  1.63932145  0.02271453  0.87490289  1.47510965  1.44341415
 -0.02469889  0.60782488] REAL [0.50776288] FAKE [0.49880626] 
359 epoch LOSS [-1.38429001] Parameters [ 1.56209477  1.63937205  0.02240682  0.87887911  1.47509897  1.4434234
 -0.02509788  0.61182658] REAL [0.49977503] FAKE [0.4987713] 
360 epoch LOSS [-1.39655207] Parameters [ 1.56209822  1.6393752   0.02291162  0.88291631  1.47508304  1.44339627
 -0.02450855  0.61583788] REAL [0.49386837] FAKE [0.49895823] 
361 epoch LOSS [-1.39659406] Parameters [ 1.56212152  1.63933963  0.02324058  0.88701364  1.47512281  1.44340845
 -0.02435367  0.6199166 ] REAL [0.49419619] FAKE [0.49931161] 
362 epoch LOSS [-1.39980977] Parameters [ 1.5621009   1.6393445   0.02287736  0.89110494  1.47513197  1.44341202
 -0.0243835   0.6240051 ] REAL [0.49283889] FAKE [0.49954461] 
363 epoch LOSS [-1.3760304] Parameters [ 1.56208388  1.63933544  0.02335276  0.89525203  1.47520634  1.44341621
 -0.02409695  0.62816886] REAL [0.50440962] FAKE [0.49925775] 
364 epoch LOSS [-1.39747602] Parameters [ 1.56207675  1.63929809  0.02410607  0.89940766  1.47519394  1.44340978
 -0.02352003  0.63232295] REAL [0.49361811] FAKE [0.49916716] 
365 epoch LOSS [-1.37346843] Parameters [ 1.56206242  1.63933533  0.02436287  0.9035595   1.47520002  1.44341667
 -0.02368677  0.63649629] REAL [0.50510084] FAKE [0.49866024] 
366 epoch LOSS [-1.37482106] Parameters [ 1.56206217  1.63933789  0.02415853  0.90775512  1.47519333  1.44338791
 -0.02367405  0.64069092] REAL [0.50453166] FAKE [0.49877309] 
367 epoch LOSS [-1.3827735] Parameters [ 1.56207816  1.63935804  0.02365339  0.91186341  1.47519237  1.44341348
 -0.02439129  0.64484892] REAL [0.50112078] FAKE [0.49935868] 
368 epoch LOSS [-1.38160704] Parameters [ 1.56206797  1.63931759  0.02378325  0.91600578  1.47520614  1.44342129
 -0.02442999  0.64903419] REAL [0.50269289] FAKE [0.50034189] 
369 epoch LOSS [-1.36972142] Parameters [ 1.56205322  1.63929749  0.02412369  0.92006461  1.47520463  1.44339822
 -0.02438261  0.65302665] REAL [0.50810138] FAKE [0.49974991] 
370 epoch LOSS [-1.38248206] Parameters [ 1.56207273  1.63928317  0.02427666  0.92408104  1.47520139  1.44337033
 -0.02437308  0.65703202] REAL [0.50132924] FAKE [0.49942099] 
371 epoch LOSS [-1.39121548] Parameters [ 1.56203393  1.63926415  0.02435793  0.92813819  1.47522858  1.44341103
 -0.02385056  0.66112001] REAL [0.49771478] FAKE [0.50017008] 
372 epoch LOSS [-1.39323627] Parameters [ 1.56203654  1.63923277  0.02467747  0.93203915  1.47523205  1.44341696
 -0.02391161  0.66499492] REAL [0.49649459] FAKE [0.49995319] 
373 epoch LOSS [-1.37676026] Parameters [ 1.56201914  1.6392138   0.02442517  0.93586028  1.4752155   1.44344089
 -0.0244732   0.66880175] REAL [0.50498955] FAKE [0.50019773] 
374 epoch LOSS [-1.38842556] Parameters [ 1.56199415  1.6392161   0.02407173  0.93953948  1.47520571  1.44345436
 -0.02497759  0.6725216 ] REAL [0.49880711] FAKE [0.49987126] 
375 epoch LOSS [-1.37890295] Parameters [ 1.56201458  1.63923002  0.02357964  0.94327975  1.47519332  1.44350774
 -0.0252226   0.67627646] REAL [0.50365471] FAKE [0.49994571] 
376 epoch LOSS [-1.38616263] Parameters [ 1.56201025  1.63921366  0.02428443  0.94685037  1.47518138  1.44351839
 -0.02504701  0.67988199] REAL [0.49970665] FAKE [0.49964057] 
377 epoch LOSS [-1.37175112] Parameters [ 1.56203506  1.63916428  0.02410708  0.95044081  1.47516672  1.44352081
 -0.02532355  0.6834099 ] REAL [0.50747389] FAKE [0.50014694] 
378 epoch LOSS [-1.38100339] Parameters [ 1.56203282  1.63916286  0.02405223  0.9538265   1.47518286  1.44351182
 -0.02540965  0.68679546] REAL [0.50262302] FAKE [0.49997068] 
379 epoch LOSS [-1.37277876] Parameters [ 1.56202375  1.63915319  0.02389467  0.95717849  1.47518753  1.44352179
 -0.02584617  0.69017127] REAL [0.50728493] FAKE [0.50047435] 
380 epoch LOSS [-1.38822041] Parameters [ 1.56205934  1.63916458  0.02397883  0.96050877  1.47518677  1.44354977
 -0.02618505  0.69344422] REAL [0.49906139] FAKE [0.50002353] 
381 epoch LOSS [-1.37791573] Parameters [ 1.56204468  1.63918936  0.02394988  0.96365276  1.47519004  1.44354483
 -0.02634887  0.6965943 ] REAL [0.50430669] FAKE [0.50009892] 
382 epoch LOSS [-1.38003759] Parameters [ 1.56204578  1.63918001  0.02408288  0.96670316  1.4751616   1.44356027
 -0.02667774  0.69964139] REAL [0.50408973] FAKE [0.50094382] 
383 epoch LOSS [-1.39042238] Parameters [ 1.5620395   1.63918945  0.02445447  0.9696575   1.47515878  1.44357097
 -0.02623972  0.70257795] REAL [0.49827674] FAKE [0.50033766] 
384 epoch LOSS [-1.37422001] Parameters [ 1.56203482  1.63918327  0.02399111  0.97241284  1.47517221  1.44358507
 -0.02660373  0.70534486] REAL [0.50631243] FAKE [0.50023568] 
385 epoch LOSS [-1.38095822] Parameters [ 1.56201749  1.63915749  0.02416883  0.97500613  1.47517018  1.44359728
 -0.0261595   0.70794518] REAL [0.50254946] FAKE [0.4998749] 
386 epoch LOSS [-1.37222322] Parameters [ 1.56200747  1.63916097  0.02426251  0.97758831  1.47517276  1.44360374
 -0.02615975  0.71050439] REAL [0.50716513] FAKE [0.5000787] 
387 epoch LOSS [-1.37779685] Parameters [ 1.56198861  1.63916118  0.02386027  0.97996117  1.47517723  1.4436073
 -0.02658714  0.71290103] REAL [0.50425573] FAKE [0.49998896] 
388 epoch LOSS [-1.38316076] Parameters [ 1.56198904  1.63915355  0.02337221  0.98226068  1.47515503  1.44358152
 -0.02689184  0.71517274] REAL [0.50141224] FAKE [0.49984343] 
389 epoch LOSS [-1.37442111] Parameters [ 1.56197615  1.63914713  0.02391914  0.98440598  1.47516248  1.4435718
 -0.02643566  0.71732138] REAL [0.50588828] FAKE [0.49991725] 
390 epoch LOSS [-1.39222736] Parameters [ 1.56196242  1.63916498  0.02371131  0.98642     1.47516763  1.4435684
 -0.02651834  0.7193492 ] REAL [0.49719081] FAKE [0.50014937] 
391 epoch LOSS [-1.37834953] Parameters [ 1.56195542  1.63915843  0.02342579  0.98827856  1.475178    1.44356124
 -0.02686521  0.7212816 ] REAL [0.50426373] FAKE [0.50027317] 
392 epoch LOSS [-1.38860232] Parameters [ 1.56194591  1.63914945  0.02384244  0.98995586  1.47517359  1.44357201
 -0.02651153  0.72293569] REAL [0.49919763] FAKE [0.50035084] 
393 epoch LOSS [-1.37334131] Parameters [ 1.56194505  1.63914592  0.02409299  0.99154909  1.47517864  1.44357011
 -0.02647605  0.72455786] REAL [0.50681705] FAKE [0.50029438] 
394 epoch LOSS [-1.39003197] Parameters [ 1.56194799  1.63914186  0.02440171  0.99304205  1.47516931  1.44357613
 -0.02625707  0.72604601] REAL [0.49863247] FAKE [0.50049915] 
395 epoch LOSS [-1.38749902] Parameters [ 1.5619488   1.63913708  0.02438009  0.99429467  1.47516689  1.44357667
 -0.02605036  0.72729094] REAL [0.49953715] FAKE [0.50013925] 
396 epoch LOSS [-1.38500432] Parameters [ 1.56195883  1.63913855  0.0242638   0.99539362  1.47516261  1.44356795
 -0.02607148  0.72840561] REAL [0.5008822] FAKE [0.50023634] 
397 epoch LOSS [-1.38016491] Parameters [ 1.56195575  1.63913629  0.0242761   0.99638084  1.47516066  1.44356776
 -0.02582734  0.72943258] REAL [0.50323572] FAKE [0.50016054] 
398 epoch LOSS [-1.37266124] Parameters [ 1.56195111  1.63913552  0.02395433  0.99716541  1.4751645   1.44357303
 -0.02524879  0.73021933] REAL [0.50688286] FAKE [0.50001936] 
399 epoch LOSS [-1.38289283] Parameters [ 1.56195354  1.63913232  0.02354828  0.9979025   1.47516531  1.44357657
 -0.02571083  0.73096483] REAL [0.50175276] FAKE [0.50004893] 
