RUN 10_12_2021__23_53_56 
0 epoch LOSS [-1.10078435] Parameters [1.47891046 1.54971206 1.67606658 1.43227135 1.59106227 1.38893553
 1.84708078 1.46828818] REAL [0.43572993] FAKE [0.23665996] 
1 epoch LOSS [-1.0273135] Parameters [1.47890469 1.5496556  1.68514306 1.43065745 1.59112185 1.38891818
 1.85611727 1.4666384 ] REAL [0.48349994] FAKE [0.2596331] 
2 epoch LOSS [-0.99425206] Parameters [1.47893993 1.5496962  1.69532267 1.42865479 1.59113754 1.38899751
 1.86640883 1.46450348] REAL [0.51325329] FAKE [0.27910822] 
3 epoch LOSS [-0.96204106] Parameters [1.4789241  1.54981847 1.70726476 1.42620353 1.59111155 1.38898078
 1.87801186 1.46197084] REAL [0.53672216] FAKE [0.28806335] 
4 epoch LOSS [-0.96276498] Parameters [1.47888058 1.54977298 1.72070206 1.42330207 1.59114482 1.38902764
 1.89147215 1.45897723] REAL [0.54545607] FAKE [0.29996992] 
5 epoch LOSS [-0.93002231] Parameters [1.47891737 1.54967184 1.73560992 1.42024847 1.59113497 1.38909207
 1.90638671 1.45592329] REAL [0.56591196] FAKE [0.30281574] 
6 epoch LOSS [-0.92097649] Parameters [1.47893676 1.54966369 1.75260847 1.4167582  1.59116063 1.38919421
 1.92300846 1.45263832] REAL [0.57334275] FAKE [0.30559848] 
7 epoch LOSS [-0.8727239] Parameters [1.47899505 1.54970021 1.77060778 1.41301862 1.59124686 1.3890879
 1.9413057  1.44892751] REAL [0.60284504] FAKE [0.30693314] 
8 epoch LOSS [-0.8482551] Parameters [1.47908681 1.54983313 1.79116156 1.40895076 1.59128593 1.38902689
 1.96211833 1.44463926] REAL [0.61811345] FAKE [0.3073094] 
9 epoch LOSS [-0.84520717] Parameters [1.47909284 1.54986706 1.8135785  1.40478406 1.59131988 1.38905024
 1.98399012 1.44042792] REAL [0.61890701] FAKE [0.30608578] 
10 epoch LOSS [-0.84260677] Parameters [1.47912438 1.55004115 1.83739107 1.39984874 1.59130471 1.38906136
 2.00819692 1.43584422] REAL [0.61621797] FAKE [0.30124301] 
11 epoch LOSS [-0.82857953] Parameters [1.47923861 1.55010094 1.86356346 1.39483235 1.59132015 1.38899352
 2.03429205 1.43066054] REAL [0.62272178] FAKE [0.29877333] 
12 epoch LOSS [-0.83393157] Parameters [1.47943943 1.55013604 1.89264835 1.38916877 1.59131756 1.38921707
 2.06335096 1.42488076] REAL [0.62555308] FAKE [0.30567317] 
13 epoch LOSS [-0.84591375] Parameters [1.47959962 1.55003494 1.92362442 1.38318828 1.59117081 1.38905021
 2.0947735  1.41879456] REAL [0.61865517] FAKE [0.30629364] 
14 epoch LOSS [-0.82415132] Parameters [1.47969538 1.54971738 1.95748131 1.37616531 1.5912696  1.38926243
 2.12920429 1.41231683] REAL [0.63364282] FAKE [0.30780077] 
15 epoch LOSS [-0.80464494] Parameters [1.47980922 1.54979864 1.99402718 1.36921937 1.59138264 1.38906043
 2.16571317 1.40510327] REAL [0.64395637] FAKE [0.3054705] 
16 epoch LOSS [-0.81433979] Parameters [1.4796215  1.54995053 2.03342971 1.36146558 1.59161506 1.38865611
 2.20552797 1.39756147] REAL [0.64556789] FAKE [0.31388834] 
17 epoch LOSS [-0.80987317] Parameters [1.479609   1.54964277 2.07553164 1.35311567 1.59154212 1.38826577
 2.24723071 1.38891985] REAL [0.64585819] FAKE [0.31112666] 
18 epoch LOSS [-0.84628688] Parameters [1.47976689 1.54958206 2.12039069 1.34375091 1.59132751 1.3882294
 2.29196468 1.37976214] REAL [0.62986631] FAKE [0.31889526] 
19 epoch LOSS [-0.85966973] Parameters [1.47993879 1.54959713 2.16765074 1.333685   1.59132032 1.3882391
 2.33906291 1.36986721] REAL [0.62588008] FAKE [0.32366937] 
20 epoch LOSS [-0.90468828] Parameters [1.47984713 1.55034581 2.217268   1.32259647 1.59131381 1.38893896
 2.38827711 1.35871354] REAL [0.62140504] FAKE [0.34878544] 
21 epoch LOSS [-0.89758456] Parameters [1.47953533 1.55010023 2.26833391 1.31082846 1.59179457 1.38949202
 2.43918008 1.34636822] REAL [0.62342609] FAKE [0.34626911] 
22 epoch LOSS [-0.91932904] Parameters [1.47908802 1.55012584 2.32041892 1.29835012 1.59172411 1.38971155
 2.49114773 1.3334339 ] REAL [0.62409342] FAKE [0.3610147] 
23 epoch LOSS [-0.90853331] Parameters [1.47873373 1.55053336 2.37336263 1.28429697 1.59138638 1.38996331
 2.54424975 1.31981532] REAL [0.63022113] FAKE [0.36035938] 
24 epoch LOSS [-0.98322486] Parameters [1.47867858 1.55081395 2.42590922 1.26894484 1.59126727 1.39016228
 2.59692791 1.30538186] REAL [0.60188478] FAKE [0.37844795] 
25 epoch LOSS [-1.01712451] Parameters [1.47865326 1.55079299 2.47784648 1.25383359 1.59089635 1.39047601
 2.64872838 1.29001028] REAL [0.5972081] FAKE [0.39446012] 
26 epoch LOSS [-1.04993836] Parameters [1.47865446 1.55024376 2.52756273 1.23737908 1.59145585 1.39084546
 2.69882904 1.27354816] REAL [0.5758159] FAKE [0.39223749] 
27 epoch LOSS [-1.06039417] Parameters [1.47792505 1.5495809  2.57505758 1.22027611 1.59169924 1.39098813
 2.74603561 1.25608527] REAL [0.59751411] FAKE [0.42039984] 
28 epoch LOSS [-1.12836943] Parameters [1.4776065  1.549667   2.61958532 1.20253108 1.59205432 1.39064269
 2.79080955 1.23765366] REAL [0.55569689] FAKE [0.41773939] 
29 epoch LOSS [-1.10528257] Parameters [1.47787206 1.54923603 2.66159145 1.18354591 1.59168004 1.39085703
 2.83249385 1.21867318] REAL [0.57789245] FAKE [0.42702608] 
30 epoch LOSS [-1.15097511] Parameters [1.47802829 1.54910634 2.70087385 1.16344741 1.59179296 1.39077392
 2.8719681  1.19878123] REAL [0.56092231] FAKE [0.43605708] 
31 epoch LOSS [-1.19435463] Parameters [1.47816218 1.54909212 2.73577271 1.14256028 1.59168962 1.39081866
 2.90743921 1.17790456] REAL [0.549796] FAKE [0.44906953] 
32 epoch LOSS [-1.18503816] Parameters [1.47825319 1.54925587 2.76859408 1.12066004 1.59177481 1.39093154
 2.94026351 1.15581532] REAL [0.55332314] FAKE [0.44745757] 
33 epoch LOSS [-1.19186819] Parameters [1.47809336 1.54916989 2.79854974 1.09766372 1.59204515 1.39073778
 2.97004175 1.13307731] REAL [0.55685821] FAKE [0.45470239] 
34 epoch LOSS [-1.21744547] Parameters [1.47818957 1.54931046 2.82458637 1.07414813 1.59199307 1.39082962
 2.99664069 1.10953195] REAL [0.54323391] FAKE [0.45514207] 
35 epoch LOSS [-1.20313781] Parameters [1.47803412 1.54918466 2.84879678 1.04934765 1.59181242 1.39096299
 3.02106714 1.08476918] REAL [0.55012026] FAKE [0.45420915] 
36 epoch LOSS [-1.27571223] Parameters [1.4777635  1.54939505 2.87056999 1.02399442 1.59178179 1.39102704
 3.04338949 1.05905729] REAL [0.52139028] FAKE [0.46444721] 
37 epoch LOSS [-1.24046502] Parameters [1.47794766 1.54941142 2.88943747 0.99795399 1.59183086 1.39108367
 3.06210417 1.03300166] REAL [0.54976781] FAKE [0.47386938] 
38 epoch LOSS [-1.28017805] Parameters [1.47804586 1.54939842 2.90643451 0.97115766 1.59176554 1.39079097
 3.07916587 1.00644594] REAL [0.52610436] FAKE [0.47161092] 
39 epoch LOSS [-1.28962911] Parameters [1.47768662 1.54927579 2.92201965 0.94407265 1.59185986 1.39080815
 3.09465869 0.97930169] REAL [0.52526971] FAKE [0.47574953] 
40 epoch LOSS [-1.3229162] Parameters [1.47742415 1.5491701  2.93628155 0.91680637 1.59188382 1.3908571
 3.10907135 0.95196422] REAL [0.51256707] FAKE [0.48034622] 
41 epoch LOSS [-1.26864384] Parameters [1.4772656  1.5491944  2.94892255 0.88957248 1.59237254 1.39089033
 3.12208794 0.92489545] REAL [0.54026215] FAKE [0.47948838] 
42 epoch LOSS [-1.36287797] Parameters [1.47718244 1.54927538 2.9604038  0.8625963  1.59214393 1.39085378
 3.13320069 0.8978858 ] REAL [0.50111228] FAKE [0.48928976] 
43 epoch LOSS [-1.35544561] Parameters [1.47732182 1.5491247  2.97014396 0.83624007 1.59254626 1.39085249
 3.14304429 0.87153808] REAL [0.50599923] FAKE [0.49044907] 
44 epoch LOSS [-1.32815774] Parameters [1.47721926 1.54909419 2.97887541 0.81015621 1.592591   1.39087773
 3.15199608 0.84545374] REAL [0.52365995] FAKE [0.49401334] 
45 epoch LOSS [-1.35222747] Parameters [1.47716792 1.54894135 2.98682372 0.7849971  1.59283644 1.39098262
 3.15960431 0.8203823 ] REAL [0.51414298] FAKE [0.49690366] 
46 epoch LOSS [-1.39581385] Parameters [1.47716986 1.54904823 2.99471621 0.76094206 1.5926109  1.39111842
 3.16699492 0.79622703] REAL [0.49766287] FAKE [0.5024113] 
47 epoch LOSS [-1.35354865] Parameters [1.47739395 1.54916715 3.00099427 0.73794511 1.59290509 1.3911962
 3.17325345 0.7731372 ] REAL [0.51772676] FAKE [0.50104581] 
48 epoch LOSS [-1.35172095] Parameters [1.47736792 1.54925041 3.00637254 0.71609036 1.59303583 1.39132763
 3.17873292 0.75109154] REAL [0.5184118] FAKE [0.50079356] 
49 epoch LOSS [-1.36923983] Parameters [1.47738065 1.54931842 3.01107364 0.69529927 1.5929173  1.39147085
 3.18416438 0.73025271] REAL [0.51301441] FAKE [0.50430204] 
50 epoch LOSS [-1.42190356] Parameters [1.47748378 1.54927094 3.01487026 0.67585263 1.59292394 1.3915827
 3.18818922 0.71082908] REAL [0.4907153] FAKE [0.5083619] 
51 epoch LOSS [-1.42908897] Parameters [1.4775528  1.54939541 3.01874627 0.65761614 1.59305638 1.39177997
 3.19270476 0.69246699] REAL [0.48938457] FAKE [0.51055457] 
52 epoch LOSS [-1.45350465] Parameters [1.47764279 1.54938216 3.02246587 0.64093545 1.59316815 1.39179092
 3.19652775 0.67557604] REAL [0.47723655] FAKE [0.51020173] 
53 epoch LOSS [-1.42447756] Parameters [1.47763008 1.5493197  3.02569615 0.62559326 1.5931313  1.39175378
 3.19955425 0.66049509] REAL [0.49167702] FAKE [0.51058492] 
54 epoch LOSS [-1.43379908] Parameters [1.47763874 1.54934582 3.02841062 0.61153058 1.59313972 1.39181952
 3.20247476 0.64638011] REAL [0.48402544] FAKE [0.50746081] 
55 epoch LOSS [-1.4601192] Parameters [1.47758413 1.54933883 3.03102747 0.59899307 1.59307816 1.39174734
 3.20513356 0.63376437] REAL [0.47468207] FAKE [0.51081238] 
56 epoch LOSS [-1.38565607] Parameters [1.47761607 1.54940238 3.03323095 0.58759699 1.59307981 1.39175067
 3.20701722 0.62264611] REAL [0.51045327] FAKE [0.5099265] 
57 epoch LOSS [-1.37648605] Parameters [1.4776313  1.54938463 3.03466533 0.57722837 1.59307633 1.39174307
 3.20857657 0.61241405] REAL [0.51538181] FAKE [0.51014154] 
58 epoch LOSS [-1.45457907] Parameters [1.47764995 1.54939994 3.03680528 0.56830183 1.59305447 1.39172753
 3.21014395 0.60375707] REAL [0.47641245] FAKE [0.50988134] 
59 epoch LOSS [-1.45163288] Parameters [1.4776723  1.54940508 3.03827896 0.56078466 1.5930305  1.39174722
 3.21161024 0.5962043 ] REAL [0.47634515] FAKE [0.50836578] 
60 epoch LOSS [-1.43770671] Parameters [1.47767369 1.54943384 3.03933566 0.55458014 1.59304349 1.39176333
 3.21328362 0.59013578] REAL [0.48315044] FAKE [0.5084932] 
61 epoch LOSS [-1.37589234] Parameters [1.4776736  1.54942305 3.04120017 0.54968378 1.59306138 1.39176945
 3.21520503 0.5854458 ] REAL [0.51295174] FAKE [0.50752857] 
62 epoch LOSS [-1.40804426] Parameters [1.47767446 1.54941705 3.04275567 0.5457677  1.59307397 1.39176244
 3.21673043 0.58172291] REAL [0.49428559] FAKE [0.50510143] 
63 epoch LOSS [-1.43565436] Parameters [1.47765231 1.54943294 3.04354943 0.54340863 1.59309175 1.39172093
 3.21795813 0.57919706] REAL [0.4809308] FAKE [0.50521031] 
64 epoch LOSS [-1.38791905] Parameters [1.47763193 1.54941534 3.04426877 0.54213659 1.59309838 1.3917405
 3.21860486 0.57792682] REAL [0.50366508] FAKE [0.50444419] 
65 epoch LOSS [-1.37356244] Parameters [1.47762668 1.54939429 3.04585394 0.54193058 1.59308262 1.39173245
 3.21969032 0.57759712] REAL [0.50947911] FAKE [0.50301529] 
66 epoch LOSS [-1.43413437] Parameters [1.47764547 1.54936652 3.04627522 0.5428399  1.59304525 1.39170829
 3.22021718 0.57854239] REAL [0.48028426] FAKE [0.50379058] 
67 epoch LOSS [-1.3854193] Parameters [1.47765514 1.5493556  3.04685335 0.54441884 1.59308344 1.39168814
 3.22050539 0.58010135] REAL [0.50210983] FAKE [0.50166508] 
68 epoch LOSS [-1.35924376] Parameters [1.47764948 1.54932451 3.04768709 0.54724432 1.59301494 1.3916518
 3.22112253 0.58299157] REAL [0.51097421] FAKE [0.49732307] 
69 epoch LOSS [-1.35433765] Parameters [1.4777303  1.54939918 3.04850844 0.55093793 1.59309826 1.39159668
 3.22151083 0.58671896] REAL [0.51393722] FAKE [0.49776317] 
70 epoch LOSS [-1.37592957] Parameters [1.47773466 1.54943689 3.04924406 0.555773   1.59309985 1.39158319
 3.22192342 0.59156472] REAL [0.50059597] FAKE [0.49539211] 
71 epoch LOSS [-1.39842014] Parameters [1.477787   1.54946817 3.04969328 0.56156539 1.59317755 1.39156685
 3.22225363 0.59721519] REAL [0.48833964] FAKE [0.49423139] 
72 epoch LOSS [-1.40512534] Parameters [1.47776973 1.54944399 3.05029241 0.56816017 1.5931649  1.39150896
 3.22242909 0.60374603] REAL [0.48520828] FAKE [0.49436908] 
73 epoch LOSS [-1.39855969] Parameters [1.4777711  1.5494967  3.05049599 0.57540967 1.59334281 1.3915494
 3.22257581 0.61110473] REAL [0.48683519] FAKE [0.49273922] 
74 epoch LOSS [-1.33635768] Parameters [1.47785888 1.5495882  3.05089024 0.583367   1.59337708 1.39161016
 3.2228775  0.61901786] REAL [0.51664071] FAKE [0.49132709] 
75 epoch LOSS [-1.38113777] Parameters [1.47782729 1.54955472 3.05106247 0.59212278 1.59331139 1.39160879
 3.22300227 0.62783204] REAL [0.49430389] FAKE [0.4916235] 
76 epoch LOSS [-1.40983375] Parameters [1.47781925 1.54956089 3.05132008 0.6014334  1.59333422 1.39153807
 3.2229646  0.63718552] REAL [0.48142327] FAKE [0.49278755] 
77 epoch LOSS [-1.32943293] Parameters [1.47790315 1.54961943 3.05205196 0.61119528 1.59340409 1.39154581
 3.22356144 0.64682239] REAL [0.52268893] FAKE [0.49371937] 
78 epoch LOSS [-1.33895543] Parameters [1.47803654 1.54967792 3.05289329 0.62142105 1.59349559 1.39144802
 3.2242225  0.65692772] REAL [0.51933477] FAKE [0.49527869] 
79 epoch LOSS [-1.31000459] Parameters [1.47787863 1.54977272 3.05293192 0.63210317 1.59344402 1.3913848
 3.22409323 0.66760268] REAL [0.53159914] FAKE [0.49243932] 
80 epoch LOSS [-1.39899003] Parameters [1.47795019 1.54984765 3.05353129 0.64293001 1.59335084 1.39132947
 3.22455776 0.6784979 ] REAL [0.4865437] FAKE [0.4926537] 
81 epoch LOSS [-1.35635108] Parameters [1.47793692 1.5499109  3.05352949 0.65403288 1.59327396 1.39125948
 3.22490032 0.68956484] REAL [0.50792336] FAKE [0.4928388] 
82 epoch LOSS [-1.37494893] Parameters [1.47787183 1.54984405 3.05339675 0.66540747 1.59333335 1.39131591
 3.22488125 0.70104648] REAL [0.49934164] FAKE [0.49362823] 
83 epoch LOSS [-1.34555558] Parameters [1.47778133 1.54977114 3.05314274 0.67692716 1.59340919 1.39137639
 3.22438438 0.71271167] REAL [0.51171721] FAKE [0.49113496] 
84 epoch LOSS [-1.37485451] Parameters [1.47790673 1.54961328 3.05364293 0.6886182  1.5936296  1.39142266
 3.22440049 0.72407919] REAL [0.49849942] FAKE [0.49272481] 
85 epoch LOSS [-1.41763733] Parameters [1.47790523 1.5497205  3.05390212 0.70009862 1.59370617 1.39136523
 3.22434862 0.73556952] REAL [0.47861864] FAKE [0.49378114] 
86 epoch LOSS [-1.36341892] Parameters [1.4778033  1.54978976 3.05388073 0.71144674 1.59368028 1.39139279
 3.22387008 0.746961  ] REAL [0.5090476] FAKE [0.49752288] 
87 epoch LOSS [-1.34447859] Parameters [1.47786424 1.54974765 3.05366466 0.72276339 1.59356104 1.39136882
 3.22340366 0.75835651] REAL [0.51913151] FAKE [0.49786213] 
88 epoch LOSS [-1.39574829] Parameters [1.47777435 1.54979995 3.05405472 0.73373283 1.59356774 1.39148011
 3.22397645 0.76942426] REAL [0.49256623] FAKE [0.49722974] 
89 epoch LOSS [-1.37061487] Parameters [1.47775832 1.54974747 3.0546299  0.74456182 1.59351817 1.39158319
 3.22420102 0.78022323] REAL [0.50549418] FAKE [0.49761882] 
90 epoch LOSS [-1.43224033] Parameters [1.47776992 1.54967603 3.05491883 0.75488163 1.59340662 1.39165151
 3.22418086 0.79045895] REAL [0.47805075] FAKE [0.50052711] 
91 epoch LOSS [-1.34684402] Parameters [1.4777342  1.54981487 3.0549501  0.76434374 1.59345158 1.39166109
 3.22450851 0.79999003] REAL [0.52000071] FAKE [0.49988586] 
92 epoch LOSS [-1.40503918] Parameters [1.47769579 1.54984456 3.05527098 0.77375226 1.59351551 1.39164579
 3.22416877 0.80946588] REAL [0.48839908] FAKE [0.49762919] 
93 epoch LOSS [-1.35255059] Parameters [1.47770095 1.54981625 3.05534605 0.78253098 1.59349918 1.39161065
 3.22404254 0.8183063 ] REAL [0.51626503] FAKE [0.49913344] 
94 epoch LOSS [-1.36603716] Parameters [1.4776812  1.5498201  3.05493272 0.79084558 1.59343499 1.39159591
 3.22377312 0.82675326] REAL [0.51014004] FAKE [0.49990998] 
95 epoch LOSS [-1.37870369] Parameters [1.4776865  1.54975313 3.05518074 0.79889475 1.59344125 1.39166001
 3.22399504 0.83479701] REAL [0.50527675] FAKE [0.50145165] 
96 epoch LOSS [-1.40224968] Parameters [1.47770829 1.54981962 3.05493989 0.80584744 1.5934391  1.39163061
 3.22428688 0.8416876 ] REAL [0.49212545] FAKE [0.50004045] 
97 epoch LOSS [-1.34554405] Parameters [1.47775876 1.5497968  3.0548872  0.81208907 1.59342481 1.39164997
 3.22427606 0.84813866] REAL [0.52072954] FAKE [0.49993618] 
98 epoch LOSS [-1.41945863] Parameters [1.47782086 1.54979299 3.05526423 0.81763322 1.59337304 1.39165838
 3.22431951 0.85397373] REAL [0.4845833] FAKE [0.50092191] 
99 epoch LOSS [-1.40383913] Parameters [1.47783126 1.54981145 3.05568265 0.82306409 1.59337213 1.39169452
 3.22503196 0.85937028] REAL [0.49266061] FAKE [0.5013767] 
100 epoch LOSS [-1.41140991] Parameters [1.47783229 1.54982524 3.05593742 0.82785911 1.59332633 1.39171062
 3.2253238  0.86435588] REAL [0.48920473] FAKE [0.50164156] 
101 epoch LOSS [-1.35143854] Parameters [1.47784288 1.54984629 3.0553751  0.83191966 1.59332451 1.39171763
 3.2246218  0.86863952] REAL [0.51927129] FAKE [0.50147908] 
102 epoch LOSS [-1.34058084] Parameters [1.47784729 1.54984097 3.05556224 0.83554064 1.59335039 1.39172381
 3.22477828 0.87239828] REAL [0.52232587] FAKE [0.49898399] 
103 epoch LOSS [-1.42592972] Parameters [1.47785009 1.54984521 3.05564327 0.83873479 1.5933598  1.39172858
 3.22463259 0.87560523] REAL [0.48205268] FAKE [0.50153797] 
104 epoch LOSS [-1.40297977] Parameters [1.47784086 1.54985255 3.05621126 0.84106416 1.59336394 1.39173044
 3.22507182 0.87826844] REAL [0.49300411] FAKE [0.50129573] 
105 epoch LOSS [-1.43688073] Parameters [1.47784657 1.54985062 3.05619127 0.8431365  1.59336326 1.39173798
 3.22503019 0.8804342 ] REAL [0.47513226] FAKE [0.49978569] 
106 epoch LOSS [-1.38775299] Parameters [1.47783902 1.54985621 3.05682388 0.84475991 1.59337011 1.39173048
 3.22597319 0.88219241] REAL [0.49950559] FAKE [0.50023461] 
107 epoch LOSS [-1.40028362] Parameters [1.47784315 1.5498653  3.05697353 0.8458821  1.59337344 1.39172921
 3.22611731 0.88339008] REAL [0.49553866] FAKE [0.50250696] 
108 epoch LOSS [-1.41042037] Parameters [1.47783462 1.54987462 3.05675499 0.84607603 1.59338355 1.39172395
 3.22605535 0.88366955] REAL [0.49124515] FAKE [0.50322019] 
109 epoch LOSS [-1.40089719] Parameters [1.47781469 1.54989166 3.05698998 0.8460907  1.5933883  1.39171888
 3.22613133 0.88347298] REAL [0.49376546] FAKE [0.50102663] 
110 epoch LOSS [-1.38364444] Parameters [1.47781412 1.5499112  3.05665769 0.84583306 1.59338934 1.39170956
 3.22582623 0.88321169] REAL [0.50091399] FAKE [0.49958802] 
111 epoch LOSS [-1.40649775] Parameters [1.47778416 1.5499069  3.05627174 0.84489776 1.59333709 1.39168963
 3.22562508 0.88222373] REAL [0.48842464] FAKE [0.49838764] 
112 epoch LOSS [-1.39961514] Parameters [1.47779716 1.5499223  3.05640763 0.84384718 1.59333056 1.39166699
 3.22548844 0.88105376] REAL [0.49270307] FAKE [0.49930921] 
113 epoch LOSS [-1.33703311] Parameters [1.4777866  1.54990554 3.05640471 0.84221934 1.59330183 1.39163506
 3.22510044 0.87920404] REAL [0.52396585] FAKE [0.49877708] 
114 epoch LOSS [-1.39526029] Parameters [1.47781769 1.5499029  3.05714193 0.84046263 1.59328074 1.39162445
 3.22607555 0.87738878] REAL [0.49347174] FAKE [0.49790734] 
115 epoch LOSS [-1.3386745] Parameters [1.47778684 1.5498985  3.05700884 0.83798418 1.59327954 1.39163932
 3.22583646 0.87506795] REAL [0.52086521] FAKE [0.4966203] 
116 epoch LOSS [-1.43504192] Parameters [1.47778735 1.54990021 3.0568641  0.83562363 1.59328237 1.39161761
 3.22596272 0.87271003] REAL [0.47367089] FAKE [0.49731894] 
117 epoch LOSS [-1.33219634] Parameters [1.47780038 1.54992697 3.05715715 0.83301558 1.59331399 1.39156692
 3.22621995 0.87000908] REAL [0.52349018] FAKE [0.49588927] 
118 epoch LOSS [-1.40739625] Parameters [1.47777532 1.54992297 3.05724152 0.8300826  1.59331089 1.39157874
 3.22631062 0.86706064] REAL [0.48653702] FAKE [0.49689378] 
119 epoch LOSS [-1.36642299] Parameters [1.47780572 1.5499485  3.05749609 0.82722244 1.59330367 1.39162737
 3.22656235 0.86420269] REAL [0.50821734] FAKE [0.49821167] 
120 epoch LOSS [-1.3419149] Parameters [1.47777308 1.54992975 3.05744821 0.82412452 1.59331543 1.39163329
 3.22661287 0.86126509] REAL [0.52276874] FAKE [0.50007581] 
121 epoch LOSS [-1.36723857] Parameters [1.47782549 1.54995448 3.05776088 0.82095361 1.59332883 1.3916242
 3.22729258 0.85820836] REAL [0.50833175] FAKE [0.49873359] 
122 epoch LOSS [-1.35826208] Parameters [1.47777612 1.54993928 3.0570054  0.81715247 1.59335713 1.39167734
 3.22673081 0.8547126 ] REAL [0.51165866] FAKE [0.49750246] 
123 epoch LOSS [-1.41893513] Parameters [1.47776221 1.5499494  3.05699629 0.81388309 1.59337861 1.39167753
 3.22661528 0.85154698] REAL [0.48325082] FAKE [0.49928373] 
124 epoch LOSS [-1.33991232] Parameters [1.47777143 1.54991735 3.05776142 0.81033416 1.59338401 1.39166233
 3.22723986 0.84818559] REAL [0.51950678] FAKE [0.49592837] 
125 epoch LOSS [-1.38631969] Parameters [1.47775697 1.54991316 3.05749464 0.80674956 1.59339129 1.39168665
 3.22679635 0.84466945] REAL [0.4955206] FAKE [0.49549288] 
126 epoch LOSS [-1.35094738] Parameters [1.47776191 1.54992387 3.05752036 0.80308237 1.59336025 1.39165144
 3.22691404 0.84117515] REAL [0.51361385] FAKE [0.49574028] 
127 epoch LOSS [-1.42021984] Parameters [1.47776929 1.54987968 3.05781643 0.79948523 1.59333766 1.39162827
 3.22703171 0.83741928] REAL [0.4794857] FAKE [0.49599981] 
128 epoch LOSS [-1.42634362] Parameters [1.47773215 1.54990072 3.05760053 0.79605351 1.59330051 1.39165763
 3.22724724 0.83399969] REAL [0.47685079] FAKE [0.49630884] 
129 epoch LOSS [-1.36575951] Parameters [1.47771238 1.54989808 3.05781046 0.79255096 1.59328971 1.39166886
 3.22716821 0.83054797] REAL [0.50570404] FAKE [0.49538314] 
130 epoch LOSS [-1.33497731] Parameters [1.47768484 1.54986978 3.05749539 0.78904304 1.59327603 1.39164381
 3.22683504 0.82731128] REAL [0.52236899] FAKE [0.49621024] 
131 epoch LOSS [-1.38133207] Parameters [1.47768037 1.54989016 3.05740673 0.78554236 1.59325645 1.39162251
 3.22659937 0.82393902] REAL [0.50068188] FAKE [0.49819703] 
132 epoch LOSS [-1.3505579] Parameters [1.47769337 1.54987053 3.05719864 0.78193956 1.59327115 1.39157408
 3.22602366 0.82013693] REAL [0.51649917] FAKE [0.49836188] 
133 epoch LOSS [-1.3857471] Parameters [1.47770812 1.5498805  3.05756953 0.77858996 1.59326243 1.39160362
 3.22651873 0.8168473 ] REAL [0.49879202] FAKE [0.49851473] 
134 epoch LOSS [-1.33281049] Parameters [1.47771381 1.54990349 3.05762369 0.77541435 1.59326997 1.39162775
 3.22669308 0.81365759] REAL [0.52702975] FAKE [0.49958233] 
135 epoch LOSS [-1.33969231] Parameters [1.47768602 1.54987401 3.05784291 0.7720489  1.59326419 1.3916572
 3.2266898  0.81052545] REAL [0.52285144] FAKE [0.49904269] 
136 epoch LOSS [-1.38602024] Parameters [1.47765024 1.54985945 3.05799493 0.76915964 1.59328644 1.39168897
 3.22675217 0.80765854] REAL [0.49950617] FAKE [0.49936847] 
137 epoch LOSS [-1.40066552] Parameters [1.47761467 1.54983267 3.05756625 0.76626271 1.5932916  1.3916884
 3.22612246 0.80475004] REAL [0.49382933] FAKE [0.50097557] 
138 epoch LOSS [-1.35611819] Parameters [1.47761674 1.54982628 3.05751975 0.76370281 1.59331404 1.39169226
 3.22647922 0.80213167] REAL [0.51395704] FAKE [0.49867596] 
139 epoch LOSS [-1.37952421] Parameters [1.47761202 1.5498495  3.05744697 0.76093017 1.59331778 1.39168862
 3.22662036 0.79947416] REAL [0.50179436] FAKE [0.49840353] 
140 epoch LOSS [-1.40217964] Parameters [1.47761981 1.54985217 3.05767146 0.75834554 1.59333421 1.39167894
 3.22679683 0.79690936] REAL [0.48968989] FAKE [0.49751861] 
141 epoch LOSS [-1.40534865] Parameters [1.47762895 1.54982924 3.05757629 0.75609394 1.59333285 1.39168132
 3.22668587 0.79477121] REAL [0.48768233] FAKE [0.49704652] 
142 epoch LOSS [-1.36391906] Parameters [1.47761666 1.54984996 3.05758685 0.75389715 1.59332324 1.39169519
 3.22666248 0.7926041 ] REAL [0.50706628] FAKE [0.49581172] 
143 epoch LOSS [-1.37243608] Parameters [1.47762533 1.54985971 3.05689281 0.75198361 1.59330987 1.3916938
 3.22604504 0.79068371] REAL [0.50257822] FAKE [0.49562341] 
144 epoch LOSS [-1.36696577] Parameters [1.47763263 1.54985631 3.05737757 0.75039237 1.59331472 1.39169267
 3.2263441  0.78916157] REAL [0.50666727] FAKE [0.49694964] 
145 epoch LOSS [-1.40164971] Parameters [1.47763043 1.54984875 3.05774228 0.74865181 1.59331135 1.39169383
 3.22655501 0.78730234] REAL [0.48832374] FAKE [0.49584576] 
146 epoch LOSS [-1.36078328] Parameters [1.4776298  1.54985561 3.0577066  0.74727825 1.59332837 1.39169176
 3.22641737 0.7859789 ] REAL [0.50819065] FAKE [0.49534723] 
147 epoch LOSS [-1.43174718] Parameters [1.47762396 1.54985454 3.05764639 0.74588295 1.59332869 1.39169547
 3.22613232 0.78468331] REAL [0.47451548] FAKE [0.49655768] 
148 epoch LOSS [-1.37913214] Parameters [1.47762341 1.54983604 3.05764988 0.74461121 1.59331453 1.39168561
 3.22605931 0.78346918] REAL [0.5017954] FAKE [0.49820787] 
149 epoch LOSS [-1.38331793] Parameters [1.47762557 1.54982609 3.05758079 0.7437977  1.593317   1.39169403
 3.22602657 0.78257559] REAL [0.49809852] FAKE [0.49659514] 
150 epoch LOSS [-1.3357194] Parameters [1.47763991 1.54981526 3.05790365 0.74325739 1.59330716 1.39169268
 3.22634365 0.7820275 ] REAL [0.52382167] FAKE [0.49798006] 
151 epoch LOSS [-1.35480999] Parameters [1.47763551 1.54981475 3.05842542 0.74284117 1.59331174 1.3916911
 3.22654891 0.78169452] REAL [0.51181982] FAKE [0.49592357] 
152 epoch LOSS [-1.40491423] Parameters [1.47763045 1.5498241  3.05848784 0.74260243 1.59332775 1.39169581
 3.22667651 0.78135705] REAL [0.4875338] FAKE [0.49667468] 
153 epoch LOSS [-1.39031289] Parameters [1.47763227 1.54982113 3.05887687 0.74257549 1.5933206  1.39170392
 3.22717494 0.78133003] REAL [0.49606836] FAKE [0.49805833] 
154 epoch LOSS [-1.39133385] Parameters [1.47763351 1.54982226 3.05881121 0.74226683 1.59332628 1.39171297
 3.22733912 0.78104651] REAL [0.49686642] FAKE [0.49937591] 
155 epoch LOSS [-1.41377341] Parameters [1.47763768 1.54983083 3.05868893 0.74248889 1.59331291 1.39169589
 3.22766331 0.78089734] REAL [0.48586346] FAKE [0.49939893] 
156 epoch LOSS [-1.39987753] Parameters [1.47763516 1.54984459 3.05859019 0.74290914 1.59332515 1.39168563
 3.22761531 0.7813699 ] REAL [0.49596533] FAKE [0.50273306] 
157 epoch LOSS [-1.41206283] Parameters [1.4776256  1.54983858 3.05940212 0.74285849 1.59332633 1.39168972
 3.22723118 0.7813119 ] REAL [0.48943201] FAKE [0.50219811] 
158 epoch LOSS [-1.35957475] Parameters [1.47761449 1.5498398  3.05963208 0.74311346 1.59331357 1.39169757
 3.22758366 0.78154967] REAL [0.51538506] FAKE [0.50179008] 
159 epoch LOSS [-1.39194866] Parameters [1.47761274 1.54983834 3.05988254 0.74377256 1.59331537 1.39167992
 3.22739997 0.78215281] REAL [0.49749201] FAKE [0.50031275] 
160 epoch LOSS [-1.42171871] Parameters [1.47761252 1.54983985 3.05990349 0.74467475 1.5933087  1.39169038
 3.22711897 0.78295937] REAL [0.48189261] FAKE [0.49926823] 
161 epoch LOSS [-1.40296599] Parameters [1.477614   1.54983153 3.06010475 0.7453113  1.59332031 1.39168301
 3.22720548 0.78358167] REAL [0.48895553] FAKE [0.4971595] 
162 epoch LOSS [-1.40753863] Parameters [1.47760491 1.54982948 3.05988817 0.74582671 1.59331338 1.39167609
 3.22716424 0.78435093] REAL [0.48537893] FAKE [0.49576519] 
163 epoch LOSS [-1.43462998] Parameters [1.47759149 1.54984735 3.06033242 0.74657532 1.59331187 1.39168065
 3.22751788 0.78501703] REAL [0.47232162] FAKE [0.49567523] 
164 epoch LOSS [-1.38166309] Parameters [1.47760517 1.54984236 3.06032816 0.74753584 1.59331383 1.39169262
 3.22775544 0.78586494] REAL [0.50219382] FAKE [0.49987337] 
165 epoch LOSS [-1.36018414] Parameters [1.47759276 1.5498427  3.06038971 0.74839125 1.59333448 1.39167807
 3.22791589 0.78688844] REAL [0.51486932] FAKE [0.50159485] 
166 epoch LOSS [-1.40660563] Parameters [1.47758681 1.54982174 3.06022842 0.74953057 1.59331769 1.39165658
 3.2282225  0.78795136] REAL [0.48985621] FAKE [0.49990753] 
167 epoch LOSS [-1.3322347] Parameters [1.47758511 1.54982167 3.06042766 0.75050158 1.59332586 1.39164263
 3.22854988 0.7889254 ] REAL [0.5261663] FAKE [0.49847246] 
168 epoch LOSS [-1.36757814] Parameters [1.47756164 1.54982457 3.05989161 0.75186332 1.59333729 1.39164688
 3.22825909 0.79022982] REAL [0.50602689] FAKE [0.49662138] 
169 epoch LOSS [-1.36482027] Parameters [1.47754362 1.54983777 3.06011887 0.75336638 1.59336162 1.39161366
 3.22851546 0.79173794] REAL [0.50784089] FAKE [0.49703424] 
170 epoch LOSS [-1.34228606] Parameters [1.47752967 1.54983165 3.05915948 0.75449716 1.5933643  1.39161819
 3.22805651 0.79290633] REAL [0.5194863] FAKE [0.49710367] 
171 epoch LOSS [-1.39743112] Parameters [1.47753955 1.54981704 3.05891361 0.7558108  1.59335939 1.39164133
 3.22804552 0.79427088] REAL [0.49215295] FAKE [0.49765361] 
172 epoch LOSS [-1.39175606] Parameters [1.47753664 1.54981539 3.05910221 0.75713704 1.59333544 1.3916519
 3.22839673 0.79556119] REAL [0.4952261] FAKE [0.49792974] 
173 epoch LOSS [-1.39346129] Parameters [1.47755569 1.54979462 3.05882137 0.75864795 1.59333747 1.39165509
 3.22800913 0.79689757] REAL [0.49375134] FAKE [0.4972881] 
174 epoch LOSS [-1.38628035] Parameters [1.47755362 1.54979336 3.05877032 0.75997455 1.59333818 1.3916859
 3.22768851 0.79843974] REAL [0.4982025] FAKE [0.49818898] 
175 epoch LOSS [-1.35252673] Parameters [1.47755478 1.5497988  3.05859263 0.76131235 1.59333177 1.39170023
 3.2272389  0.79968699] REAL [0.51675416] FAKE [0.49959559] 
176 epoch LOSS [-1.42810637] Parameters [1.47755678 1.54980161 3.05906253 0.76233779 1.59333744 1.3916962
 3.22745554 0.80108868] REAL [0.47886202] FAKE [0.49930772] 
177 epoch LOSS [-1.39911741] Parameters [1.47754038 1.54980333 3.05891793 0.76324105 1.59334162 1.39171554
 3.22753084 0.80198496] REAL [0.49474861] FAKE [0.50113109] 
178 epoch LOSS [-1.38237529] Parameters [1.47753321 1.54980058 3.05856334 0.76465834 1.59332598 1.39171185
 3.22716324 0.80336685] REAL [0.50268496] FAKE [0.50071772] 
179 epoch LOSS [-1.39805467] Parameters [1.47752801 1.54981372 3.05836742 0.76635206 1.59332001 1.39171291
 3.22723005 0.80500087] REAL [0.49495054] FAKE [0.50080437] 
180 epoch LOSS [-1.37491682] Parameters [1.47753451 1.5498173  3.05825777 0.76738509 1.59333076 1.39172156
 3.22667746 0.80609524] REAL [0.5043134] FAKE [0.49860419] 
181 epoch LOSS [-1.34150662] Parameters [1.4775306  1.54981427 3.05848216 0.76858231 1.59333931 1.39173317
 3.22696979 0.80731424] REAL [0.52069933] FAKE [0.497884] 
182 epoch LOSS [-1.40532746] Parameters [1.4775123  1.54984027 3.05893004 0.76952733 1.59334532 1.39173477
 3.2270437  0.80812507] REAL [0.48848914] FAKE [0.49786658] 
183 epoch LOSS [-1.4142268] Parameters [1.47750276 1.54982611 3.05975095 0.77019059 1.59333704 1.39173524
 3.2272778  0.80869527] REAL [0.48587792] FAKE [0.49964074] 
184 epoch LOSS [-1.34761594] Parameters [1.47749889 1.54983151 3.05877123 0.77098136 1.59332742 1.39173364
 3.22665232 0.80949581] REAL [0.51918136] FAKE [0.49948311] 
185 epoch LOSS [-1.435444] Parameters [1.47750026 1.54983659 3.05838282 0.77135479 1.59332947 1.39173193
 3.22672573 0.81002215] REAL [0.47520274] FAKE [0.4991408] 
186 epoch LOSS [-1.41793219] Parameters [1.47750405 1.54982471 3.05840484 0.77193663 1.59333383 1.39171573
 3.22683061 0.81067748] REAL [0.4829511] FAKE [0.49847023] 
187 epoch LOSS [-1.39390074] Parameters [1.47749653 1.54983832 3.05769943 0.77220646 1.59332332 1.39170426
 3.22614359 0.81092965] REAL [0.49328198] FAKE [0.49703085] 
188 epoch LOSS [-1.42081822] Parameters [1.47748887 1.54985015 3.05813877 0.77278159 1.59332984 1.3917108
 3.22618041 0.81155506] REAL [0.4824966] FAKE [0.4994445] 
189 epoch LOSS [-1.38334001] Parameters [1.47749    1.54985292 3.05821145 0.77354139 1.59333468 1.39170191
 3.22641959 0.81221608] REAL [0.50041499] FAKE [0.49893651] 
190 epoch LOSS [-1.36293734] Parameters [1.47748992 1.54985927 3.05789394 0.77418753 1.59333941 1.39170918
 3.22597876 0.81291239] REAL [0.51056859] FAKE [0.49877845] 
191 epoch LOSS [-1.40524202] Parameters [1.47748913 1.54985609 3.0577897  0.77470007 1.59333834 1.39171523
 3.22610513 0.81312214] REAL [0.48719142] FAKE [0.49648604] 
192 epoch LOSS [-1.37614602] Parameters [1.47747855 1.54984769 3.05874049 0.77464835 1.59334499 1.39172161
 3.22677822 0.81357555] REAL [0.50227009] FAKE [0.49718287] 
193 epoch LOSS [-1.38065519] Parameters [1.47747081 1.54985128 3.05868811 0.77515165 1.59334945 1.39171116
 3.22671443 0.81417218] REAL [0.49882483] FAKE [0.49598785] 
194 epoch LOSS [-1.39388865] Parameters [1.47747187 1.54984424 3.05828158 0.77557164 1.59334902 1.39172158
 3.22616075 0.81460398] REAL [0.49256193] FAKE [0.4962895] 
195 epoch LOSS [-1.42673138] Parameters [1.47746908 1.54984994 3.05793197 0.77578061 1.59335697 1.39172174
 3.22584825 0.81465407] REAL [0.47917654] FAKE [0.49894789] 
196 epoch LOSS [-1.36950778] Parameters [1.47747389 1.54984659 3.05809991 0.77568177 1.5933592  1.3917235
 3.22595376 0.81456545] REAL [0.50758121] FAKE [0.49913026] 
197 epoch LOSS [-1.43629519] Parameters [1.47747811 1.54984302 3.05771027 0.77545308 1.59335287 1.39171928
 3.22592475 0.81444907] REAL [0.47540272] FAKE [0.49977745] 
198 epoch LOSS [-1.43201438] Parameters [1.47747718 1.54984389 3.05802226 0.77527703 1.59335325 1.39171945
 3.22614189 0.81420841] REAL [0.47839638] FAKE [0.50077518] 
199 epoch LOSS [-1.34094009] Parameters [1.47747998 1.54983241 3.05739417 0.77533614 1.59335251 1.3917118
 3.22564907 0.81411895] REAL [0.52282773] FAKE [0.4996447] 
200 epoch LOSS [-1.43464593] Parameters [1.47746776 1.54984708 3.05721466 0.77514039 1.59334578 1.39171424
 3.22578661 0.81413139] REAL [0.4751462] FAKE [0.49868127] 
201 epoch LOSS [-1.43645585] Parameters [1.47747826 1.54985099 3.05725815 0.77549021 1.59334682 1.39171773
 3.22540759 0.8143686 ] REAL [0.47622276] FAKE [0.50071905] 
202 epoch LOSS [-1.34657239] Parameters [1.47747121 1.54985497 3.05745136 0.77539492 1.59334439 1.39172557
 3.22583642 0.81407525] REAL [0.52064788] FAKE [0.5003718] 
203 epoch LOSS [-1.41835236] Parameters [1.47748045 1.54985611 3.05742143 0.77490708 1.59334318 1.39172362
 3.22568944 0.81373607] REAL [0.48439423] FAKE [0.50017447] 
204 epoch LOSS [-1.38742216] Parameters [1.4774903  1.54986165 3.05792528 0.7747312  1.5933519  1.3917352
 3.22595241 0.81359313] REAL [0.49889939] FAKE [0.49946179] 
205 epoch LOSS [-1.37764771] Parameters [1.47749846 1.5498639  3.05765    0.77454692 1.59335154 1.39174529
 3.22611467 0.81331117] REAL [0.50445162] FAKE [0.50010859] 
206 epoch LOSS [-1.42566356] Parameters [1.47749183 1.54986643 3.05782916 0.77411827 1.59334563 1.39172803
 3.22615609 0.81266482] REAL [0.48101946] FAKE [0.5003343] 
207 epoch LOSS [-1.36145031] Parameters [1.47748806 1.54986414 3.05806081 0.77367256 1.59335397 1.39171485
 3.22644166 0.81210744] REAL [0.51070371] FAKE [0.49816537] 
208 epoch LOSS [-1.39332341] Parameters [1.47749166 1.54986158 3.05787784 0.77356337 1.59335628 1.3917119
 3.22596879 0.81203431] REAL [0.4962634] FAKE [0.49976383] 
209 epoch LOSS [-1.38567246] Parameters [1.47750118 1.54986701 3.05755348 0.77293917 1.59335224 1.39170949
 3.2257573  0.81146837] REAL [0.50141125] FAKE [0.50109711] 
210 epoch LOSS [-1.43168534] Parameters [1.47750445 1.54986609 3.05800756 0.772595   1.59335452 1.39171623
 3.22601186 0.81096499] REAL [0.47879931] FAKE [0.50103114] 
211 epoch LOSS [-1.35839863] Parameters [1.47749518 1.54986969 3.05806714 0.77212224 1.59334914 1.39171554
 3.22567665 0.81020845] REAL [0.5135452] FAKE [0.49941677] 
212 epoch LOSS [-1.3700217] Parameters [1.4774964  1.54986042 3.05767227 0.77172543 1.59334255 1.39172059
 3.22525366 0.80959442] REAL [0.5069482] FAKE [0.49876251] 
213 epoch LOSS [-1.41587164] Parameters [1.47749115 1.54985275 3.05762142 0.7714296  1.59334453 1.39171643
 3.22492108 0.80917139] REAL [0.48519307] FAKE [0.49975798] 
214 epoch LOSS [-1.39382915] Parameters [1.47749012 1.54984168 3.05753013 0.77089    1.5933462  1.3917123
 3.22476412 0.80852009] REAL [0.49589254] FAKE [0.49964285] 
215 epoch LOSS [-1.34675583] Parameters [1.47749746 1.54986084 3.05835773 0.77054699 1.59335694 1.39171825
 3.22583866 0.80808503] REAL [0.51905536] FAKE [0.49893082] 
216 epoch LOSS [-1.40337471] Parameters [1.47749431 1.54985407 3.05826353 0.77038799 1.59336135 1.39172004
 3.22594298 0.80787091] REAL [0.49044383] FAKE [0.49889028] 
217 epoch LOSS [-1.37954671] Parameters [1.47748425 1.5498662  3.05883456 0.76991889 1.59336063 1.39170907
 3.22649445 0.80753104] REAL [0.50164411] FAKE [0.49826458] 
218 epoch LOSS [-1.43107595] Parameters [1.47748345 1.54986678 3.05892716 0.7696525  1.59336277 1.39171586
 3.22647093 0.80724725] REAL [0.4752854] FAKE [0.49703573] 
219 epoch LOSS [-1.40494646] Parameters [1.47747959 1.54986347 3.05912081 0.76935907 1.59335689 1.39169768
 3.22648836 0.8068479 ] REAL [0.48751193] FAKE [0.49666833] 
220 epoch LOSS [-1.4140376] Parameters [1.4774764  1.54986081 3.0591984  0.76933432 1.59335687 1.39169331
 3.22665103 0.80672696] REAL [0.48380791] FAKE [0.49740483] 
221 epoch LOSS [-1.36668076] Parameters [1.47746852 1.54985739 3.05903379 0.76906231 1.59335402 1.39169526
 3.22670006 0.80640743] REAL [0.50791465] FAKE [0.49804204] 
222 epoch LOSS [-1.39943852] Parameters [1.47748176 1.54986174 3.05946623 0.76884752 1.59335891 1.39169627
 3.22658808 0.80629393] REAL [0.49051391] FAKE [0.4969858] 
223 epoch LOSS [-1.36567506] Parameters [1.4774952  1.54986013 3.05908493 0.76836832 1.59335673 1.39168405
 3.22634079 0.80587915] REAL [0.50780189] FAKE [0.49742539] 
224 epoch LOSS [-1.3807384] Parameters [1.4774838  1.54984737 3.05850631 0.76824418 1.59335508 1.39168365
 3.22549832 0.80560596] REAL [0.50043987] FAKE [0.49765621] 
225 epoch LOSS [-1.37921341] Parameters [1.47748956 1.54984536 3.05854404 0.76797502 1.59336786 1.39168448
 3.22562056 0.80521195] REAL [0.50139881] FAKE [0.49785178] 
226 epoch LOSS [-1.35198463] Parameters [1.47747972 1.54984692 3.05766145 0.76770625 1.59337242 1.39168713
 3.22547415 0.80502631] REAL [0.51576043] FAKE [0.49835959] 
227 epoch LOSS [-1.34741725] Parameters [1.47747224 1.54985102 3.058067   0.76759336 1.59336338 1.39167722
 3.2258664  0.80498738] REAL [0.51773947] FAKE [0.49798944] 
228 epoch LOSS [-1.33355769] Parameters [1.47747142 1.54986048 3.05825314 0.76756952 1.59336466 1.39167972
 3.22618231 0.8046916 ] REAL [0.52395799] FAKE [0.49702455] 
229 epoch LOSS [-1.41705694] Parameters [1.47747485 1.54986168 3.05753949 0.7676063  1.59337248 1.39168817
 3.22565864 0.80468067] REAL [0.48440206] FAKE [0.49953465] 
230 epoch LOSS [-1.43479147] Parameters [1.47747399 1.54987823 3.05803249 0.76747967 1.59336515 1.39170035
 3.22624056 0.80470144] REAL [0.47497704] FAKE [0.49857572] 
231 epoch LOSS [-1.37913492] Parameters [1.47746802 1.54988282 3.05857159 0.7672578  1.59336    1.3917058
 3.22659629 0.80442342] REAL [0.5015797] FAKE [0.49799347] 
232 epoch LOSS [-1.4174694] Parameters [1.47745382 1.54987191 3.05831252 0.76711852 1.59336106 1.39171391
 3.22647474 0.8041505 ] REAL [0.48246999] FAKE [0.49773774] 
233 epoch LOSS [-1.33323111] Parameters [1.47745976 1.5498755  3.05753812 0.76708403 1.593359   1.39171283
 3.22595542 0.80410491] REAL [0.52371804] FAKE [0.49662975] 
234 epoch LOSS [-1.33505492] Parameters [1.47745372 1.549872   3.05736957 0.76703434 1.59336628 1.39171439
 3.22588652 0.80384075] REAL [0.52447923] FAKE [0.49827618] 
235 epoch LOSS [-1.34477489] Parameters [1.47744991 1.54986845 3.05668151 0.76707802 1.59336388 1.39171711
 3.22534177 0.80377744] REAL [0.5184761] FAKE [0.49737632] 
236 epoch LOSS [-1.35735119] Parameters [1.47745557 1.54987002 3.05660621 0.76669802 1.59336647 1.39171373
 3.22536271 0.80362889] REAL [0.51154553] FAKE [0.4969333] 
237 epoch LOSS [-1.34264212] Parameters [1.47745874 1.54985914 3.05656295 0.7667023  1.59337701 1.39170789
 3.22583032 0.80358801] REAL [0.51929707] FAKE [0.49709951] 
238 epoch LOSS [-1.4157278] Parameters [1.47745708 1.54984892 3.05694011 0.76644931 1.59337935 1.39171282
 3.22615088 0.80362127] REAL [0.4831948] FAKE [0.49761695] 
239 epoch LOSS [-1.34448822] Parameters [1.47745519 1.54985479 3.05696897 0.76616996 1.59337114 1.39171263
 3.22619368 0.80359002] REAL [0.52022846] FAKE [0.49892576] 
240 epoch LOSS [-1.40740995] Parameters [1.47746044 1.54985859 3.05685337 0.76601283 1.59336785 1.39171141
 3.22625151 0.80351332] REAL [0.4877508] FAKE [0.49815265] 
241 epoch LOSS [-1.36133697] Parameters [1.47746533 1.5498538  3.05723393 0.76598406 1.59335327 1.39171049
 3.22668491 0.80355089] REAL [0.50868587] FAKE [0.49611759] 
242 epoch LOSS [-1.35449371] Parameters [1.47747622 1.54984697 3.05695103 0.76613936 1.59336658 1.39171639
 3.22693986 0.80392561] REAL [0.5129257] FAKE [0.49685125] 
243 epoch LOSS [-1.37216052] Parameters [1.47748232 1.54985826 3.05672783 0.76597652 1.59336083 1.39173001
 3.22661748 0.80397634] REAL [0.50487261] FAKE [0.49777717] 
244 epoch LOSS [-1.4049895] Parameters [1.47747618 1.54986188 3.05727042 0.76625322 1.59337042 1.39173347
 3.22722324 0.80415186] REAL [0.48945394] FAKE [0.49868698] 
245 epoch LOSS [-1.36872053] Parameters [1.47746922 1.54986587 3.05697611 0.7664029  1.59336065 1.39172563
 3.227163   0.80437766] REAL [0.50626848] FAKE [0.49743604] 
246 epoch LOSS [-1.36598779] Parameters [1.47746307 1.54986337 3.05698679 0.76682764 1.59336392 1.39171001
 3.22709681 0.80473005] REAL [0.50674649] FAKE [0.49653615] 
247 epoch LOSS [-1.34504965] Parameters [1.47747513 1.54987984 3.05686115 0.76694752 1.59336274 1.39170497
 3.2274527  0.80492272] REAL [0.51782245] FAKE [0.49688011] 
248 epoch LOSS [-1.37316205] Parameters [1.47747102 1.54988056 3.05699813 0.76685754 1.59335859 1.39170283
 3.22766959 0.80471519] REAL [0.50502416] FAKE [0.49843047] 
249 epoch LOSS [-1.34723892] Parameters [1.47746517 1.54988177 3.05700805 0.76675651 1.5933447  1.39169978
 3.22798794 0.80465756] REAL [0.51899787] FAKE [0.49911735] 
250 epoch LOSS [-1.33362036] Parameters [1.47745525 1.54987506 3.0566913  0.76672467 1.5933365  1.39169886
 3.22746229 0.8047691 ] REAL [0.52601791] FAKE [0.49902563] 
251 epoch LOSS [-1.41466635] Parameters [1.47746041 1.54986773 3.05622119 0.7668298  1.59333443 1.39168979
 3.2267499  0.80454307] REAL [0.48718353] FAKE [0.50120095] 
252 epoch LOSS [-1.33655045] Parameters [1.47746289 1.54987328 3.05595601 0.76658189 1.59334202 1.39168089
 3.22648706 0.80445399] REAL [0.52549704] FAKE [0.49999628] 
253 epoch LOSS [-1.38182592] Parameters [1.47747045 1.54988214 3.05559729 0.7667406  1.59333439 1.39167788
 3.22645986 0.80491017] REAL [0.50107226] FAKE [0.49883554] 
254 epoch LOSS [-1.36260588] Parameters [1.4774622  1.54988494 3.05603669 0.76670381 1.59332837 1.39166741
 3.22646678 0.80487964] REAL [0.51062241] FAKE [0.49866513] 
255 epoch LOSS [-1.35127642] Parameters [1.47745758 1.54988717 3.05598176 0.76681249 1.59333335 1.39166603
 3.22671253 0.80492663] REAL [0.5154] FAKE [0.49765314] 
256 epoch LOSS [-1.3381366] Parameters [1.47746322 1.54988051 3.05613351 0.76703423 1.59332429 1.39165502
 3.22709293 0.80512595] REAL [0.52130268] FAKE [0.49677211] 
257 epoch LOSS [-1.3571197] Parameters [1.47746108 1.54988479 3.05658189 0.76738227 1.59332143 1.39165791
 3.22765685 0.80549363] REAL [0.51068612] FAKE [0.49597004] 
258 epoch LOSS [-1.40037762] Parameters [1.47747344 1.54989344 3.05677862 0.76730647 1.59332472 1.39165555
 3.227872   0.80550686] REAL [0.48972184] FAKE [0.49664515] 
259 epoch LOSS [-1.42271851] Parameters [1.47746753 1.5498924  3.05604992 0.76750605 1.5933171  1.39165267
 3.22757346 0.80572038] REAL [0.47994414] FAKE [0.49773778] 
260 epoch LOSS [-1.40422193] Parameters [1.47747896 1.54988762 3.0562787  0.76757788 1.59332547 1.39164775
 3.22791683 0.80566584] REAL [0.48903075] FAKE [0.49786789] 
261 epoch LOSS [-1.36491129] Parameters [1.4774787  1.54989555 3.0556756  0.76746394 1.59331898 1.39165519
 3.22739667 0.80555671] REAL [0.50889784] FAKE [0.49812456] 
262 epoch LOSS [-1.32931803] Parameters [1.47746974 1.54989488 3.05535853 0.7674651  1.59331946 1.39166373
 3.22676728 0.80540166] REAL [0.52563987] FAKE [0.49650377] 
263 epoch LOSS [-1.38276522] Parameters [1.47746375 1.54988535 3.05574458 0.76771231 1.59332127 1.39166396
 3.22698796 0.80571218] REAL [0.49777135] FAKE [0.49598576] 
264 epoch LOSS [-1.39671667] Parameters [1.47746441 1.54988025 3.05545213 0.76795002 1.59332701 1.39167428
 3.22751023 0.80591965] REAL [0.49108033] FAKE [0.49619657] 
265 epoch LOSS [-1.33750721] Parameters [1.47747332 1.54987881 3.05569696 0.76788069 1.59333085 1.39166872
 3.22810399 0.80573634] REAL [0.52265391] FAKE [0.49775712] 
266 epoch LOSS [-1.41304621] Parameters [1.47748227 1.54988089 3.05605603 0.76780545 1.59332976 1.39167402
 3.22853766 0.8055463 ] REAL [0.48588475] FAKE [0.49905671] 
267 epoch LOSS [-1.33509874] Parameters [1.47748394 1.54988455 3.05650694 0.76807258 1.59331681 1.39167793
 3.22893997 0.80566526] REAL [0.527142] FAKE [0.50083243] 
268 epoch LOSS [-1.41574543] Parameters [1.47749327 1.54988211 3.05695156 0.76817566 1.59331722 1.39166952
 3.22942722 0.80565696] REAL [0.48698418] FAKE [0.50153494] 
269 epoch LOSS [-1.39345128] Parameters [1.47750011 1.54986669 3.05614942 0.7681703  1.5933142  1.39167041
 3.22869835 0.80541428] REAL [0.49837182] FAKE [0.50194383] 
270 epoch LOSS [-1.3757691] Parameters [1.47749197 1.54985862 3.05596558 0.76837041 1.593311   1.3916797
 3.22847703 0.80572467] REAL [0.50545952] FAKE [0.50016727] 
271 epoch LOSS [-1.3974916] Parameters [1.47749931 1.54986352 3.05611531 0.76836763 1.59331874 1.3916824
 3.2285135  0.80570316] REAL [0.49434653] FAKE [0.49991293] 
272 epoch LOSS [-1.39005021] Parameters [1.47748545 1.54986931 3.0558766  0.7683865  1.59332344 1.3916793
 3.22834312 0.80563444] REAL [0.49737382] FAKE [0.49924425] 
273 epoch LOSS [-1.43549816] Parameters [1.47748226 1.54985563 3.05600202 0.76863756 1.59333557 1.39166982
 3.22814624 0.80592123] REAL [0.47491364] FAKE [0.49886304] 
274 epoch LOSS [-1.40586234] Parameters [1.47749835 1.54985686 3.05579577 0.76892026 1.59334492 1.39166642
 3.22779563 0.80628993] REAL [0.48954479] FAKE [0.49921731] 
275 epoch LOSS [-1.37685922] Parameters [1.47750091 1.54985588 3.05564372 0.76897819 1.59333552 1.39167161
 3.22759898 0.80638071] REAL [0.5043446] FAKE [0.49960811] 
276 epoch LOSS [-1.37399202] Parameters [1.47749994 1.54985048 3.05513877 0.76897467 1.59333773 1.39167424
 3.227133   0.8061528 ] REAL [0.50700195] FAKE [0.50080156] 
277 epoch LOSS [-1.37879792] Parameters [1.47749186 1.5498373  3.05543245 0.76887503 1.59332505 1.39167755
 3.22742858 0.80618528] REAL [0.50455904] FAKE [0.50078954] 
278 epoch LOSS [-1.42873692] Parameters [1.47749152 1.5498437  3.05583562 0.7686854  1.59332959 1.39165461
 3.22781289 0.80601706] REAL [0.4804085] FAKE [0.50123409] 
279 epoch LOSS [-1.41937637] Parameters [1.47747814 1.54984466 3.05597968 0.76859008 1.59333522 1.3916462
 3.22786717 0.80610281] REAL [0.4855208] FAKE [0.50184461] 
280 epoch LOSS [-1.41775324] Parameters [1.47747627 1.54984441 3.0558147  0.7686756  1.59334349 1.39163182
 3.22767461 0.80622286] REAL [0.48391455] FAKE [0.49937918] 
281 epoch LOSS [-1.36953342] Parameters [1.47747324 1.54984886 3.0549366  0.76857471 1.59335982 1.39163147
 3.22733463 0.80618123] REAL [0.50764129] FAKE [0.49920239] 
282 epoch LOSS [-1.40138726] Parameters [1.47747681 1.54985763 3.05530893 0.76818519 1.59335284 1.39162729
 3.22773256 0.80598742] REAL [0.49280267] FAKE [0.50029672] 
283 epoch LOSS [-1.39858774] Parameters [1.47747588 1.54985349 3.0556255  0.76834274 1.59334764 1.39162346
 3.22763403 0.8062868 ] REAL [0.49378029] FAKE [0.49988796] 
284 epoch LOSS [-1.42210213] Parameters [1.47746223 1.54986202 3.05578107 0.76835795 1.59335141 1.39161564
 3.22746051 0.80629493] REAL [0.48031661] FAKE [0.49781783] 
285 epoch LOSS [-1.39186642] Parameters [1.4774647  1.5498574  3.05553894 0.76825803 1.59335181 1.39161303
 3.22741293 0.80606773] REAL [0.49789969] FAKE [0.50068084] 
286 epoch LOSS [-1.42679226] Parameters [1.47746367 1.54985623 3.05588986 0.76817958 1.59334285 1.39161343
 3.22745432 0.80593113] REAL [0.48120476] FAKE [0.50109014] 
287 epoch LOSS [-1.40678082] Parameters [1.47746839 1.54987368 3.05606247 0.76811294 1.59334207 1.39160737
 3.22760589 0.8058506 ] REAL [0.48985366] FAKE [0.49999253] 
288 epoch LOSS [-1.43515143] Parameters [1.47747407 1.54987437 3.05644367 0.76788189 1.59333096 1.3916016
 3.2277182  0.80579192] REAL [0.47577044] FAKE [0.49959205] 
289 epoch LOSS [-1.35516311] Parameters [1.47747554 1.54988162 3.05652004 0.76770445 1.59334087 1.39160003
 3.22757992 0.80572772] REAL [0.51463364] FAKE [0.49885665] 
290 epoch LOSS [-1.37878408] Parameters [1.47748042 1.54987574 3.05612055 0.76785663 1.59334547 1.39159924
 3.2273395  0.80576435] REAL [0.50319827] FAKE [0.49943263] 
291 epoch LOSS [-1.4126991] Parameters [1.47747655 1.54987644 3.0565678  0.76777542 1.59334388 1.39159713
 3.2274653  0.80546915] REAL [0.48859776] FAKE [0.50166533] 
292 epoch LOSS [-1.42572703] Parameters [1.47747784 1.54988752 3.056506   0.76761611 1.59334232 1.39159886
 3.22759145 0.80548387] REAL [0.48236008] FAKE [0.50175465] 
293 epoch LOSS [-1.37576276] Parameters [1.47747035 1.54989264 3.05640756 0.76744664 1.59334099 1.39159401
 3.22743617 0.80525964] REAL [0.50534891] FAKE [0.5000547] 
294 epoch LOSS [-1.34739495] Parameters [1.47745869 1.54989102 3.05611715 0.76724969 1.59334535 1.39159421
 3.22686586 0.80506947] REAL [0.519711] FAKE [0.49988267] 
295 epoch LOSS [-1.39606488] Parameters [1.47745658 1.54989341 3.05570894 0.76695158 1.59333957 1.39160544
 3.22691365 0.80462273] REAL [0.493179] FAKE [0.49801337] 
296 epoch LOSS [-1.36765173] Parameters [1.47745433 1.54988868 3.05583139 0.76644486 1.59333165 1.39159563
 3.22700157 0.80442737] REAL [0.50764806] FAKE [0.49826585] 
297 epoch LOSS [-1.38037526] Parameters [1.47745021 1.54990169 3.0559035  0.76625772 1.59332091 1.39158795
 3.22683741 0.80418418] REAL [0.50168499] FAKE [0.49872098] 
298 epoch LOSS [-1.37702862] Parameters [1.47746867 1.54990282 3.05555463 0.76618884 1.59332404 1.39159072
 3.22649364 0.80407644] REAL [0.50453604] FAKE [0.49988271] 
299 epoch LOSS [-1.38458952] Parameters [1.47746177 1.54989063 3.05519686 0.76603025 1.5933264  1.39158868
 3.226108   0.80403824] REAL [0.50136794] FAKE [0.50051339] 
300 epoch LOSS [-1.37750516] Parameters [1.47746109 1.54987899 3.05564536 0.76596907 1.59331942 1.39160245
 3.22627358 0.80397336] REAL [0.5037517] FAKE [0.49934266] 
301 epoch LOSS [-1.40924527] Parameters [1.47745963 1.54987283 3.0564851  0.76598882 1.59331222 1.39159961
 3.22663239 0.80390676] REAL [0.48851508] FAKE [0.49985655] 
302 epoch LOSS [-1.33426565] Parameters [1.47745633 1.54987594 3.05639304 0.76565056 1.59331939 1.39160414
 3.22689788 0.80366106] REAL [0.52543098] FAKE [0.49878955] 
303 epoch LOSS [-1.36958084] Parameters [1.47746375 1.54986397 3.05640281 0.76553375 1.5933156  1.39160868
 3.22722136 0.8035139 ] REAL [0.50917196] FAKE [0.50073156] 
304 epoch LOSS [-1.34977167] Parameters [1.47747659 1.54986002 3.05594117 0.76549489 1.59331746 1.3915988
 3.22646796 0.80342362] REAL [0.52042265] FAKE [0.50175217] 
305 epoch LOSS [-1.36876128] Parameters [1.47748026 1.54985529 3.05545605 0.76510549 1.59331824 1.39160833
 3.22646208 0.80307905] REAL [0.51012394] FAKE [0.50125469] 
306 epoch LOSS [-1.35536729] Parameters [1.47750019 1.54985307 3.05574251 0.76490824 1.59331268 1.39160357
 3.22675922 0.80288811] REAL [0.51694501] FAKE [0.50119923] 
307 epoch LOSS [-1.36532487] Parameters [1.47749896 1.54984236 3.05505721 0.76498218 1.59331378 1.39159872
 3.22632723 0.80277326] REAL [0.50868808] FAKE [0.49812521] 
308 epoch LOSS [-1.36775721] Parameters [1.47749824 1.54983654 3.05431524 0.7646959  1.59331844 1.39160371
 3.2260723  0.80234494] REAL [0.50731877] FAKE [0.49799313] 
309 epoch LOSS [-1.43715952] Parameters [1.47748594 1.54984313 3.05460697 0.76437585 1.59332881 1.39160061
 3.22667666 0.80216556] REAL [0.47369841] FAKE [0.49841144] 
310 epoch LOSS [-1.41741422] Parameters [1.47748056 1.54982906 3.05439094 0.76410247 1.59332716 1.39159949
 3.22670997 0.80212508] REAL [0.4843658] FAKE [0.49967598] 
311 epoch LOSS [-1.35907587] Parameters [1.47747513 1.54982417 3.05439683 0.76396694 1.59332441 1.39158652
 3.22666905 0.80200503] REAL [0.51192514] FAKE [0.49817257] 
312 epoch LOSS [-1.41319817] Parameters [1.47747667 1.54982695 3.05465001 0.76377023 1.59332933 1.39157875
 3.2269217  0.80173356] REAL [0.4871288] FAKE [0.50041197] 
313 epoch LOSS [-1.33812621] Parameters [1.4774743  1.54983048 3.05478769 0.76344409 1.5933281  1.39158653
 3.22692378 0.80119394] REAL [0.52366257] FAKE [0.49903471] 
314 epoch LOSS [-1.36342061] Parameters [1.47747711 1.54982742 3.05448344 0.76338674 1.59333167 1.3915965
 3.22686895 0.80109381] REAL [0.51205443] FAKE [0.50047431] 
315 epoch LOSS [-1.40354289] Parameters [1.47748586 1.54982605 3.05476305 0.76339436 1.59332353 1.39160245
 3.22783296 0.80124309] REAL [0.49241272] FAKE [0.50097787] 
316 epoch LOSS [-1.4037754] Parameters [1.47748848 1.54981634 3.05490631 0.76350028 1.59331687 1.39160409
 3.22816138 0.80135524] REAL [0.49342081] FAKE [0.50211318] 
317 epoch LOSS [-1.34575825] Parameters [1.47748302 1.54980977 3.05470717 0.76365095 1.59332077 1.39161796
 3.22801225 0.80124378] REAL [0.52075473] FAKE [0.50006747] 
318 epoch LOSS [-1.34845847] Parameters [1.477485   1.54980874 3.05435486 0.76354311 1.59332201 1.3916084
 3.22778487 0.8009178 ] REAL [0.51824132] FAKE [0.4989975] 
319 epoch LOSS [-1.40069734] Parameters [1.47748114 1.54979787 3.05471236 0.76356028 1.59331809 1.39161352
 3.22796409 0.80091306] REAL [0.49169271] FAKE [0.49882303] 
320 epoch LOSS [-1.39024201] Parameters [1.47749511 1.54978285 3.05465055 0.76383662 1.59332144 1.39161064
 3.22793696 0.80118281] REAL [0.4980385] FAKE [0.50000846] 
321 epoch LOSS [-1.35428833] Parameters [1.47749727 1.54978774 3.05417221 0.7636796  1.59332803 1.39161391
 3.22758778 0.80087938] REAL [0.5144179] FAKE [0.49820772] 
322 epoch LOSS [-1.39075902] Parameters [1.47750671 1.54978401 3.05398304 0.76339032 1.59332971 1.39161163
 3.22751254 0.80057483] REAL [0.49571565] FAKE [0.49792522] 
323 epoch LOSS [-1.42185941] Parameters [1.47750297 1.54978582 3.0544029  0.76345497 1.59333595 1.39160287
 3.22765533 0.80091678] REAL [0.48194397] FAKE [0.49939204] 
324 epoch LOSS [-1.36845424] Parameters [1.47749322 1.54980174 3.05451819 0.76375902 1.59333102 1.39160112
 3.22803357 0.8010028 ] REAL [0.50895187] FAKE [0.49995261] 
325 epoch LOSS [-1.43541704] Parameters [1.47749361 1.5498008  3.05451263 0.76382006 1.59333786 1.39158899
 3.22823026 0.80103237] REAL [0.47805276] FAKE [0.50211337] 
326 epoch LOSS [-1.42658095] Parameters [1.47749435 1.54980281 3.05417348 0.76375465 1.59334376 1.39158272
 3.22811676 0.80102206] REAL [0.48317166] FAKE [0.50301611] 
327 epoch LOSS [-1.41397] Parameters [1.47749712 1.54981146 3.05463619 0.76367    1.59335712 1.3915898
 3.22875323 0.8011486 ] REAL [0.48862688] FAKE [0.50232792] 
328 epoch LOSS [-1.41925051] Parameters [1.47750181 1.54981472 3.05495928 0.76388575 1.59335619 1.39158804
 3.22905981 0.80128472] REAL [0.48749304] FAKE [0.50379754] 
329 epoch LOSS [-1.3917935] Parameters [1.47750561 1.54980106 3.05550182 0.76409508 1.59335378 1.3915897
 3.22907525 0.80155814] REAL [0.50066806] FAKE [0.50340553] 
330 epoch LOSS [-1.33012251] Parameters [1.47751005 1.54978034 3.05558992 0.76412794 1.59335474 1.39159171
 3.22927231 0.80164795] REAL [0.52919425] FAKE [0.50028773] 
331 epoch LOSS [-1.39137903] Parameters [1.47752424 1.5497718  3.05501962 0.76427414 1.59336241 1.39159049
 3.22887504 0.80197688] REAL [0.4978646] FAKE [0.5004022] 
332 epoch LOSS [-1.36842844] Parameters [1.47752173 1.54976672 3.05417915 0.76422158 1.59336149 1.3915915
 3.22794899 0.80185722] REAL [0.50982022] FAKE [0.50079144] 
333 epoch LOSS [-1.36003108] Parameters [1.47752056 1.54977586 3.05483899 0.76452091 1.59335254 1.39159074
 3.2284566  0.80194067] REAL [0.51350558] FAKE [0.50019472] 
334 epoch LOSS [-1.37657899] Parameters [1.47749997 1.54977499 3.05529694 0.76491976 1.5933423  1.39160346
 3.22875179 0.80209202] REAL [0.50425875] FAKE [0.49938265] 
335 epoch LOSS [-1.38403862] Parameters [1.47749361 1.54977864 3.05493824 0.76529665 1.5933473  1.39159399
 3.22833209 0.802495  ] REAL [0.49863898] FAKE [0.49750304] 
336 epoch LOSS [-1.34341923] Parameters [1.47749137 1.54977651 3.05474904 0.76552223 1.5933485  1.3915973
 3.22818663 0.80271828] REAL [0.51861787] FAKE [0.49683206] 
337 epoch LOSS [-1.40154686] Parameters [1.47748701 1.54977761 3.05506555 0.76565019 1.59334954 1.39158537
 3.22838299 0.8026924 ] REAL [0.48856266] FAKE [0.49604047] 
338 epoch LOSS [-1.34047555] Parameters [1.47747366 1.54977824 3.0548227  0.7661474  1.59333995 1.3915852
 3.22857103 0.80314447] REAL [0.51838283] FAKE [0.49511989] 
339 epoch LOSS [-1.37164618] Parameters [1.47748233 1.54976964 3.05534343 0.76660334 1.59333845 1.39157022
 3.22893816 0.80351279] REAL [0.50367152] FAKE [0.49632055] 
340 epoch LOSS [-1.40514852] Parameters [1.47748946 1.54976437 3.05588769 0.76710378 1.59334033 1.39158552
 3.22920437 0.80363575] REAL [0.4887673] FAKE [0.49806254] 
341 epoch LOSS [-1.35503139] Parameters [1.47750674 1.54975744 3.05667756 0.76739036 1.59333756 1.39159607
 3.22962466 0.80387722] REAL [0.51329576] FAKE [0.49748427] 
342 epoch LOSS [-1.37553357] Parameters [1.47750889 1.54975767 3.05646722 0.76765922 1.59332736 1.39161065
 3.22937946 0.8038803 ] REAL [0.50558047] FAKE [0.50016913] 
343 epoch LOSS [-1.37181338] Parameters [1.47750989 1.54975153 3.05592613 0.76795494 1.59332037 1.39161267
 3.22946564 0.80409187] REAL [0.50735549] FAKE [0.50006142] 
344 epoch LOSS [-1.34008936] Parameters [1.47751742 1.54974387 3.05530455 0.76822317 1.59332069 1.39161482
 3.2288715  0.80437645] REAL [0.52174812] FAKE [0.49818262] 
345 epoch LOSS [-1.34572546] Parameters [1.47752117 1.54973988 3.05518298 0.76848581 1.59333535 1.3916121
 3.2287457  0.80463812] REAL [0.51759468] FAKE [0.49699876] 
346 epoch LOSS [-1.40207484] Parameters [1.47750869 1.54972711 3.05550979 0.76851981 1.59333441 1.39161308
 3.22944232 0.8048637 ] REAL [0.49122983] FAKE [0.49904133] 
347 epoch LOSS [-1.42022001] Parameters [1.4775106  1.54972071 3.05549261 0.76864092 1.59333629 1.39161532
 3.2298767  0.80496707] REAL [0.48235304] FAKE [0.49899591] 
348 epoch LOSS [-1.3597995] Parameters [1.47750948 1.54973457 3.05527561 0.76871687 1.59333296 1.39160944
 3.22928632 0.80501431] REAL [0.51173814] FAKE [0.49835234] 
349 epoch LOSS [-1.39746446] Parameters [1.47750974 1.54972676 3.05519051 0.76887094 1.59334071 1.39161252
 3.22931349 0.80532548] REAL [0.49241592] FAKE [0.49793863] 
350 epoch LOSS [-1.3377023] Parameters [1.47750783 1.54973207 3.05535037 0.76902374 1.59334584 1.39161098
 3.22960027 0.80534011] REAL [0.52078896] FAKE [0.4960569] 
351 epoch LOSS [-1.41115302] Parameters [1.47751049 1.5497272  3.05579366 0.76942973 1.59334269 1.39161789
 3.22972702 0.80547686] REAL [0.48674592] FAKE [0.4989954] 
352 epoch LOSS [-1.4272162] Parameters [1.4775146  1.549732   3.05530886 0.76959158 1.59336003 1.39161862
 3.22940585 0.8057369 ] REAL [0.47970114] FAKE [0.49973845] 
353 epoch LOSS [-1.37689606] Parameters [1.47752014 1.54972256 3.05499373 0.7697706  1.59335881 1.39161149
 3.22930956 0.80605289] REAL [0.50587824] FAKE [0.50114349] 
354 epoch LOSS [-1.33348801] Parameters [1.4775196  1.54971732 3.05451966 0.7694897  1.59335559 1.3916282
 3.22889265 0.80582562] REAL [0.52774825] FAKE [0.5006021] 
355 epoch LOSS [-1.34382078] Parameters [1.47752837 1.5497118  3.05444585 0.76943279 1.59335953 1.391631
 3.2289356  0.80590739] REAL [0.52414785] FAKE [0.50234057] 
356 epoch LOSS [-1.41152168] Parameters [1.47752551 1.54971643 3.05447705 0.76930194 1.59336095 1.39164231
 3.22895614 0.80571655] REAL [0.48883464] FAKE [0.50132] 
357 epoch LOSS [-1.39471299] Parameters [1.47753307 1.54972061 3.05466175 0.76926526 1.59335925 1.39164388
 3.22927766 0.80564194] REAL [0.49722754] FAKE [0.5014271] 
358 epoch LOSS [-1.37704049] Parameters [1.47752727 1.5497211  3.05516496 0.76916949 1.59336368 1.39164137
 3.22948826 0.80560996] REAL [0.50415139] FAKE [0.49950707] 
359 epoch LOSS [-1.36238576] Parameters [1.47752123 1.54973021 3.05510257 0.76928001 1.59336927 1.39164904
 3.22959486 0.80575881] REAL [0.51036871] FAKE [0.4983055] 
360 epoch LOSS [-1.33027824] Parameters [1.47752152 1.54972727 3.05550366 0.76931316 1.59338382 1.39164576
 3.22988815 0.8059666 ] REAL [0.52627029] FAKE [0.49758957] 
361 epoch LOSS [-1.38203204] Parameters [1.47752276 1.54971792 3.05538173 0.76904037 1.59338541 1.39164515
 3.22935873 0.80596672] REAL [0.49798822] FAKE [0.49583576] 
362 epoch LOSS [-1.33435399] Parameters [1.47750702 1.54972485 3.05485697 0.76906345 1.59338078 1.39165486
 3.22868163 0.80601158] REAL [0.52277161] FAKE [0.49628437] 
363 epoch LOSS [-1.35691219] Parameters [1.47751082 1.54972494 3.05483447 0.76916833 1.59336896 1.39166666
 3.22909421 0.80597924] REAL [0.5123687] FAKE [0.49752098] 
364 epoch LOSS [-1.43271787] Parameters [1.47751661 1.54973874 3.05432517 0.7693766  1.59337398 1.39166938
 3.22854566 0.80629246] REAL [0.47569797] FAKE [0.49829637] 
365 epoch LOSS [-1.33371479] Parameters [1.47752198 1.5497401  3.05435425 0.76938116 1.59337669 1.39166202
 3.22884632 0.80624885] REAL [0.52464518] FAKE [0.49776226] 
366 epoch LOSS [-1.36958098] Parameters [1.47752313 1.54973864 3.05420605 0.76919239 1.59337821 1.39166073
 3.22847987 0.80610074] REAL [0.50530975] FAKE [0.49691559] 
367 epoch LOSS [-1.41609108] Parameters [1.47752067 1.54975091 3.05401437 0.76915006 1.59336508 1.39165691
 3.228466   0.80610083] REAL [0.48307837] FAKE [0.49767838] 
368 epoch LOSS [-1.42062345] Parameters [1.4775087  1.54975474 3.05414494 0.76921297 1.59337784 1.39166496
 3.22876712 0.8062283 ] REAL [0.48063058] FAKE [0.49740325] 
369 epoch LOSS [-1.33011125] Parameters [1.47750252 1.54976321 3.05457114 0.76889168 1.59337968 1.39165835
 3.22870225 0.80598631] REAL [0.52692078] FAKE [0.498126] 
370 epoch LOSS [-1.39610397] Parameters [1.47749318 1.54977733 3.05474718 0.76883751 1.59339495 1.39165526
 3.22906422 0.805926  ] REAL [0.49654734] FAKE [0.5014381] 
371 epoch LOSS [-1.34223108] Parameters [1.4774905  1.54977242 3.0548566  0.76893016 1.59338902 1.39166849
 3.2292453  0.80582566] REAL [0.52282938] FAKE [0.50029181] 
372 epoch LOSS [-1.39295734] Parameters [1.47749958 1.54976797 3.05508837 0.76868506 1.59338938 1.39165904
 3.22937906 0.80568313] REAL [0.49482687] FAKE [0.49812792] 
373 epoch LOSS [-1.43374653] Parameters [1.47750981 1.54976511 3.05527332 0.76864551 1.59339367 1.39164884
 3.22893356 0.80568601] REAL [0.47585304] FAKE [0.49897552] 
374 epoch LOSS [-1.42907269] Parameters [1.47750802 1.54975488 3.05566048 0.76820206 1.59339464 1.39163816
 3.2293119  0.8055302 ] REAL [0.47921276] FAKE [0.50015743] 
375 epoch LOSS [-1.4191614] Parameters [1.47751543 1.54975785 3.05594193 0.76756834 1.59340581 1.39164712
 3.22978655 0.80511402] REAL [0.48419824] FAKE [0.50037654] 
376 epoch LOSS [-1.37367368] Parameters [1.4775227  1.54976278 3.05576359 0.76736039 1.59340461 1.39165194
 3.22952279 0.80493081] REAL [0.50598827] FAKE [0.49964223] 
377 epoch LOSS [-1.40862643] Parameters [1.47753602 1.54975373 3.05552065 0.76714567 1.59340173 1.39165073
 3.22925461 0.80479349] REAL [0.48792802] FAKE [0.49894483] 
378 epoch LOSS [-1.34403356] Parameters [1.47753405 1.54975147 3.05516718 0.76721956 1.59339707 1.39164817
 3.22903633 0.80489495] REAL [0.51865969] FAKE [0.49718162] 
379 epoch LOSS [-1.35687279] Parameters [1.47754206 1.54975196 3.05549453 0.76742311 1.59340434 1.39165063
 3.22915485 0.80505811] REAL [0.51231425] FAKE [0.49744777] 
380 epoch LOSS [-1.39410882] Parameters [1.47754605 1.54975386 3.05499819 0.76740461 1.59340354 1.3916319
 3.22921038 0.80494835] REAL [0.4968068] FAKE [0.50070329] 
381 epoch LOSS [-1.33081724] Parameters [1.4775604  1.54976804 3.05592667 0.7670924  1.59340966 1.39163572
 3.23000509 0.80463613] REAL [0.52764249] FAKE [0.49916617] 
382 epoch LOSS [-1.36246282] Parameters [1.47755711 1.54977833 3.05605426 0.76718305 1.59340847 1.39163823
 3.23056971 0.80467548] REAL [0.50941381] FAKE [0.4974038] 
383 epoch LOSS [-1.43284008] Parameters [1.47756058 1.54977076 3.05553109 0.76703533 1.59340376 1.39164735
 3.23005407 0.80461306] REAL [0.47782565] FAKE [0.50059142] 
384 epoch LOSS [-1.36576781] Parameters [1.47757143 1.5497716  3.05595388 0.76707619 1.5933955  1.39165442
 3.23031533 0.8044611 ] REAL [0.51046034] FAKE [0.50008914] 
385 epoch LOSS [-1.39788322] Parameters [1.477577   1.54976619 3.05601059 0.76690193 1.59339775 1.39164868
 3.23037969 0.80459519] REAL [0.49376687] FAKE [0.49952189] 
386 epoch LOSS [-1.38726361] Parameters [1.47757171 1.54978657 3.05630277 0.76703552 1.59339472 1.39163662
 3.23040218 0.8046627 ] REAL [0.49824466] FAKE [0.49872457] 
387 epoch LOSS [-1.43264157] Parameters [1.47758362 1.54978383 3.0559466  0.7671166  1.59339507 1.39163436
 3.23006338 0.80452425] REAL [0.47773085] FAKE [0.50039314] 
388 epoch LOSS [-1.4030589] Parameters [1.4775864  1.54978429 3.05576028 0.76693443 1.59340282 1.39164564
 3.22962336 0.80422213] REAL [0.48971099] FAKE [0.49798186] 
389 epoch LOSS [-1.40010145] Parameters [1.47758649 1.54978251 3.05537885 0.76696076 1.59340084 1.3916506
 3.229185   0.80439844] REAL [0.49210533] FAKE [0.49894477] 
390 epoch LOSS [-1.35562804] Parameters [1.4775872  1.54978154 3.0556063  0.76665868 1.59340339 1.39166
 3.22986317 0.80402629] REAL [0.51610992] FAKE [0.5005224] 
391 epoch LOSS [-1.37346883] Parameters [1.47759181 1.5497849  3.05501515 0.76681818 1.59339661 1.39166564
 3.22936597 0.80406054] REAL [0.50645672] FAKE [0.50000262] 
392 epoch LOSS [-1.41964945] Parameters [1.47758914 1.54978006 3.05468114 0.76690968 1.59339739 1.39166394
 3.2291657  0.80388265] REAL [0.48430736] FAKE [0.50073283] 
393 epoch LOSS [-1.35380699] Parameters [1.47758736 1.54978188 3.05490759 0.76694948 1.59340041 1.39166885
 3.22937111 0.8038582 ] REAL [0.51641786] FAKE [0.49991038] 
394 epoch LOSS [-1.41613835] Parameters [1.47760256 1.54978153 3.055454   0.76676706 1.59339403 1.3916638
 3.22959545 0.80372547] REAL [0.48601256] FAKE [0.50073464] 
395 epoch LOSS [-1.37745329] Parameters [1.47760128 1.5497795  3.05642927 0.76652407 1.59339546 1.39166765
 3.2302604  0.8036095 ] REAL [0.50398979] FAKE [0.49955322] 
396 epoch LOSS [-1.37261982] Parameters [1.47760682 1.54976599 3.05644741 0.76635933 1.59339769 1.39167976
 3.23032449 0.80358881] REAL [0.50687618] FAKE [0.49999205] 
397 epoch LOSS [-1.42286413] Parameters [1.47760455 1.54976319 3.05608967 0.76613211 1.59339638 1.39168048
 3.22947731 0.80339941] REAL [0.48106046] FAKE [0.49897627] 
398 epoch LOSS [-1.41776861] Parameters [1.47760057 1.54975901 3.05617709 0.76603091 1.59341008 1.39168811
 3.22970056 0.8033422 ] REAL [0.48273567] FAKE [0.49816433] 
399 epoch LOSS [-1.41385805] Parameters [1.47760083 1.54975883 3.05644381 0.76605675 1.59339616 1.39168213
 3.22990635 0.80314343] REAL [0.48405459] FAKE [0.49757075] 
