RUN 11_12_2021__13_08_29 
0 epoch LOSS [-1.76484088] Parameters [1.68902197 1.66367569 1.55314402 1.75869561 1.5272749  1.77919546
 1.64787719 1.53215098] REAL [0.67259841] FAKE [0.7454439] 
1 epoch LOSS [-1.67778796] Parameters [1.68902424 1.66367894 1.55294761 1.75791143 1.52728112 1.7792005
 1.64764522 1.53137845] REAL [0.64141922] FAKE [0.70879155] 
2 epoch LOSS [-1.59889668] Parameters [1.68902173 1.66367719 1.55288167 1.75730929 1.52727984 1.7792056
 1.64756366 1.53078433] REAL [0.62124256] FAKE [0.67465301] 
3 epoch LOSS [-1.54494375] Parameters [1.68902122 1.66367997 1.55294233 1.75693753 1.52727824 1.77920841
 1.64762729 1.53039527] REAL [0.59832302] FAKE [0.64346371] 
4 epoch LOSS [-1.49417518] Parameters [1.68902024 1.66368094 1.5531048  1.7567061  1.52727759 1.77920961
 1.64780446 1.53017947] REAL [0.58360713] FAKE [0.61543711] 
5 epoch LOSS [-1.45444469] Parameters [1.68901962 1.66368081 1.55332713 1.75661014 1.5272784  1.77920941
 1.64804427 1.53008256] REAL [0.5701505] FAKE [0.59040638] 
6 epoch LOSS [-1.42277398] Parameters [1.68902075 1.66367975 1.55361083 1.75662301 1.5272786  1.77920778
 1.6484021  1.53009139] REAL [0.55830171] FAKE [0.56825417] 
7 epoch LOSS [-1.3933644] Parameters [1.68902021 1.66367882 1.55408204 1.75674221 1.52727824 1.77920561
 1.64885978 1.53020616] REAL [0.55007304] FAKE [0.5487168] 
8 epoch LOSS [-1.3680929] Parameters [1.68902492 1.66367467 1.55469366 1.75693337 1.52727605 1.7792078
 1.64948905 1.53039865] REAL [0.54343634] FAKE [0.53151453] 
9 epoch LOSS [-1.34552957] Parameters [1.68902087 1.6636781  1.55535159 1.75719695 1.52727721 1.7792076
 1.65012977 1.53065385] REAL [0.53837424] FAKE [0.51631829] 
10 epoch LOSS [-1.32513096] Parameters [1.68901907 1.66367954 1.55614294 1.75754929 1.52727092 1.77921176
 1.65097197 1.53099323] REAL [0.53485971] FAKE [0.5031068] 
11 epoch LOSS [-1.30669915] Parameters [1.68902172 1.66368016 1.5569454  1.75797018 1.52727029 1.77921287
 1.65181158 1.53143326] REAL [0.53201126] FAKE [0.49115332] 
12 epoch LOSS [-1.29010751] Parameters [1.68902454 1.66367649 1.55777226 1.75844588 1.52726714 1.77921432
 1.65263723 1.53190095] REAL [0.53000108] FAKE [0.48067806] 
13 epoch LOSS [-1.27206879] Parameters [1.6890186  1.66367438 1.55882607 1.75900763 1.52726502 1.77921999
 1.65362834 1.5324416 ] REAL [0.53011385] FAKE [0.47133764] 
14 epoch LOSS [-1.25702378] Parameters [1.68902242 1.66367717 1.55996022 1.75966607 1.52726067 1.779207
 1.65474356 1.53307869] REAL [0.52965311] FAKE [0.46285692] 
15 epoch LOSS [-1.24305591] Parameters [1.6890345  1.66366923 1.56123076 1.76036763 1.52726565 1.77920987
 1.6560242  1.53376448] REAL [0.52943748] FAKE [0.45507969] 
16 epoch LOSS [-1.22371528] Parameters [1.68903492 1.66367876 1.56240892 1.76113259 1.52727885 1.77920928
 1.65719933 1.5345641 ] REAL [0.53289065] FAKE [0.4480381] 
17 epoch LOSS [-1.21236837] Parameters [1.68903165 1.6636931  1.56366883 1.7618947  1.52728281 1.77921439
 1.65851033 1.53532238] REAL [0.53280804] FAKE [0.44165281] 
18 epoch LOSS [-1.20130273] Parameters [1.68902807 1.66369347 1.56527355 1.76283507 1.5272897  1.77921376
 1.65996908 1.53624251] REAL [0.53321799] FAKE [0.43587408] 
19 epoch LOSS [-1.1868001] Parameters [1.68902533 1.66370312 1.56685656 1.76378042 1.52729484 1.77921072
 1.66154824 1.53716359] REAL [0.535354] FAKE [0.42991684] 
20 epoch LOSS [-1.17384649] Parameters [1.6890207  1.66368593 1.56869544 1.7647405  1.52730784 1.77921063
 1.66356656 1.53813895] REAL [0.53770113] FAKE [0.42500509] 
21 epoch LOSS [-1.15793766] Parameters [1.68902125 1.66367196 1.57049826 1.76579331 1.52731339 1.77923307
 1.66547944 1.53920567] REAL [0.54173757] FAKE [0.42013738] 
22 epoch LOSS [-1.14236114] Parameters [1.68902347 1.66365765 1.5726082  1.76697005 1.52731998 1.77921579
 1.66748111 1.54036932] REAL [0.54603855] FAKE [0.41567354] 
23 epoch LOSS [-1.12818989] Parameters [1.68901345 1.66365692 1.57486842 1.76818878 1.52730611 1.77922984
 1.66979735 1.54159123] REAL [0.54953646] FAKE [0.41110638] 
24 epoch LOSS [-1.12465225] Parameters [1.68902034 1.6636596  1.57715459 1.7695756  1.52729969 1.77922961
 1.67201258 1.54294528] REAL [0.54794924] FAKE [0.40730754] 
25 epoch LOSS [-1.10993197] Parameters [1.68903299 1.66365401 1.57946112 1.77088643 1.52731209 1.77921613
 1.67436262 1.5442594 ] REAL [0.55187327] FAKE [0.40279517] 
26 epoch LOSS [-1.09162866] Parameters [1.68902014 1.6636295  1.58223664 1.77228497 1.52730822 1.77922372
 1.67718451 1.54562342] REAL [0.5590563] FAKE [0.39957861] 
27 epoch LOSS [-1.08202973] Parameters [1.68900473 1.66362209 1.58516604 1.7738535  1.5272934  1.77921683
 1.680239   1.5472256 ] REAL [0.5608172] FAKE [0.3956909] 
28 epoch LOSS [-1.07796579] Parameters [1.68901027 1.66361904 1.5884719  1.7755262  1.52731083 1.77921426
 1.68356249 1.54886542] REAL [0.55946953] FAKE [0.39176842] 
29 epoch LOSS [-1.06748478] Parameters [1.68901409 1.66362504 1.59172603 1.777211   1.52733721 1.77920087
 1.68660328 1.5506072 ] REAL [0.56255363] FAKE [0.38872966] 
30 epoch LOSS [-1.04848904] Parameters [1.68902921 1.66362823 1.59530592 1.77894111 1.52734456 1.77921104
 1.69018473 1.5523847 ] REAL [0.57000682] FAKE [0.38515316] 
31 epoch LOSS [-1.03835088] Parameters [1.68900957 1.6636193  1.59945692 1.78079943 1.52734879 1.77922823
 1.69404047 1.55428824] REAL [0.57217559] FAKE [0.3812423] 
32 epoch LOSS [-1.02590389] Parameters [1.68902755 1.66363792 1.60375097 1.78271526 1.52734581 1.77920526
 1.69821126 1.55621053] REAL [0.57621296] FAKE [0.37788227] 
33 epoch LOSS [-1.02005639] Parameters [1.6890234  1.66363562 1.60825845 1.78464793 1.52736142 1.77918833
 1.7028833  1.55815841] REAL [0.57724095] FAKE [0.37534818] 
34 epoch LOSS [-1.00805812] Parameters [1.68898113 1.66359537 1.61342625 1.78672789 1.52734251 1.7791755
 1.70790919 1.56019634] REAL [0.58016125] FAKE [0.3709905] 
35 epoch LOSS [-0.99791539] Parameters [1.68897332 1.66358108 1.6185221  1.78885433 1.52732665 1.77913643
 1.71308231 1.56231518] REAL [0.58315455] FAKE [0.36783975] 
36 epoch LOSS [-0.98653671] Parameters [1.68904253 1.66358575 1.62449504 1.79117878 1.52730215 1.77910778
 1.71886911 1.56462641] REAL [0.58868022] FAKE [0.36660722] 
37 epoch LOSS [-0.97214723] Parameters [1.68902713 1.66360819 1.63094306 1.79368078 1.52732532 1.7791282
 1.72524769 1.56703099] REAL [0.59314711] FAKE [0.36226625] 
38 epoch LOSS [-0.96676838] Parameters [1.68903437 1.6635758  1.63760682 1.79599483 1.52731874 1.7791462
 1.7321904  1.56941055] REAL [0.59424456] FAKE [0.36001085] 
39 epoch LOSS [-0.95465912] Parameters [1.68904654 1.66351054 1.64469303 1.79870141 1.52731106 1.77916761
 1.73935348 1.57208003] REAL [0.59833614] FAKE [0.35664368] 
40 epoch LOSS [-0.93768477] Parameters [1.68904413 1.66345207 1.65277468 1.80151831 1.52725766 1.7791717
 1.74752079 1.57494975] REAL [0.60441572] FAKE [0.35221195] 
41 epoch LOSS [-0.94008606] Parameters [1.68901285 1.66348609 1.66095922 1.80426195 1.52726006 1.77921549
 1.75580518 1.57778178] REAL [0.60168498] FAKE [0.35083269] 
42 epoch LOSS [-0.92302132] Parameters [1.68900087 1.66357243 1.67064741 1.80733885 1.52729583 1.77925879
 1.7654056  1.58081557] REAL [0.6096235] FAKE [0.34825871] 
43 epoch LOSS [-0.92188689] Parameters [1.68895116 1.66351792 1.68046333 1.81055861 1.5272273  1.77928522
 1.77535543 1.58397856] REAL [0.60770005] FAKE [0.34545374] 
44 epoch LOSS [-0.91235049] Parameters [1.68896317 1.66348455 1.69154205 1.81369514 1.52719738 1.77929863
 1.7863078  1.58714297] REAL [0.61084308] FAKE [0.34258205] 
45 epoch LOSS [-0.90330769] Parameters [1.68895213 1.66344733 1.70388876 1.81679097 1.52720126 1.77928347
 1.79857262 1.59029947] REAL [0.61509027] FAKE [0.34119088] 
46 epoch LOSS [-0.89832938] Parameters [1.68886747 1.66332904 1.71710439 1.82020218 1.5272495  1.77935367
 1.81176822 1.59371063] REAL [0.61681897] FAKE [0.33975855] 
47 epoch LOSS [-0.88664689] Parameters [1.688919   1.66328463 1.73085527 1.82378185 1.52726936 1.7793874
 1.82555015 1.59727366] REAL [0.6200963] FAKE [0.33553057] 
48 epoch LOSS [-0.87489866] Parameters [1.68891805 1.66321191 1.74604541 1.82747902 1.52727866 1.77948303
 1.84073016 1.60104306] REAL [0.62754994] FAKE [0.3356636] 
49 epoch LOSS [-0.87666939] Parameters [1.68901063 1.66321442 1.76273588 1.83136411 1.52725216 1.77958106
 1.85741526 1.60483645] REAL [0.62457286] FAKE [0.33367791] 
50 epoch LOSS [-0.85912428] Parameters [1.68902781 1.66330136 1.7810073  1.83529897 1.52733939 1.7795489
 1.87588462 1.60880899] REAL [0.6303623] FAKE [0.32811207] 
51 epoch LOSS [-0.86777415] Parameters [1.68889131 1.66328166 1.80153811 1.83946056 1.52725    1.7796036
 1.8961675  1.61292064] REAL [0.62868512] FAKE [0.33212176] 
52 epoch LOSS [-0.85605273] Parameters [1.68884979 1.66315867 1.82298009 1.8439126  1.5272352  1.77966131
 1.91804597 1.61730589] REAL [0.63177814] FAKE [0.32755552] 
53 epoch LOSS [-0.85662206] Parameters [1.68903258 1.66302094 1.84695964 1.84853309 1.52719331 1.77956718
 1.94173701 1.62201664] REAL [0.63268665] FAKE [0.32890331] 
54 epoch LOSS [-0.85766671] Parameters [1.68909453 1.66297221 1.87328961 1.8532099  1.52724878 1.77959165
 1.96831611 1.62650965] REAL [0.63309798] FAKE [0.33003957] 
55 epoch LOSS [-0.84602579] Parameters [1.68904489 1.66296299 1.90268941 1.85815146 1.52756492 1.7795796
 1.99759741 1.63130083] REAL [0.63942782] FAKE [0.32890479] 
56 epoch LOSS [-0.85855907] Parameters [1.68906124 1.66285648 1.93447992 1.86329431 1.5275453  1.7794949
 2.0292737  1.63665079] REAL [0.63321372] FAKE [0.3307595] 
57 epoch LOSS [-0.86373072] Parameters [1.68877922 1.66321181 1.97067391 1.86846328 1.52767749 1.77960958
 2.06556359 1.64178294] REAL [0.63203749] FAKE [0.3329726] 
58 epoch LOSS [-0.85945537] Parameters [1.68875262 1.66316464 2.0105972  1.87399281 1.52755788 1.77958494
 2.10527526 1.64718438] REAL [0.63642594] FAKE [0.33473388] 
59 epoch LOSS [-0.86989259] Parameters [1.68875128 1.66307913 2.05473842 1.87931163 1.52774915 1.77963182
 2.14912136 1.65307681] REAL [0.63930871] FAKE [0.34460997] 
60 epoch LOSS [-0.87794148] Parameters [1.68898441 1.66321763 2.10178538 1.88464684 1.527976   1.77952646
 2.19649092 1.65899685] REAL [0.6401684] FAKE [0.35073704] 
61 epoch LOSS [-0.91513122] Parameters [1.68877281 1.66366114 2.15308428 1.88971344 1.52802608 1.77939461
 2.24797042 1.66443382] REAL [0.6262778] FAKE [0.3605648] 
62 epoch LOSS [-0.9535935] Parameters [1.68901507 1.66380174 2.20875233 1.89502879 1.52789506 1.77930988
 2.30409443 1.6695306 ] REAL [0.6228399] FAKE [0.38129564] 
63 epoch LOSS [-0.96553103] Parameters [1.689302   1.66388167 2.26803687 1.89992779 1.52787007 1.77936725
 2.36281146 1.67457818] REAL [0.62398682] FAKE [0.38976124] 
64 epoch LOSS [-1.01887535] Parameters [1.68902376 1.66434237 2.32960728 1.9037846  1.52807934 1.77929329
 2.42385814 1.67868856] REAL [0.6062841] FAKE [0.4045684] 
65 epoch LOSS [-1.06237511] Parameters [1.68880027 1.66444767 2.39263539 1.90697484 1.5281793  1.77933706
 2.48704033 1.68149717] REAL [0.59633384] FAKE [0.42040197] 
66 epoch LOSS [-1.11228718] Parameters [1.68947585 1.66391709 2.45608254 1.90885626 1.52855909 1.77889615
 2.55020807 1.68247824] REAL [0.59239061] FAKE [0.44495058] 
67 epoch LOSS [-1.15416895] Parameters [1.68976696 1.66338946 2.51807792 1.9090584  1.52852786 1.77876349
 2.61205198 1.68302679] REAL [0.58601324] FAKE [0.46192431] 
68 epoch LOSS [-1.22208251] Parameters [1.68974058 1.66345924 2.57767866 1.90777235 1.52841257 1.77912064
 2.67190015 1.68201165] REAL [0.56645462] FAKE [0.47989481] 
69 epoch LOSS [-1.24133172] Parameters [1.68977865 1.66353273 2.63408476 1.90650904 1.52852432 1.77912944
 2.72783612 1.68022449] REAL [0.56196403] FAKE [0.48573382] 
70 epoch LOSS [-1.27878665] Parameters [1.68985307 1.66342974 2.68634759 1.90436605 1.52861133 1.77903795
 2.78017653 1.67828788] REAL [0.55372187] FAKE [0.49726591] 
71 epoch LOSS [-1.3160052] Parameters [1.68997782 1.66325827 2.73384152 1.90178278 1.52866205 1.77900487
 2.82783688 1.67623685] REAL [0.54657171] FAKE [0.50929661] 
72 epoch LOSS [-1.35201858] Parameters [1.68983536 1.6632942  2.77681831 1.89931231 1.52912191 1.77856261
 2.87048435 1.6739768 ] REAL [0.53145931] FAKE [0.51319417] 
73 epoch LOSS [-1.37659844] Parameters [1.68974375 1.66331173 2.81501191 1.89663757 1.52906353 1.77880014
 2.90842027 1.67132214] REAL [0.5163107] FAKE [0.51107779] 
74 epoch LOSS [-1.39892463] Parameters [1.68964857 1.66328114 2.8485254  1.89395364 1.52897817 1.77885647
 2.94199323 1.66847208] REAL [0.50894774] FAKE [0.51495552] 
75 epoch LOSS [-1.3734058] Parameters [1.68953763 1.66332948 2.87766789 1.89185694 1.52870813 1.7788492
 2.97128491 1.66611969] REAL [0.51811323] FAKE [0.51122075] 
76 epoch LOSS [-1.37833671] Parameters [1.68949868 1.66346335 2.90328179 1.88963432 1.52874847 1.77870491
 2.99717312 1.66399844] REAL [0.5151187] FAKE [0.51079751] 
77 epoch LOSS [-1.40749667] Parameters [1.68947461 1.66350167 2.92592268 1.88791661 1.52870914 1.77862086
 3.01913705 1.66221579] REAL [0.50252413] FAKE [0.51294832] 
78 epoch LOSS [-1.39521684] Parameters [1.68956661 1.66347275 2.94598477 1.88655485 1.52885443 1.77876028
 3.03924666 1.66085389] REAL [0.50409313] FAKE [0.50846522] 
79 epoch LOSS [-1.38483736] Parameters [1.68946547 1.66349995 2.96246999 1.88554665 1.52866263 1.77863656
 3.05544359 1.65978973] REAL [0.50660506] FAKE [0.50579942] 
80 epoch LOSS [-1.40541401] Parameters [1.68943624 1.66344739 2.97749098 1.88476805 1.52862708 1.77858318
 3.07044901 1.65897132] REAL [0.49690469] FAKE [0.50641341] 
81 epoch LOSS [-1.39957011] Parameters [1.68944668 1.66342194 2.99028691 1.88420687 1.52858069 1.77857892
 3.08341259 1.65849102] REAL [0.49800436] FAKE [0.5046168] 
82 epoch LOSS [-1.3676412] Parameters [1.68941696 1.66342223 3.00259298 1.88402692 1.52853737 1.77865769
 3.09572554 1.65847522] REAL [0.50916355] FAKE [0.49975395] 
83 epoch LOSS [-1.40304935] Parameters [1.68941407 1.66340584 3.01284652 1.88417474 1.52847507 1.77871046
 3.1056275  1.65869351] REAL [0.49004426] FAKE [0.49831848] 
84 epoch LOSS [-1.37838491] Parameters [1.68934018 1.66340331 3.02091688 1.8846711  1.52840138 1.77870536
 3.11354154 1.65910351] REAL [0.50133328] FAKE [0.49736989] 
85 epoch LOSS [-1.38909606] Parameters [1.68939995 1.66346371 3.02886804 1.88549353 1.52841506 1.7786311
 3.12153409 1.65987329] REAL [0.49388018] FAKE [0.49522057] 
86 epoch LOSS [-1.3734077] Parameters [1.68937663 1.66348075 3.03592101 1.88659485 1.52845032 1.77864984
 3.12861007 1.66100855] REAL [0.50007726] FAKE [0.49359323] 
87 epoch LOSS [-1.34259224] Parameters [1.68939033 1.66348999 3.04216703 1.88803921 1.52842522 1.77871438
 3.13465097 1.66244134] REAL [0.51395567] FAKE [0.49184765] 
88 epoch LOSS [-1.34253663] Parameters [1.68942226 1.66347445 3.04795643 1.8897184  1.52845568 1.77870341
 3.14073657 1.66405604] REAL [0.51232306] FAKE [0.49019998] 
89 epoch LOSS [-1.36745248] Parameters [1.68941047 1.66342203 3.05211037 1.89167018 1.52846436 1.77870931
 3.14495267 1.66602139] REAL [0.49711162] FAKE [0.48752932] 
90 epoch LOSS [-1.37387122] Parameters [1.68937934 1.66340341 3.0566115  1.89403102 1.52839557 1.77872202
 3.14958815 1.66836389] REAL [0.492999] FAKE [0.48656051] 
91 epoch LOSS [-1.35640072] Parameters [1.68938919 1.6634036  3.06014807 1.89670562 1.52843736 1.77870245
 3.15303007 1.6709653 ] REAL [0.50009198] FAKE [0.48492228] 
92 epoch LOSS [-1.32921709] Parameters [1.68939089 1.66341372 3.06321928 1.89968432 1.52842834 1.7787007
 3.15640332 1.67387095] REAL [0.51194883] FAKE [0.48298661] 
93 epoch LOSS [-1.31902304] Parameters [1.68939142 1.66340587 3.06662941 1.90294707 1.52846873 1.77866749
 3.15961499 1.67714838] REAL [0.51543613] FAKE [0.481223] 
94 epoch LOSS [-1.33168413] Parameters [1.68941201 1.66340675 3.06903085 1.90643494 1.52848951 1.77862337
 3.16224415 1.68071934] REAL [0.50757574] FAKE [0.4798171] 
95 epoch LOSS [-1.34741259] Parameters [1.68940634 1.66340966 3.07153557 1.91036753 1.52848026 1.77858312
 3.164599   1.68465412] REAL [0.49944606] FAKE [0.47959968] 
96 epoch LOSS [-1.33093232] Parameters [1.6893977  1.66341691 3.0739614  1.91463506 1.52848045 1.77855906
 3.16686956 1.68887108] REAL [0.50687466] FAKE [0.47870584] 
97 epoch LOSS [-1.32543578] Parameters [1.68939849 1.66339557 3.07593344 1.91930558 1.52848178 1.77854018
 3.16828501 1.69355697] REAL [0.50859114] FAKE [0.47760168] 
98 epoch LOSS [-1.31625994] Parameters [1.68938665 1.66339106 3.07807909 1.92433695 1.52849177 1.77856243
 3.17038116 1.69868737] REAL [0.51156397] FAKE [0.47584996] 
99 epoch LOSS [-1.31104464] Parameters [1.68937256 1.66341512 3.07940774 1.92978033 1.52850903 1.7785056
 3.17197058 1.70411321] REAL [0.51288843] FAKE [0.47446983] 
100 epoch LOSS [-1.30979297] Parameters [1.68934395 1.66340537 3.08068486 1.93564693 1.52850072 1.77852301
 3.17336216 1.70990856] REAL [0.51288929] FAKE [0.47381252] 
101 epoch LOSS [-1.32385515] Parameters [1.68938796 1.66345718 3.08165586 1.94200387 1.52852435 1.77851002
 3.1744672  1.71629121] REAL [0.50432301] FAKE [0.47234722] 
102 epoch LOSS [-1.31318043] Parameters [1.68938909 1.66342889 3.08312663 1.94875818 1.52851686 1.77854996
 3.17569057 1.7230371 ] REAL [0.50779935] FAKE [0.47033553] 
103 epoch LOSS [-1.29954003] Parameters [1.68940082 1.66340959 3.08419291 1.95593207 1.52852279 1.77859645
 3.17691603 1.73022841] REAL [0.51460456] FAKE [0.47016175] 
104 epoch LOSS [-1.2910057] Parameters [1.6893794  1.66334622 3.08493332 1.96363189 1.52850132 1.77864709
 3.17794014 1.73792922] REAL [0.51900216] FAKE [0.47014848] 
105 epoch LOSS [-1.31060684] Parameters [1.68934835 1.66336723 3.08548804 1.97186367 1.5284658  1.77859273
 3.17865104 1.74615444] REAL [0.5092559] FAKE [0.47048945] 
106 epoch LOSS [-1.26044532] Parameters [1.68936358 1.66340083 3.08629035 1.98065084 1.52842413 1.77860941
 3.17958047 1.75497588] REAL [0.53275472] FAKE [0.46780812] 
107 epoch LOSS [-1.30518012] Parameters [1.68934259 1.66343384 3.08698165 1.98996486 1.52844956 1.7786505
 3.18015155 1.76425933] REAL [0.50929185] FAKE [0.46764572] 
108 epoch LOSS [-1.29541981] Parameters [1.68934601 1.66339829 3.08753708 1.99989938 1.52853137 1.77863103
 3.18094547 1.77425963] REAL [0.5135846] FAKE [0.46691762] 
109 epoch LOSS [-1.25626306] Parameters [1.68934412 1.66339083 3.08828958 2.01031435 1.52848396 1.77866554
 3.1816639  1.78475264] REAL [0.53487403] FAKE [0.46769521] 
110 epoch LOSS [-1.26437314] Parameters [1.68932947 1.66329001 3.08867344 2.02151886 1.52847332 1.77869165
 3.18185174 1.7960417 ] REAL [0.52938419] FAKE [0.46651924] 
111 epoch LOSS [-1.28683692] Parameters [1.68941599 1.66330796 3.08915067 2.03348687 1.52848297 1.77869866
 3.18229258 1.80807118] REAL [0.51568354] FAKE [0.464511] 
112 epoch LOSS [-1.25443673] Parameters [1.68935163 1.66328259 3.08883185 2.04607734 1.52840516 1.77860914
 3.18253698 1.82081214] REAL [0.5346651] FAKE [0.46651377] 
113 epoch LOSS [-1.27175287] Parameters [1.68922655 1.66325629 3.08919951 2.05965522 1.52846966 1.77861429
 3.18311182 1.83452764] REAL [0.52489903] FAKE [0.46591673] 
114 epoch LOSS [-1.26709217] Parameters [1.68912755 1.66324758 3.08957768 2.07390244 1.52843592 1.77855734
 3.18365987 1.848818  ] REAL [0.52689964] FAKE [0.46545908] 
115 epoch LOSS [-1.28761492] Parameters [1.68923994 1.66328325 3.08998532 2.08884855 1.52843954 1.77850188
 3.18374842 1.86389263] REAL [0.51796958] FAKE [0.46728897] 
116 epoch LOSS [-1.27567915] Parameters [1.68923526 1.66342352 3.0902236  2.10485228 1.52843527 1.77846785
 3.18391306 1.87980227] REAL [0.52399103] FAKE [0.46708771] 
117 epoch LOSS [-1.29095367] Parameters [1.68919216 1.66337832 3.0909617  2.12178477 1.52846485 1.77840721
 3.18444902 1.89667963] REAL [0.5168156] FAKE [0.46787908] 
118 epoch LOSS [-1.29809052] Parameters [1.68909235 1.66335578 3.09095629 2.13950513 1.52847583 1.77828038
 3.18490781 1.91445593] REAL [0.514498] FAKE [0.46928329] 
119 epoch LOSS [-1.25790199] Parameters [1.68925554 1.66330895 3.09100048 2.15807139 1.52848222 1.77816314
 3.18494979 1.93304927] REAL [0.53484185] FAKE [0.46853493] 
120 epoch LOSS [-1.25804301] Parameters [1.6891894  1.66320829 3.09118645 2.17758838 1.52867262 1.77824453
 3.18528713 1.95260637] REAL [0.53486386] FAKE [0.46863174] 
121 epoch LOSS [-1.28743867] Parameters [1.68934871 1.66323417 3.09201892 2.19801237 1.52873062 1.77818304
 3.18610994 1.97324693] REAL [0.5217768] FAKE [0.47108276] 
122 epoch LOSS [-1.30837838] Parameters [1.68937551 1.66337323 3.09215603 2.21964679 1.52875142 1.77820166
 3.1859998  1.99477234] REAL [0.51187124] FAKE [0.47201965] 
123 epoch LOSS [-1.30185469] Parameters [1.68945308 1.66342135 3.09199727 2.24199791 1.52879631 1.77848746
 3.18598607 2.01712622] REAL [0.51965845] FAKE [0.4765277] 
124 epoch LOSS [-1.28269262] Parameters [1.68959742 1.66354055 3.0925986  2.26537682 1.52903035 1.77847638
 3.18689549 2.04047302] REAL [0.53114951] FAKE [0.47794424] 
125 epoch LOSS [-1.277631] Parameters [1.68954147 1.66370822 3.09255555 2.28958026 1.52902142 1.77827927
 3.18684753 2.06450412] REAL [0.53432931] FAKE [0.47841763] 
126 epoch LOSS [-1.33201338] Parameters [1.68941135 1.66367815 3.09278916 2.31435853 1.52882847 1.77823168
 3.18708884 2.08916834] REAL [0.51062614] FAKE [0.4830948] 
127 epoch LOSS [-1.30527912] Parameters [1.68963591 1.66366236 3.09335918 2.33971686 1.52891218 1.77843231
 3.18747152 2.11447038] REAL [0.5237851] FAKE [0.48242732] 
128 epoch LOSS [-1.31980282] Parameters [1.68967288 1.66353796 3.09375144 2.36561959 1.52897742 1.77858341
 3.18750529 2.14030493] REAL [0.52252362] FAKE [0.48865856] 
129 epoch LOSS [-1.30988209] Parameters [1.68957093 1.66368021 3.09419745 2.39182324 1.52900069 1.77845922
 3.18761471 2.16649243] REAL [0.52868655] FAKE [0.4895806] 
130 epoch LOSS [-1.34296545] Parameters [1.68958811 1.66379946 3.09421695 2.41817868 1.52876214 1.77830235
 3.18733001 2.19295564] REAL [0.51160475] FAKE [0.48970308] 
131 epoch LOSS [-1.35392529] Parameters [1.68948632 1.66386919 3.093922   2.44471354 1.52881836 1.77856766
 3.1871618  2.21946013] REAL [0.50970579] FAKE [0.49338488] 
132 epoch LOSS [-1.38585289] Parameters [1.68923026 1.663725   3.0940597  2.47107935 1.52869708 1.77853841
 3.18757643 2.24592278] REAL [0.5058406] FAKE [0.50555493] 
133 epoch LOSS [-1.39694908] Parameters [1.68918768 1.66366604 3.09386431 2.49711261 1.52866515 1.77840308
 3.18760998 2.27214458] REAL [0.50013494] FAKE [0.50543255] 
134 epoch LOSS [-1.40409644] Parameters [1.68910243 1.66379423 3.09400655 2.52287057 1.52863    1.77839787
 3.18841667 2.29787704] REAL [0.50029345] FAKE [0.50911039] 
135 epoch LOSS [-1.3890333] Parameters [1.68917516 1.66380874 3.09381386 2.54779801 1.52879549 1.77843732
 3.1884878  2.32294224] REAL [0.5101472] FAKE [0.51128575] 
136 epoch LOSS [-1.43217987] Parameters [1.6891154  1.66380821 3.09323239 2.57218385 1.52877245 1.77826657
 3.18830277 2.34735743] REAL [0.48973321] FAKE [0.51241242] 
137 epoch LOSS [-1.44040572] Parameters [1.68898542 1.66386827 3.09346183 2.59582384 1.52864317 1.77822843
 3.1886881  2.37085822] REAL [0.49349673] FAKE [0.52009478] 
138 epoch LOSS [-1.41994686] Parameters [1.68901587 1.6637137  3.09387284 2.61837851 1.52840481 1.77811738
 3.18883225 2.39332451] REAL [0.50691059] FAKE [0.52313709] 
139 epoch LOSS [-1.44567274] Parameters [1.68889565 1.6636466  3.09392909 2.64006221 1.52819181 1.77815665
 3.18905304 2.414911  ] REAL [0.48810086] FAKE [0.51733842] 
140 epoch LOSS [-1.43537288] Parameters [1.68879334 1.66369945 3.09375827 2.66067923 1.52844816 1.77812367
 3.18885597 2.435526  ] REAL [0.49808564] FAKE [0.52211714] 
141 epoch LOSS [-1.47163426] Parameters [1.68872237 1.66378215 3.09366604 2.67982143 1.52865055 1.77807213
 3.18849002 2.45486193] REAL [0.48312164] FAKE [0.52486079] 
142 epoch LOSS [-1.4264574] Parameters [1.6887067  1.66381118 3.09313854 2.69766035 1.52865731 1.77794332
 3.1886176  2.47279106] REAL [0.50375906] FAKE [0.52326773] 
143 epoch LOSS [-1.4532406] Parameters [1.68868063 1.66384945 3.09322832 2.71447183 1.52860771 1.77795835
 3.18874976 2.48952794] REAL [0.49094029] FAKE [0.52374785] 
144 epoch LOSS [-1.48272399] Parameters [1.68865334 1.66380009 3.09343182 2.73006221 1.52859609 1.77813383
 3.18874486 2.50501007] REAL [0.48311357] FAKE [0.530093] 
145 epoch LOSS [-1.48086981] Parameters [1.68868378 1.66370098 3.09330503 2.74421395 1.52859979 1.77812639
 3.18888627 2.51939879] REAL [0.48164594] FAKE [0.52778638] 
146 epoch LOSS [-1.47369705] Parameters [1.68867587 1.66370546 3.09366215 2.757259   1.52858152 1.77816744
 3.18907239 2.53228591] REAL [0.48478872] FAKE [0.52747042] 
147 epoch LOSS [-1.44106813] Parameters [1.68872364 1.66371377 3.09329099 2.76895086 1.52848443 1.77815051
 3.18862697 2.5440332 ] REAL [0.49918882] FAKE [0.52588116] 
148 epoch LOSS [-1.45270357] Parameters [1.68871959 1.66371741 3.09334422 2.77944968 1.52851967 1.77818453
 3.18816145 2.55460817] REAL [0.49217078] FAKE [0.52468335] 
149 epoch LOSS [-1.41985058] Parameters [1.68866034 1.66374012 3.09312341 2.78887385 1.5284925  1.77818637
 3.18802412 2.56399066] REAL [0.50797034] FAKE [0.52408612] 
150 epoch LOSS [-1.44750576] Parameters [1.68870925 1.66376335 3.09329031 2.79705025 1.52847502 1.77819608
 3.18778022 2.57220167] REAL [0.49245388] FAKE [0.52248098] 
151 epoch LOSS [-1.45829805] Parameters [1.68869106 1.66376131 3.09330617 2.80421241 1.52849113 1.77821652
 3.18754633 2.57940071] REAL [0.48676998] FAKE [0.52209077] 
152 epoch LOSS [-1.448914] Parameters [1.68871535 1.6637677  3.09354866 2.81021066 1.52848016 1.77818836
 3.18776386 2.58535089] REAL [0.49006366] FAKE [0.52082722] 
153 epoch LOSS [-1.41853786] Parameters [1.68872098 1.66375871 3.09362909 2.81519194 1.5284712  1.77819999
 3.18801482 2.59038462] REAL [0.50333216] FAKE [0.51906968] 
154 epoch LOSS [-1.42720156] Parameters [1.68872514 1.66375447 3.09378344 2.81907214 1.52847354 1.77819985
 3.18788236 2.59435215] REAL [0.4973271] FAKE [0.51746134] 
155 epoch LOSS [-1.43874145] Parameters [1.68872473 1.66375339 3.09369658 2.8219465  1.52847083 1.77819926
 3.1880354  2.59725584] REAL [0.49077976] FAKE [0.51663424] 
156 epoch LOSS [-1.399403] Parameters [1.68872092 1.66374567 3.09381368 2.82379067 1.5284797  1.77819614
 3.18830451 2.5990972 ] REAL [0.50885505] FAKE [0.51509919] 
157 epoch LOSS [-1.39191966] Parameters [1.6887292  1.66374544 3.09411412 2.82485526 1.52847554 1.7781812
 3.18838565 2.60013301] REAL [0.51058908] FAKE [0.51311606] 
158 epoch LOSS [-1.38436245] Parameters [1.68874172 1.66369746 3.09421137 2.82487504 1.52846713 1.77815884
 3.1884717  2.60017845] REAL [0.51185303] FAKE [0.51063405] 
159 epoch LOSS [-1.40636584] Parameters [1.68878455 1.66368294 3.09399757 2.82392225 1.52843945 1.77818843
 3.1882895  2.59923117] REAL [0.50017452] FAKE [0.51010669] 
160 epoch LOSS [-1.38558333] Parameters [1.68880013 1.66370192 3.09387356 2.8221634  1.52845751 1.77820062
 3.18795286 2.59736032] REAL [0.50724888] FAKE [0.50679473] 
161 epoch LOSS [-1.38539053] Parameters [1.6888059  1.66373265 3.09436027 2.81938356 1.52842838 1.778224
 3.18836494 2.59457291] REAL [0.50610706] FAKE [0.5055867] 
162 epoch LOSS [-1.38112275] Parameters [1.68876555 1.66371991 3.09416297 2.81577688 1.52840803 1.77822282
 3.18820934 2.59096224] REAL [0.50655578] FAKE [0.50391198] 
163 epoch LOSS [-1.35107866] Parameters [1.68874244 1.66366757 3.09401893 2.81132785 1.52844136 1.77824156
 3.1878628  2.58647893] REAL [0.51921157] FAKE [0.50124228] 
164 epoch LOSS [-1.35247895] Parameters [1.68869513 1.66355882 3.09437367 2.80591944 1.52841912 1.77827445
 3.18812544 2.58117245] REAL [0.51653165] FAKE [0.49935611] 
165 epoch LOSS [-1.34594993] Parameters [1.68871983 1.66356989 3.09445133 2.79971534 1.52854813 1.7781666
 3.18823239 2.57494082] REAL [0.51817526] FAKE [0.49767511] 
166 epoch LOSS [-1.36796061] Parameters [1.6887647  1.6635664  3.09447397 2.79274188 1.52845227 1.77812758
 3.18801747 2.5679983 ] REAL [0.5062504] FAKE [0.49703603] 
167 epoch LOSS [-1.35333479] Parameters [1.68878313 1.66354074 3.0946909  2.7849165  1.5284613  1.77815825
 3.18826176 2.5601111 ] REAL [0.51252628] FAKE [0.49587523] 
168 epoch LOSS [-1.35170175] Parameters [1.68889222 1.66365582 3.09509425 2.77625027 1.52850832 1.77810573
 3.18867403 2.55142004] REAL [0.51082931] FAKE [0.49337388] 
169 epoch LOSS [-1.33984196] Parameters [1.68893824 1.66368719 3.0950457  2.76679928 1.52842875 1.77806649
 3.18853477 2.54203687] REAL [0.51608756] FAKE [0.49255306] 
170 epoch LOSS [-1.3294581] Parameters [1.68889461 1.66363435 3.09460516 2.75670467 1.52846531 1.77793078
 3.18850952 2.53194723] REAL [0.52118303] FAKE [0.49226931] 
171 epoch LOSS [-1.36225709] Parameters [1.6889498  1.66366668 3.09443425 2.74586494 1.52837533 1.77794203
 3.18819742 2.52105872] REAL [0.50549587] FAKE [0.49340413] 
172 epoch LOSS [-1.32090812] Parameters [1.6888684  1.66354715 3.09447199 2.73428316 1.52850292 1.77802561
 3.18828955 2.5094939 ] REAL [0.52391998] FAKE [0.49058476] 
173 epoch LOSS [-1.35696822] Parameters [1.68884973 1.66364071 3.09429347 2.72208565 1.52852913 1.77793566
 3.18799255 2.49732493] REAL [0.50485766] FAKE [0.4900739] 
174 epoch LOSS [-1.33608475] Parameters [1.68879188 1.66366177 3.09427651 2.70929096 1.52848359 1.77796876
 3.18798673 2.48449134] REAL [0.51808976] FAKE [0.49261135] 
175 epoch LOSS [-1.34324544] Parameters [1.68883955 1.66363364 3.09438469 2.69591166 1.52832615 1.77789266
 3.1879079  2.471143  ] REAL [0.51319569] FAKE [0.49142745] 
176 epoch LOSS [-1.34163216] Parameters [1.68906143 1.66370849 3.094302   2.68205414 1.52824041 1.77798672
 3.18782021 2.45721804] REAL [0.51078726] FAKE [0.48820446] 
177 epoch LOSS [-1.33787926] Parameters [1.6890344  1.66373801 3.09427612 2.66761985 1.52829966 1.77796621
 3.18793636 2.44283311] REAL [0.51650282] FAKE [0.49196489] 
178 epoch LOSS [-1.32588338] Parameters [1.68893536 1.6637918  3.0941182  2.65283444 1.52828831 1.77797833
 3.1877985  2.4280181 ] REAL [0.52426811] FAKE [0.49344953] 
179 epoch LOSS [-1.33942783] Parameters [1.68902519 1.66375415 3.09437804 2.63760147 1.52806575 1.77785703
 3.18799721 2.41275174] REAL [0.5144927] FAKE [0.4907692] 
180 epoch LOSS [-1.34409991] Parameters [1.68901046 1.66374201 3.09440034 2.62218893 1.52801224 1.77771055
 3.18811674 2.39733717] REAL [0.51445377] FAKE [0.49310445] 
181 epoch LOSS [-1.33654609] Parameters [1.68895171 1.66366013 3.09484401 2.60654621 1.52811771 1.77769413
 3.18838648 2.38167021] REAL [0.51822729] FAKE [0.49297995] 
182 epoch LOSS [-1.34592641] Parameters [1.68912554 1.66360186 3.09480716 2.59058604 1.52808763 1.77773888
 3.18819368 2.36576621] REAL [0.51565276] FAKE [0.49520594] 
183 epoch LOSS [-1.36352423] Parameters [1.68906363 1.66353303 3.09504502 2.57460294 1.52816457 1.77776043
 3.18848026 2.34983633] REAL [0.50473484] FAKE [0.49328277] 
184 epoch LOSS [-1.35552135] Parameters [1.68914359 1.66367043 3.09549802 2.55871107 1.52820407 1.77779139
 3.1889148  2.33392579] REAL [0.50920643] FAKE [0.49369679] 
185 epoch LOSS [-1.36178068] Parameters [1.68900796 1.66367582 3.09522515 2.54286427 1.52827538 1.77792976
 3.18884814 2.31791505] REAL [0.50882369] FAKE [0.49647755] 
186 epoch LOSS [-1.35898896] Parameters [1.6889231  1.66367668 3.09595154 2.52695907 1.52834093 1.77789807
 3.18931129 2.30213162] REAL [0.51062029] FAKE [0.49684647] 
187 epoch LOSS [-1.35514936] Parameters [1.68892523 1.66357436 3.09609281 2.5115233  1.52846236 1.77799688
 3.18935368 2.28661775] REAL [0.51337921] FAKE [0.49762521] 
188 epoch LOSS [-1.38210998] Parameters [1.68880698 1.6636649  3.09601927 2.49626905 1.52840395 1.77785256
 3.18906619 2.27130192] REAL [0.50444769] FAKE [0.50233039] 
189 epoch LOSS [-1.37369681] Parameters [1.68877183 1.66355087 3.09570852 2.4813184  1.52840372 1.77775646
 3.18834684 2.25621419] REAL [0.50451957] FAKE [0.49819725] 
190 epoch LOSS [-1.37819787] Parameters [1.68884034 1.66356845 3.09597263 2.46683984 1.5284365  1.7778892
 3.18862689 2.24160519] REAL [0.50708968] FAKE [0.50298271] 
191 epoch LOSS [-1.38900315] Parameters [1.68881292 1.66365657 3.09588477 2.45296098 1.52827218 1.77798686
 3.18852918 2.22774788] REAL [0.50146113] FAKE [0.5028055] 
192 epoch LOSS [-1.37725476] Parameters [1.68871988 1.66361336 3.09605628 2.43945623 1.52827685 1.77786229
 3.18854305 2.2141559 ] REAL [0.50743959] FAKE [0.50285679] 
193 epoch LOSS [-1.38287428] Parameters [1.68873924 1.66370481 3.09595404 2.42630526 1.52820147 1.77792068
 3.18847719 2.20108923] REAL [0.50532236] FAKE [0.50357137] 
194 epoch LOSS [-1.39613048] Parameters [1.68863382 1.66366536 3.0958192  2.41373117 1.52821604 1.77791792
 3.18822844 2.188469  ] REAL [0.49735503] FAKE [0.50226094] 
195 epoch LOSS [-1.41719564] Parameters [1.68865892 1.66370087 3.09552806 2.40179737 1.52814512 1.77789801
 3.18804894 2.17652764] REAL [0.48929035] FAKE [0.50460331] 
196 epoch LOSS [-1.39715849] Parameters [1.68867171 1.66367907 3.09551738 2.39034545 1.52812446 1.77784305
 3.18778233 2.16522456] REAL [0.50100491] FAKE [0.50639472] 
197 epoch LOSS [-1.38603743] Parameters [1.68862432 1.66357677 3.09519701 2.37938145 1.52813224 1.77781919
 3.18752928 2.15450454] REAL [0.50278748] FAKE [0.50264425] 
198 epoch LOSS [-1.3905185] Parameters [1.68861161 1.66362162 3.09512211 2.36918847 1.52816795 1.77786526
 3.18744735 2.14421608] REAL [0.50186862] FAKE [0.50396143] 
199 epoch LOSS [-1.41057394] Parameters [1.68869637 1.6636335  3.09435796 2.3596884  1.52813394 1.77786205
 3.18657262 2.13459817] REAL [0.49293386] FAKE [0.5049981] 
200 epoch LOSS [-1.3971101] Parameters [1.68873964 1.66365826 3.09468704 2.35094496 1.52808898 1.77781161
 3.18708301 2.12586946] REAL [0.49866825] FAKE [0.50405778] 
201 epoch LOSS [-1.41676326] Parameters [1.68874286 1.66366049 3.09507402 2.34292258 1.52811814 1.77778256
 3.18720147 2.11783522] REAL [0.4890518] FAKE [0.50414731] 
202 epoch LOSS [-1.4073883] Parameters [1.68877912 1.66367527 3.09524642 2.33556961 1.52811808 1.77780424
 3.18719722 2.11066138] REAL [0.49330125] FAKE [0.50378852] 
203 epoch LOSS [-1.39175963] Parameters [1.68877554 1.66364812 3.09565958 2.32878665 1.52812079 1.77781918
 3.18789332 2.10387203] REAL [0.49983062] FAKE [0.50255667] 
204 epoch LOSS [-1.39321202] Parameters [1.68877415 1.66366091 3.09549004 2.32273237 1.52809632 1.77783998
 3.18741466 2.09791659] REAL [0.49807393] FAKE [0.50152671] 
205 epoch LOSS [-1.38443037] Parameters [1.68877458 1.66364535 3.09510648 2.31736303 1.52808579 1.77785378
 3.18703145 2.09268579] REAL [0.50172892] FAKE [0.50079332] 
206 epoch LOSS [-1.41094088] Parameters [1.68879485 1.66365105 3.09486848 2.31248742 1.52808243 1.77785226
 3.18710659 2.08788965] REAL [0.48843561] FAKE [0.50062265] 
207 epoch LOSS [-1.37008542] Parameters [1.68879321 1.66365625 3.09517897 2.30820008 1.52808465 1.77785766
 3.18728352 2.0835682 ] REAL [0.50849713] FAKE [0.50032117] 
208 epoch LOSS [-1.39082302] Parameters [1.68879195 1.66365147 3.09547141 2.30466202 1.52808543 1.77786247
 3.18728892 2.08006589] REAL [0.49765588] FAKE [0.49991469] 
209 epoch LOSS [-1.40409908] Parameters [1.68879164 1.66365644 3.09507297 2.30180919 1.52808984 1.777861
 3.18715172 2.07724202] REAL [0.49036489] FAKE [0.49917252] 
210 epoch LOSS [-1.39031909] Parameters [1.68878855 1.66366485 3.09482182 2.29954266 1.52808476 1.77785989
 3.1867863  2.07488011] REAL [0.49565373] FAKE [0.49764155] 
211 epoch LOSS [-1.36940917] Parameters [1.68879731 1.66368217 3.09450575 2.29795544 1.52808701 1.77784807
 3.18678542 2.07311864] REAL [0.50522562] FAKE [0.49674536] 
212 epoch LOSS [-1.39868526] Parameters [1.68881504 1.6636914  3.09424752 2.29679388 1.52807903 1.77784824
 3.18647143 2.07202417] REAL [0.49002841] FAKE [0.49610802] 
213 epoch LOSS [-1.40558078] Parameters [1.68883675 1.6636821  3.09526237 2.2963269  1.52803168 1.7778669
 3.18721855 2.07156043] REAL [0.48687443] FAKE [0.49632888] 
214 epoch LOSS [-1.35742949] Parameters [1.68883571 1.6637114  3.09482292 2.2964216  1.52801347 1.77785141
 3.18715297 2.0716372 ] REAL [0.51059467] FAKE [0.49603592] 
215 epoch LOSS [-1.36594939] Parameters [1.68884638 1.66370338 3.09544972 2.29711141 1.52803381 1.77784042
 3.18805554 2.07221492] REAL [0.50455961] FAKE [0.4943346] 
216 epoch LOSS [-1.39525619] Parameters [1.6888398  1.66366137 3.09572286 2.29809845 1.52802596 1.77780007
 3.18832392 2.07326005] REAL [0.48941133] FAKE [0.49373965] 
217 epoch LOSS [-1.36635788] Parameters [1.68892114 1.66368579 3.09548571 2.29950773 1.52801674 1.77781901
 3.18772847 2.07472875] REAL [0.50363638] FAKE [0.49361455] 
218 epoch LOSS [-1.39411175] Parameters [1.68891335 1.66369267 3.09540776 2.30151891 1.52802946 1.77783435
 3.18746726 2.07671072] REAL [0.49037835] FAKE [0.49415942] 
219 epoch LOSS [-1.36596785] Parameters [1.68893513 1.66367821 3.09513362 2.30386758 1.52802054 1.77783948
 3.18727026 2.07901776] REAL [0.50329914] FAKE [0.49307757] 
220 epoch LOSS [-1.38110579] Parameters [1.68895528 1.66366865 3.09518283 2.30665875 1.52801605 1.77785518
 3.187702   2.08195519] REAL [0.49614901] FAKE [0.4934979] 
221 epoch LOSS [-1.3785726] Parameters [1.68896745 1.66370765 3.09562053 2.30994175 1.52800433 1.77779185
 3.18802008 2.08526493] REAL [0.49654953] FAKE [0.4926228] 
222 epoch LOSS [-1.36414157] Parameters [1.68894778 1.66365489 3.09543959 2.31365464 1.528005   1.77770334
 3.18777826 2.08894629] REAL [0.5017835] FAKE [0.49061698] 
223 epoch LOSS [-1.35708718] Parameters [1.6889647  1.66360222 3.09510103 2.31778403 1.52806431 1.77775893
 3.18777781 2.09311382] REAL [0.50571983] FAKE [0.49100379] 
224 epoch LOSS [-1.37209414] Parameters [1.68895336 1.66357325 3.09521279 2.3221558  1.52813166 1.77766587
 3.18777853 2.097618  ] REAL [0.49706585] FAKE [0.48985555] 
225 epoch LOSS [-1.36357916] Parameters [1.68893703 1.66357954 3.09526551 2.32697532 1.5281857  1.77767589
 3.18832413 2.10245413] REAL [0.50197194] FAKE [0.49052174] 
226 epoch LOSS [-1.36764091] Parameters [1.68891915 1.66353911 3.09552387 2.33206824 1.5282385  1.77769313
 3.18893576 2.10746193] REAL [0.49892044] FAKE [0.48948348] 
227 epoch LOSS [-1.38692843] Parameters [1.68888988 1.66351793 3.09462727 2.33740136 1.52824292 1.7776517
 3.18833331 2.11280256] REAL [0.49147925] FAKE [0.49165395] 
228 epoch LOSS [-1.36349353] Parameters [1.68893161 1.66355345 3.09461432 2.34318083 1.52819915 1.77768184
 3.18873753 2.11847109] REAL [0.50184063] FAKE [0.49034479] 
229 epoch LOSS [-1.39616353] Parameters [1.68895855 1.6634521  3.09462753 2.34906082 1.52820285 1.77761897
 3.18860135 2.12432138] REAL [0.48630412] FAKE [0.490967] 
230 epoch LOSS [-1.34902805] Parameters [1.68908606 1.66355789 3.09447013 2.35513562 1.52820871 1.77758376
 3.18892151 2.13042389] REAL [0.51072799] FAKE [0.49191673] 
231 epoch LOSS [-1.38033611] Parameters [1.6889679  1.66359297 3.09434435 2.36135655 1.5281178  1.77762532
 3.18850563 2.13657443] REAL [0.49469149] FAKE [0.49161444] 
232 epoch LOSS [-1.3566944] Parameters [1.68893484 1.66359039 3.09447324 2.36782371 1.52800026 1.77757873
 3.18887296 2.1430499 ] REAL [0.50794947] FAKE [0.49303894] 
233 epoch LOSS [-1.34612504] Parameters [1.68887561 1.66359043 3.09513093 2.37459815 1.52793318 1.77757495
 3.18947172 2.14970177] REAL [0.51178852] FAKE [0.49149552] 
234 epoch LOSS [-1.35826641] Parameters [1.68887671 1.66373283 3.09555149 2.38139773 1.5279842  1.77754725
 3.19003997 2.15651569] REAL [0.50684313] FAKE [0.49273041] 
235 epoch LOSS [-1.35602593] Parameters [1.68892916 1.66376529 3.09571393 2.3882156  1.52797688 1.77750765
 3.19027846 2.16343865] REAL [0.50891752] FAKE [0.49366492] 
236 epoch LOSS [-1.38031893] Parameters [1.68895738 1.6638325  3.09528804 2.39523977 1.52789865 1.77743185
 3.18985812 2.17047012] REAL [0.49553799] FAKE [0.49247417] 
237 epoch LOSS [-1.3983773] Parameters [1.68897689 1.6638291  3.09456739 2.40242894 1.52790955 1.77742071
 3.18989486 2.1775682 ] REAL [0.48745105] FAKE [0.4932877] 
238 epoch LOSS [-1.40063031] Parameters [1.68899392 1.66374878 3.09419993 2.40959188 1.52790011 1.77730693
 3.18917026 2.18469958] REAL [0.48816645] FAKE [0.49516895] 
239 epoch LOSS [-1.35166352] Parameters [1.68900905 1.66377167 3.09389785 2.41653124 1.52782857 1.77732862
 3.18880743 2.19171892] REAL [0.51243602] FAKE [0.49494306] 
240 epoch LOSS [-1.37924287] Parameters [1.68895224 1.66374498 3.09381408 2.4237052  1.52783538 1.77731688
 3.18918389 2.19892695] REAL [0.49764736] FAKE [0.4940813] 
241 epoch LOSS [-1.36576556] Parameters [1.68896117 1.6636994  3.09379839 2.43078519 1.52778591 1.77727198
 3.18892135 2.20597269] REAL [0.50666284] FAKE [0.49634111] 
242 epoch LOSS [-1.40198815] Parameters [1.68896944 1.66372116 3.09393746 2.43791148 1.52777959 1.77721287
 3.18875909 2.21315585] REAL [0.48935427] FAKE [0.49707769] 
243 epoch LOSS [-1.40476101] Parameters [1.68902325 1.66367101 3.09401057 2.44497798 1.5278247  1.77722393
 3.18886751 2.22022407] REAL [0.48766812] FAKE [0.49673622] 
244 epoch LOSS [-1.38060605] Parameters [1.689061   1.66365223 3.09439612 2.45189583 1.527755   1.7772086
 3.1891709  2.22702759] REAL [0.50113407] FAKE [0.4982857] 
245 epoch LOSS [-1.37126198] Parameters [1.68909361 1.66370284 3.09473351 2.45865034 1.52766791 1.7771287
 3.18916294 2.23377514] REAL [0.50658045] FAKE [0.49902038] 
246 epoch LOSS [-1.35526648] Parameters [1.6890141  1.66377349 3.09469555 2.46512473 1.52765701 1.77716894
 3.18923573 2.24027262] REAL [0.51310826] FAKE [0.4974188] 
247 epoch LOSS [-1.40819267] Parameters [1.68904843 1.66385707 3.09461294 2.47146266 1.52759608 1.77709966
 3.18919535 2.24681403] REAL [0.48983464] FAKE [0.50067858] 
248 epoch LOSS [-1.36617371] Parameters [1.68912438 1.66387533 3.09476077 2.47776172 1.5275893  1.77705034
 3.18937144 2.25306151] REAL [0.50895118] FAKE [0.49881026] 
249 epoch LOSS [-1.37865945] Parameters [1.68914507 1.66388545 3.09480501 2.48377089 1.52761198 1.77702355
 3.18976927 2.25900178] REAL [0.50449302] FAKE [0.50065506] 
250 epoch LOSS [-1.37877253] Parameters [1.68911369 1.66389368 3.09455098 2.48991357 1.52760372 1.77704199
 3.18937831 2.26503172] REAL [0.50538446] FAKE [0.50159222] 
251 epoch LOSS [-1.37626889] Parameters [1.68911836 1.66387161 3.09453418 2.49542293 1.52764044 1.77705873
 3.18949005 2.27056466] REAL [0.50495815] FAKE [0.49992099] 
252 epoch LOSS [-1.40333131] Parameters [1.68914442 1.66384859 3.09458704 2.50086537 1.52769285 1.77704932
 3.18943793 2.27601015] REAL [0.49169334] FAKE [0.50014202] 
253 epoch LOSS [-1.39560526] Parameters [1.68908445 1.66383462 3.09417601 2.50616859 1.52768127 1.77703749
 3.1889905  2.28121955] REAL [0.49605712] FAKE [0.50069646] 
254 epoch LOSS [-1.36319121] Parameters [1.68908713 1.66385786 3.09355573 2.51127375 1.52770153 1.77702749
 3.18854572 2.2864053 ] REAL [0.51316141] FAKE [0.50143752] 
255 epoch LOSS [-1.37253848] Parameters [1.68905943 1.6638532  3.09325642 2.5159284  1.52772539 1.77701309
 3.18859754 2.2909959 ] REAL [0.50819942] FAKE [0.5012534] 
256 epoch LOSS [-1.39577309] Parameters [1.6890234  1.66388171 3.09264243 2.52015799 1.52772883 1.77700234
 3.18840717 2.29530769] REAL [0.49780134] FAKE [0.50252944] 
257 epoch LOSS [-1.41332164] Parameters [1.68903464 1.66390362 3.09310634 2.52424979 1.52779498 1.77700758
 3.18836173 2.29950524] REAL [0.48884424] FAKE [0.50222657] 
258 epoch LOSS [-1.38193821] Parameters [1.68905972 1.66392831 3.09315322 2.52793499 1.52775304 1.77699161
 3.18837708 2.30327893] REAL [0.5042015] FAKE [0.50200185] 
259 epoch LOSS [-1.39642078] Parameters [1.6890571  1.6638975  3.09340998 2.53152284 1.52776437 1.77698166
 3.18853156 2.30677663] REAL [0.49788128] FAKE [0.50293136] 
260 epoch LOSS [-1.39072679] Parameters [1.68909333 1.6638779  3.09330907 2.53464974 1.52773908 1.77698327
 3.18869323 2.30997537] REAL [0.50097403] FAKE [0.50317914] 
261 epoch LOSS [-1.36550906] Parameters [1.68908235 1.66388556 3.09311056 2.53733944 1.52773007 1.77700017
 3.18911311 2.31276394] REAL [0.51343448] FAKE [0.50285632] 
262 epoch LOSS [-1.38424384] Parameters [1.68909596 1.66389902 3.09327612 2.53981165 1.52775439 1.77698702
 3.18917177 2.31508428] REAL [0.50386998] FAKE [0.50282182] 
263 epoch LOSS [-1.39309449] Parameters [1.68910249 1.66389081 3.09305355 2.54191904 1.52774391 1.77696759
 3.18921152 2.31710816] REAL [0.49886962] FAKE [0.50226327] 
264 epoch LOSS [-1.36537768] Parameters [1.68913215 1.66388876 3.09295017 2.54370743 1.52773311 1.77697032
 3.18945986 2.31886657] REAL [0.51251957] FAKE [0.50190343] 
265 epoch LOSS [-1.37877074] Parameters [1.6891188  1.66389481 3.09334858 2.54517513 1.52773835 1.77696383
 3.18944061 2.32034877] REAL [0.50622736] FAKE [0.50242121] 
266 epoch LOSS [-1.37017575] Parameters [1.6891172  1.66389616 3.09323458 2.54648175 1.52773533 1.77696364
 3.18956367 2.3216167 ] REAL [0.51023892] FAKE [0.50207188] 
267 epoch LOSS [-1.37481069] Parameters [1.68910863 1.66389632 3.09338578 2.54722422 1.52773245 1.77696792
 3.18984853 2.32235001] REAL [0.50756595] FAKE [0.50176432] 
268 epoch LOSS [-1.36073902] Parameters [1.68911267 1.66389781 3.09370604 2.54776748 1.52772848 1.77696531
 3.18994987 2.32291381] REAL [0.51438105] FAKE [0.50139849] 
269 epoch LOSS [-1.37545961] Parameters [1.68911821 1.66388967 3.09405493 2.54793361 1.5277246  1.77697048
 3.19013213 2.3230332 ] REAL [0.50692225] FAKE [0.50145527] 
270 epoch LOSS [-1.39453901] Parameters [1.68912056 1.66388941 3.09390231 2.54798725 1.52772942 1.77696701
 3.19023376 2.32319796] REAL [0.49741667] FAKE [0.50152995] 
271 epoch LOSS [-1.38285453] Parameters [1.68912145 1.66388549 3.09367821 2.54789235 1.52773179 1.77696913
 3.18978884 2.32307311] REAL [0.50286044] FAKE [0.50113109] 
272 epoch LOSS [-1.3720017] Parameters [1.68911996 1.66389315 3.09360812 2.54725692 1.52773093 1.77695832
 3.18979185 2.32244598] REAL [0.50813533] FAKE [0.50092267] 
273 epoch LOSS [-1.37312884] Parameters [1.68912555 1.66389971 3.09339944 2.54668077 1.52772988 1.77695431
 3.19001283 2.32186856] REAL [0.50792606] FAKE [0.50127949] 
274 epoch LOSS [-1.41046891] Parameters [1.68912387 1.66390667 3.09320355 2.54571347 1.52772395 1.77695305
 3.19021344 2.32097171] REAL [0.48977951] FAKE [0.50175779] 
275 epoch LOSS [-1.38665079] Parameters [1.68912063 1.66390534 3.09327782 2.544096   1.52771951 1.77693983
 3.19026516 2.31942508] REAL [0.50087605] FAKE [0.5010524] 
276 epoch LOSS [-1.39479339] Parameters [1.68911749 1.66390817 3.09291065 2.542529   1.52772418 1.77693966
 3.19013799 2.31783204] REAL [0.49707914] FAKE [0.50131835] 
277 epoch LOSS [-1.36356528] Parameters [1.68911708 1.66390492 3.09290683 2.54060814 1.52771892 1.77694963
 3.19017067 2.31590613] REAL [0.5134926] FAKE [0.50194542] 
278 epoch LOSS [-1.36300043] Parameters [1.68913271 1.66391625 3.09244371 2.53828426 1.52770997 1.77695029
 3.18971431 2.31355716] REAL [0.51323369] FAKE [0.50141263] 
279 epoch LOSS [-1.36879044] Parameters [1.68914098 1.66391027 3.09280414 2.53584429 1.5276789  1.77695329
 3.19016118 2.31128331] REAL [0.5100332] FAKE [0.5011805] 
280 epoch LOSS [-1.39781573] Parameters [1.68914545 1.66389417 3.09298613 2.5334039  1.52766897 1.77696103
 3.19034171 2.30890361] REAL [0.49544111] FAKE [0.5011795] 
281 epoch LOSS [-1.36915264] Parameters [1.68915029 1.66387984 3.09236648 2.53079723 1.52767812 1.77696947
 3.1898282  2.30633761] REAL [0.50941909] FAKE [0.50076003] 
282 epoch LOSS [-1.39769366] Parameters [1.68916832 1.66389558 3.09201868 2.52824128 1.52768328 1.77696097
 3.18900067 2.30376936] REAL [0.49486586] FAKE [0.50053868] 
283 epoch LOSS [-1.35907344] Parameters [1.68913987 1.6639314  3.09211488 2.52538733 1.52768712 1.77697336
 3.18923645 2.30103113] REAL [0.51371798] FAKE [0.4999227] 
284 epoch LOSS [-1.395408] Parameters [1.689139   1.66394171 3.09203448 2.52247326 1.52770795 1.77696251
 3.18939404 2.2982559 ] REAL [0.49663952] FAKE [0.50118359] 
285 epoch LOSS [-1.36673654] Parameters [1.68914994 1.66395521 3.0919704  2.51944411 1.52768448 1.77698107
 3.18925925 2.29513691] REAL [0.51105942] FAKE [0.50115862] 
286 epoch LOSS [-1.40874783] Parameters [1.689163   1.66394566 3.09220132 2.51638435 1.52765307 1.77698609
 3.18950391 2.29198364] REAL [0.49035574] FAKE [0.50148603] 
287 epoch LOSS [-1.37456633] Parameters [1.68915969 1.66397563 3.09247343 2.51300867 1.52766252 1.77699675
 3.19022997 2.28885632] REAL [0.50685473] FAKE [0.50094326] 
288 epoch LOSS [-1.39248507] Parameters [1.68919161 1.66395014 3.09289641 2.50962114 1.52765132 1.77697637
 3.19069335 2.28554696] REAL [0.49793397] FAKE [0.50102399] 
289 epoch LOSS [-1.37800659] Parameters [1.68918526 1.66395537 3.0928924  2.50623458 1.52764399 1.77697775
 3.19085443 2.28228547] REAL [0.50407335] FAKE [0.49991295] 
290 epoch LOSS [-1.36361493] Parameters [1.68921304 1.66394532 3.09240206 2.50285468 1.52765196 1.77700065
 3.19079358 2.27904026] REAL [0.51085383] FAKE [0.49939762] 
291 epoch LOSS [-1.3826948] Parameters [1.68919303 1.66392899 3.09233212 2.4994835  1.52764251 1.77703265
 3.19062892 2.27573471] REAL [0.50090014] FAKE [0.49909874] 
292 epoch LOSS [-1.35748065] Parameters [1.68918355 1.66393939 3.09202981 2.49623261 1.52765141 1.77703405
 3.19021022 2.2723455 ] REAL [0.51351179] FAKE [0.49892444] 
293 epoch LOSS [-1.3662422] Parameters [1.68915395 1.66392242 3.09171482 2.49279707 1.52764514 1.77703014
 3.1902534  2.26897251] REAL [0.50921384] FAKE [0.49910309] 
294 epoch LOSS [-1.40958701] Parameters [1.68914144 1.66394451 3.09183475 2.48952151 1.52762884 1.7770336
 3.19038758 2.26555264] REAL [0.48857391] FAKE [0.50008764] 
295 epoch LOSS [-1.37700765] Parameters [1.68914543 1.66393792 3.09198648 2.48606359 1.52761529 1.77703721
 3.19094424 2.26201228] REAL [0.50440169] FAKE [0.49973901] 
296 epoch LOSS [-1.3953623] Parameters [1.68915252 1.66393106 3.09228274 2.48290459 1.5276148  1.77702501
 3.19119112 2.25886305] REAL [0.49605474] FAKE [0.50057273] 
297 epoch LOSS [-1.38712948] Parameters [1.68913476 1.66393868 3.09226388 2.47973278 1.52760071 1.77703622
 3.19116671 2.25578012] REAL [0.4997041] FAKE [0.50012155] 
298 epoch LOSS [-1.37006997] Parameters [1.68914087 1.66394812 3.09216631 2.4764338  1.52760316 1.77702281
 3.19124079 2.25243044] REAL [0.5088532] FAKE [0.5006631] 
299 epoch LOSS [-1.39289078] Parameters [1.68912613 1.66395452 3.09241334 2.47319894 1.52758693 1.77700747
 3.19142616 2.24915876] REAL [0.49703886] FAKE [0.50032816] 
300 epoch LOSS [-1.37345817] Parameters [1.68911159 1.66395782 3.092412   2.47030431 1.52760376 1.77701117
 3.19097065 2.24624787] REAL [0.50626772] FAKE [0.49981062] 
301 epoch LOSS [-1.36392239] Parameters [1.68911185 1.66395059 3.09262495 2.46742791 1.52760282 1.77701604
 3.19124817 2.24335381] REAL [0.5102827] FAKE [0.49899139] 
302 epoch LOSS [-1.36426809] Parameters [1.6891021  1.66393973 3.09237183 2.46458568 1.52759678 1.77702099
 3.19098002 2.24049891] REAL [0.51067606] FAKE [0.49955035] 
303 epoch LOSS [-1.36058795] Parameters [1.68910456 1.66395341 3.09217968 2.46176381 1.52761044 1.77702448
 3.19104642 2.23785713] REAL [0.51198482] FAKE [0.49898921] 
304 epoch LOSS [-1.35876824] Parameters [1.68909545 1.66395526 3.0929504  2.45927264 1.52762698 1.77703619
 3.19171644 2.23538097] REAL [0.51227023] FAKE [0.49835634] 
305 epoch LOSS [-1.37723156] Parameters [1.68909809 1.66394891 3.09295857 2.45671981 1.52763377 1.77704692
 3.19171819 2.23288899] REAL [0.50308322] FAKE [0.49854022] 
306 epoch LOSS [-1.40389956] Parameters [1.68909879 1.66394547 3.09308948 2.45438442 1.52763126 1.77704914
 3.19193069 2.23050522] REAL [0.49002646] FAKE [0.49872663] 
307 epoch LOSS [-1.37810223] Parameters [1.68910328 1.66395003 3.09285172 2.45220445 1.52763268 1.77705949
 3.19182224 2.22826336] REAL [0.50321044] FAKE [0.4991033] 
308 epoch LOSS [-1.36045551] Parameters [1.68910511 1.6639432  3.09253494 2.45004905 1.52763091 1.77706095
 3.19186737 2.22613991] REAL [0.51201278] FAKE [0.49895022] 
309 epoch LOSS [-1.38289153] Parameters [1.68910374 1.66393707 3.0928239  2.44795943 1.52762582 1.77705752
 3.19211837 2.2240411 ] REAL [0.50034071] FAKE [0.49863732] 
310 epoch LOSS [-1.3843802] Parameters [1.68910044 1.66393704 3.09322988 2.44600594 1.52762438 1.77706405
 3.19260334 2.22217779] REAL [0.5001414] FAKE [0.49918364] 
311 epoch LOSS [-1.40524648] Parameters [1.68909401 1.66392931 3.0927794  2.44434397 1.52762561 1.77706185
 3.19225477 2.2203992 ] REAL [0.48971492] FAKE [0.49908289] 
312 epoch LOSS [-1.3913632] Parameters [1.68908988 1.66392976 3.09270133 2.44281125 1.52763377 1.77706811
 3.19202159 2.21883178] REAL [0.49646458] FAKE [0.49898541] 
313 epoch LOSS [-1.39932916] Parameters [1.68908547 1.66392904 3.09225901 2.44127559 1.52764053 1.77706516
 3.19163189 2.21727564] REAL [0.49286276] FAKE [0.49932828] 
314 epoch LOSS [-1.3994347] Parameters [1.68908527 1.66392928 3.09207288 2.43997955 1.52763504 1.77706096
 3.19184535 2.21591767] REAL [0.49184525] FAKE [0.49834545] 
315 epoch LOSS [-1.37532378] Parameters [1.68910258 1.66393475 3.0917803  2.43895503 1.52761939 1.77705606
 3.19160735 2.21471654] REAL [0.50286761] FAKE [0.49736722] 
316 epoch LOSS [-1.38910232] Parameters [1.68908474 1.66393074 3.09173807 2.43781405 1.52762431 1.77705836
 3.19109186 2.21364652] REAL [0.49627249] FAKE [0.49765703] 
317 epoch LOSS [-1.40197927] Parameters [1.68908146 1.66393455 3.09212424 2.43681085 1.52762249 1.77707111
 3.19176652 2.2127841 ] REAL [0.48976476] FAKE [0.49749474] 
318 epoch LOSS [-1.37146647] Parameters [1.68910092 1.66392847 3.09168285 2.43604351 1.52763195 1.7770667
 3.19127099 2.2121988 ] REAL [0.50428217] FAKE [0.49684005] 
319 epoch LOSS [-1.40588141] Parameters [1.68912349 1.66390349 3.09198817 2.43571733 1.52762757 1.77705851
 3.19145213 2.21186405] REAL [0.48735129] FAKE [0.49697294] 
320 epoch LOSS [-1.40383933] Parameters [1.68912255 1.66388093 3.09211656 2.43537278 1.52764088 1.77707608
 3.19150209 2.21152698] REAL [0.48915184] FAKE [0.49780008] 
321 epoch LOSS [-1.39670545] Parameters [1.68911106 1.66387639 3.09187677 2.43510731 1.52764527 1.7770729
 3.19141109 2.21140478] REAL [0.49294065] FAKE [0.49809226] 
322 epoch LOSS [-1.35809654] Parameters [1.68913475 1.6638685  3.09180665 2.43498577 1.52761835 1.77704556
 3.19158539 2.21137688] REAL [0.5124748] FAKE [0.49821965] 
323 epoch LOSS [-1.38422502] Parameters [1.68913682 1.66386362 3.09177057 2.43502186 1.52761663 1.77703169
 3.19163989 2.21143655] REAL [0.49896124] FAKE [0.49792118] 
324 epoch LOSS [-1.3962414] Parameters [1.6891365  1.66386713 3.09190635 2.43526309 1.52764269 1.77701852
 3.19150009 2.21174631] REAL [0.49372517] FAKE [0.49865718] 
325 epoch LOSS [-1.35829234] Parameters [1.6891479  1.66387793 3.09176283 2.43546248 1.5276236  1.77701347
 3.19101241 2.21208898] REAL [0.51309231] FAKE [0.49892167] 
326 epoch LOSS [-1.37117997] Parameters [1.68916385 1.66385728 3.0917431  2.4358091  1.527607   1.77701197
 3.19124778 2.21233398] REAL [0.50533917] FAKE [0.49774862] 
327 epoch LOSS [-1.36934372] Parameters [1.68916383 1.66388588 3.09195529 2.43614963 1.52761865 1.77703136
 3.19200574 2.21275395] REAL [0.50703874] FAKE [0.49851213] 
328 epoch LOSS [-1.36616578] Parameters [1.68920455 1.66389026 3.09151406 2.43665812 1.52758017 1.77702678
 3.19156248 2.21326538] REAL [0.50894095] FAKE [0.49879621] 
329 epoch LOSS [-1.36859798] Parameters [1.68918748 1.66386947 3.09135026 2.43747869 1.52759789 1.77702677
 3.19140526 2.21399185] REAL [0.5073571] FAKE [0.49845292] 
330 epoch LOSS [-1.38342904] Parameters [1.68916716 1.66386421 3.09165904 2.4383084  1.52758584 1.7770469
 3.19175284 2.21483285] REAL [0.50032483] FAKE [0.49889084] 
331 epoch LOSS [-1.35720232] Parameters [1.68915623 1.66387347 3.09114159 2.43915988 1.52762072 1.77703992
 3.19180788 2.21577064] REAL [0.5134081] FAKE [0.49868372] 
332 epoch LOSS [-1.37549785] Parameters [1.68914398 1.66388441 3.09125792 2.44004264 1.52763314 1.7770407
 3.19169985 2.21670035] REAL [0.50383053] FAKE [0.49841517] 
333 epoch LOSS [-1.39397821] Parameters [1.68916355 1.66387797 3.09162307 2.44088949 1.5276419  1.77704744
 3.19200537 2.21770241] REAL [0.49491631] FAKE [0.49873061] 
334 epoch LOSS [-1.3838935] Parameters [1.68917864 1.66384707 3.09182169 2.44207212 1.52764234 1.77705786
 3.19203263 2.21894435] REAL [0.50018784] FAKE [0.49898635] 
335 epoch LOSS [-1.37501098] Parameters [1.68916891 1.66386348 3.09198972 2.44311718 1.52760972 1.77705885
 3.19181044 2.22007308] REAL [0.50459813] FAKE [0.4989343] 
336 epoch LOSS [-1.37371995] Parameters [1.68912572 1.66388472 3.09201223 2.44423303 1.52764557 1.77708053
 3.1918545  2.22120251] REAL [0.5048193] FAKE [0.4985068] 
337 epoch LOSS [-1.38426645] Parameters [1.68913327 1.66386264 3.09173414 2.44531364 1.52766267 1.7770743
 3.19162734 2.22226295] REAL [0.50028337] FAKE [0.4992688] 
338 epoch LOSS [-1.37426512] Parameters [1.68913152 1.66385388 3.09176512 2.4464642  1.52765893 1.77703961
 3.19189103 2.22346163] REAL [0.50533077] FAKE [0.49928742] 
339 epoch LOSS [-1.36553044] Parameters [1.68914652 1.66386079 3.09153331 2.44799703 1.52767364 1.77703807
 3.19173723 2.22501324] REAL [0.50968088] FAKE [0.49920576] 
340 epoch LOSS [-1.40732965] Parameters [1.68917213 1.66384976 3.0915265  2.44928084 1.52767058 1.7770267
 3.19160201 2.22645026] REAL [0.48807971] FAKE [0.49845057] 
341 epoch LOSS [-1.35670252] Parameters [1.689163   1.66385906 3.09113318 2.45050751 1.52765455 1.77701806
 3.19163365 2.2277106 ] REAL [0.51310586] FAKE [0.49813766] 
342 epoch LOSS [-1.40202736] Parameters [1.6891855  1.66386393 3.09122414 2.45188976 1.52767378 1.77702753
 3.19161057 2.22914661] REAL [0.4905867] FAKE [0.49836078] 
343 epoch LOSS [-1.39623809] Parameters [1.68920172 1.66389639 3.09108773 2.45326648 1.52768506 1.77702598
 3.19115672 2.23043633] REAL [0.49353379] FAKE [0.49846111] 
344 epoch LOSS [-1.37665768] Parameters [1.68922262 1.66390275 3.09109076 2.45457142 1.52768598 1.77702112
 3.19162594 2.23172223] REAL [0.50255314] FAKE [0.49772313] 
345 epoch LOSS [-1.35958268] Parameters [1.68919864 1.66392319 3.09112914 2.45609252 1.52766432 1.77704433
 3.1917152  2.23316472] REAL [0.51190162] FAKE [0.4984038] 
346 epoch LOSS [-1.37731605] Parameters [1.68920308 1.6639268  3.09148312 2.45745344 1.52767092 1.777043
 3.19225693 2.23456403] REAL [0.50194029] FAKE [0.49744085] 
347 epoch LOSS [-1.36679943] Parameters [1.6892369  1.66391806 3.09135712 2.45890242 1.52768056 1.77706092
 3.19235351 2.235991  ] REAL [0.50760676] FAKE [0.49779717] 
348 epoch LOSS [-1.38921554] Parameters [1.6892415  1.66389604 3.09119629 2.46031354 1.52766085 1.77705089
 3.19238767 2.23722765] REAL [0.49690825] FAKE [0.49835655] 
349 epoch LOSS [-1.38306196] Parameters [1.68925499 1.66387826 3.09150906 2.4617141  1.52767829 1.77705629
 3.19268496 2.23870216] REAL [0.5002918] FAKE [0.49867376] 
350 epoch LOSS [-1.38422575] Parameters [1.68927972 1.66387418 3.09085198 2.46309803 1.52767372 1.7770321
 3.19188056 2.24004979] REAL [0.49980743] FAKE [0.49877158] 
351 epoch LOSS [-1.38397923] Parameters [1.68924182 1.66390074 3.09077861 2.46445503 1.52766793 1.77703924
 3.19162482 2.24141949] REAL [0.4996351] FAKE [0.49847508] 
352 epoch LOSS [-1.3725472] Parameters [1.68924169 1.6639052  3.09085998 2.46581552 1.52766386 1.77704039
 3.19197108 2.24289371] REAL [0.50523397] FAKE [0.49833041] 
353 epoch LOSS [-1.40166216] Parameters [1.68924734 1.6638793  3.09103396 2.46730725 1.52769402 1.77702379
 3.19214253 2.2443884 ] REAL [0.48974633] FAKE [0.49731646] 
354 epoch LOSS [-1.3854344] Parameters [1.68920528 1.66387434 3.09042742 2.4688339  1.52771667 1.77702184
 3.19223457 2.24587096] REAL [0.49888778] FAKE [0.49845418] 
355 epoch LOSS [-1.38200677] Parameters [1.68920177 1.66388984 3.09017039 2.47012827 1.527721   1.77704905
 3.19221639 2.24701544] REAL [0.50068476] FAKE [0.49853836] 
356 epoch LOSS [-1.39096729] Parameters [1.68922883 1.66389301 3.09002218 2.47152404 1.52771874 1.77702825
 3.19200612 2.24838982] REAL [0.49612023] FAKE [0.49843913] 
357 epoch LOSS [-1.40153132] Parameters [1.68924281 1.66391292 3.09021337 2.47268495 1.52769929 1.77704923
 3.19213032 2.24941247] REAL [0.49249101] FAKE [0.50005253] 
358 epoch LOSS [-1.37393433] Parameters [1.68928729 1.66390914 3.08999913 2.47375726 1.52771607 1.77703239
 3.19202291 2.25052612] REAL [0.50559957] FAKE [0.49938806] 
359 epoch LOSS [-1.37204691] Parameters [1.68926726 1.66391194 3.09012835 2.47489131 1.52773176 1.77704171
 3.1920457  2.2515782 ] REAL [0.50606293] FAKE [0.49890154] 
360 epoch LOSS [-1.40775292] Parameters [1.68927975 1.66389453 3.09019774 2.47593548 1.52772788 1.77705883
 3.19212945 2.25260351] REAL [0.48873547] FAKE [0.49933548] 
361 epoch LOSS [-1.36824873] Parameters [1.68928583 1.66389055 3.09035397 2.47683495 1.52772795 1.77706417
 3.1924961  2.25355573] REAL [0.5077919] FAKE [0.49870732] 
362 epoch LOSS [-1.40791806] Parameters [1.68929487 1.66389897 3.09031043 2.47777648 1.52772765 1.77707101
 3.19243392 2.25449473] REAL [0.48878374] FAKE [0.49946759] 
363 epoch LOSS [-1.36343185] Parameters [1.68931486 1.66388677 3.09026935 2.4785702  1.52772873 1.77706037
 3.19234659 2.255241  ] REAL [0.51030096] FAKE [0.4987635] 
364 epoch LOSS [-1.39233906] Parameters [1.68932676 1.66388936 3.09033441 2.47910686 1.52771178 1.77704939
 3.19250895 2.2558168 ] REAL [0.49652289] FAKE [0.49953287] 
365 epoch LOSS [-1.36651713] Parameters [1.68934083 1.66389991 3.09034901 2.47989607 1.52772573 1.7770335
 3.19185199 2.25665726] REAL [0.50895762] FAKE [0.49898869] 
366 epoch LOSS [-1.36301261] Parameters [1.68933735 1.66390812 3.0905961  2.48060629 1.52772728 1.77703723
 3.19168688 2.25727446] REAL [0.510877] FAKE [0.49911873] 
367 epoch LOSS [-1.38683886] Parameters [1.68935675 1.66391518 3.09098097 2.4813836  1.52774974 1.77701652
 3.19211011 2.25796352] REAL [0.49837529] FAKE [0.49864306] 
368 epoch LOSS [-1.4012534] Parameters [1.6893505  1.66393814 3.09032217 2.48193288 1.5277271  1.77700683
 3.19172024 2.25852424] REAL [0.49155694] FAKE [0.49896328] 
369 epoch LOSS [-1.38648687] Parameters [1.68935129 1.66392332 3.09013598 2.48240424 1.52770238 1.77700016
 3.19123102 2.25905014] REAL [0.49936763] FAKE [0.4994632] 
370 epoch LOSS [-1.39217142] Parameters [1.6893765  1.66393881 3.08997132 2.48284275 1.52770215 1.77701881
 3.1910847  2.25942761] REAL [0.49643647] FAKE [0.49936184] 
371 epoch LOSS [-1.37586273] Parameters [1.68937685 1.66393655 3.0903449  2.48319267 1.52771469 1.77700911
 3.19130469 2.25973596] REAL [0.5052732] FAKE [0.50002977] 
372 epoch LOSS [-1.37081768] Parameters [1.68938401 1.66394223 3.08984132 2.4833273  1.52770055 1.77700962
 3.19070584 2.25980603] REAL [0.50835833] FAKE [0.50055059] 
373 epoch LOSS [-1.36080139] Parameters [1.68939491 1.66393195 3.09061867 2.48348552 1.52768482 1.77702329
 3.19157769 2.25996661] REAL [0.51235281] FAKE [0.49945591] 
374 epoch LOSS [-1.38827722] Parameters [1.68940244 1.66394513 3.09110376 2.48356785 1.52769677 1.77702381
 3.19180759 2.2599963 ] REAL [0.49931807] FAKE [0.50030894] 
375 epoch LOSS [-1.38539169] Parameters [1.68938132 1.66395236 3.09103279 2.48372756 1.52768056 1.7770401
 3.19190764 2.26016497] REAL [0.50044621] FAKE [0.49999468] 
376 epoch LOSS [-1.38075441] Parameters [1.68937927 1.66393889 3.09104529 2.48383849 1.52768259 1.7770331
 3.19193731 2.26019914] REAL [0.50293371] FAKE [0.50015513] 
377 epoch LOSS [-1.36369413] Parameters [1.68938091 1.66392894 3.09136325 2.48374385 1.52768293 1.77705004
 3.19240411 2.26009721] REAL [0.51114184] FAKE [0.49971932] 
378 epoch LOSS [-1.3955658] Parameters [1.68938084 1.66394146 3.09149929 2.48366935 1.52767075 1.77703087
 3.19270187 2.25992615] REAL [0.49457082] FAKE [0.49917617] 
379 epoch LOSS [-1.40874635] Parameters [1.68938926 1.66394779 3.09161736 2.48373326 1.52766481 1.77702924
 3.19306618 2.25995205] REAL [0.48856929] FAKE [0.49966249] 
380 epoch LOSS [-1.391613] Parameters [1.68939064 1.66394254 3.09221307 2.48354762 1.52766259 1.77704226
 3.19362351 2.25978361] REAL [0.49694934] FAKE [0.49959916] 
381 epoch LOSS [-1.36278408] Parameters [1.68937834 1.66395028 3.09149462 2.48337422 1.52764738 1.77704766
 3.19290964 2.25954671] REAL [0.51160095] FAKE [0.49971319] 
382 epoch LOSS [-1.39376842] Parameters [1.68936445 1.66394258 3.09172651 2.48328154 1.52763847 1.77706536
 3.1931225  2.25942559] REAL [0.49596004] FAKE [0.49968055] 
383 epoch LOSS [-1.40066524] Parameters [1.6893624  1.66394223 3.09160883 2.4828997  1.5276357  1.77707586
 3.19327209 2.25905088] REAL [0.49275181] FAKE [0.49988419] 
384 epoch LOSS [-1.40600486] Parameters [1.68936239 1.66394148 3.09174314 2.48256847 1.52763937 1.77705908
 3.1932078  2.25865405] REAL [0.49016236] FAKE [0.49991953] 
385 epoch LOSS [-1.36488468] Parameters [1.68936031 1.6639451  3.09154239 2.4820989  1.5276455  1.77705657
 3.19276508 2.25820944] REAL [0.51038189] FAKE [0.49957055] 
386 epoch LOSS [-1.38569561] Parameters [1.68935382 1.66395031 3.09101627 2.48174702 1.52765065 1.77704045
 3.19201672 2.25782676] REAL [0.50027653] FAKE [0.49997708] 
387 epoch LOSS [-1.37016142] Parameters [1.6893577  1.66395397 3.09145712 2.48135887 1.52765423 1.7770489
 3.19226244 2.25740502] REAL [0.50759364] FAKE [0.49946981] 
388 epoch LOSS [-1.36950559] Parameters [1.68935242 1.66394824 3.09105789 2.48084788 1.5276467  1.77704702
 3.19203762 2.2569687 ] REAL [0.50827809] FAKE [0.49981589] 
389 epoch LOSS [-1.39178515] Parameters [1.68936026 1.66395194 3.09145669 2.48033706 1.52764868 1.77704081
 3.19234643 2.25638189] REAL [0.49724269] FAKE [0.49998046] 
390 epoch LOSS [-1.36634726] Parameters [1.68936421 1.66394581 3.09184469 2.47993381 1.52763782 1.77704287
 3.19270664 2.25589594] REAL [0.50965597] FAKE [0.49959019] 
391 epoch LOSS [-1.37258105] Parameters [1.68936838 1.66395408 3.09205621 2.4794957  1.52764029 1.77704927
 3.19261307 2.25539778] REAL [0.50601224] FAKE [0.49911895] 
392 epoch LOSS [-1.36829712] Parameters [1.6893568  1.66395487 3.09204195 2.47871224 1.52763514 1.77704361
 3.19268998 2.25461575] REAL [0.50835372] FAKE [0.49928557] 
393 epoch LOSS [-1.36915445] Parameters [1.6893488  1.6639497  3.09238834 2.47828771 1.52763131 1.77705224
 3.19287535 2.25414389] REAL [0.50718358] FAKE [0.49856044] 
394 epoch LOSS [-1.38729325] Parameters [1.68933989 1.66395786 3.09216674 2.47769639 1.52762951 1.77703823
 3.19271605 2.25338754] REAL [0.49826083] FAKE [0.49875569] 
395 epoch LOSS [-1.39399574] Parameters [1.6893341  1.66396084 3.09194909 2.47713685 1.52762411 1.77705082
 3.19280102 2.25283875] REAL [0.49476946] FAKE [0.49859062] 
396 epoch LOSS [-1.36980423] Parameters [1.68933733 1.66395976 3.09213451 2.47644489 1.52763086 1.77704078
 3.19303677 2.25217675] REAL [0.50648012] FAKE [0.49819016] 
397 epoch LOSS [-1.38666842] Parameters [1.68934238 1.6639418  3.09170327 2.47587994 1.52763235 1.77703233
 3.1925951  2.25171738] REAL [0.49826111] FAKE [0.49844269] 
398 epoch LOSS [-1.39954325] Parameters [1.68934658 1.66393451 3.09159878 2.47514747 1.52762282 1.77703182
 3.19227851 2.25102904] REAL [0.49255075] FAKE [0.49911837] 
399 epoch LOSS [-1.41043087] Parameters [1.68935831 1.66392585 3.09215172 2.47442564 1.52761499 1.77702655
 3.1926648  2.25034077] REAL [0.48709752] FAKE [0.49899537] 
