RUN 07_12_2021__21_32_53 
0 epoch LOSS [-1.57510577] Parameters [1.61500492 1.59756204 1.5499587  1.67692721 1.65715779 1.40002626
 1.54385505 1.51080988] REAL [0.75906556] FAKE [0.72731517] 
1 epoch LOSS [-1.45462426] Parameters [1.61500916 1.59756186 1.54953119 1.67658444 1.65715888 1.40002269
 1.54338284 1.51041194] REAL [0.71416032] FAKE [0.6730593] 
2 epoch LOSS [-1.38208053] Parameters [1.61500918 1.59756101 1.54896048 1.6762802  1.65715948 1.40002871
 1.54287979 1.51015504] REAL [0.67231001] FAKE [0.62657751] 
3 epoch LOSS [-1.33244546] Parameters [1.61500458 1.59756133 1.54853238 1.67607159 1.65715937 1.40002967
 1.54251679 1.50993775] REAL [0.64123455] FAKE [0.58855729] 
4 epoch LOSS [-1.30534418] Parameters [1.61500515 1.59756376 1.54810085 1.67593363 1.65716221 1.4000299
 1.54211183 1.50981151] REAL [0.61401856] FAKE [0.55851624] 
5 epoch LOSS [-1.28303896] Parameters [1.61500415 1.59756218 1.54765928 1.67580989 1.65715977 1.40003312
 1.54171372 1.50966779] REAL [0.59610835] FAKE [0.53499454] 
6 epoch LOSS [-1.26798876] Parameters [1.615005   1.59756047 1.54725524 1.67562553 1.65716235 1.40003501
 1.54128328 1.50950757] REAL [0.58240103] FAKE [0.51683291] 
7 epoch LOSS [-1.25884969] Parameters [1.61500006 1.59756113 1.54672019 1.67551438 1.65716358 1.40003637
 1.54077689 1.50939607] REAL [0.57099748] FAKE [0.50265892] 
8 epoch LOSS [-1.25427151] Parameters [1.61499835 1.59756636 1.54623407 1.67542623 1.65716231 1.40003884
 1.54028034 1.50929332] REAL [0.56122914] FAKE [0.49168071] 
9 epoch LOSS [-1.24441417] Parameters [1.61499706 1.59756421 1.54582038 1.67531868 1.65716568 1.40003922
 1.53980096 1.50919594] REAL [0.55727488] FAKE [0.48300264] 
10 epoch LOSS [-1.23262954] Parameters [1.61499599 1.59756582 1.5453248  1.67523649 1.65716544 1.40003964
 1.53930865 1.50911435] REAL [0.55637333] FAKE [0.4760263] 
11 epoch LOSS [-1.23163298] Parameters [1.61499226 1.59756709 1.54467363 1.67516843 1.65716831 1.40003766
 1.53868816 1.50903659] REAL [0.55107116] FAKE [0.4704574] 
12 epoch LOSS [-1.22252687] Parameters [1.61499193 1.59756816 1.54404499 1.67509161 1.65716797 1.40003471
 1.53815019 1.5089652 ] REAL [0.55128034] FAKE [0.46581607] 
13 epoch LOSS [-1.21184309] Parameters [1.61498783 1.59757021 1.54339909 1.67504213 1.65716597 1.40003709
 1.53749791 1.50892017] REAL [0.55325331] FAKE [0.4620038] 
14 epoch LOSS [-1.20376403] Parameters [1.61499253 1.59757055 1.54283835 1.67498823 1.65716327 1.40003727
 1.53694275 1.50887504] REAL [0.55407174] FAKE [0.45844081] 
15 epoch LOSS [-1.19296389] Parameters [1.61499586 1.59757391 1.54219178 1.67496233 1.65716929 1.4000403
 1.53615002 1.50884832] REAL [0.5572154] FAKE [0.45564871] 
16 epoch LOSS [-1.18484685] Parameters [1.61500008 1.59757834 1.54137579 1.67494085 1.65717123 1.4000336
 1.53537553 1.50882949] REAL [0.55880688] FAKE [0.45277516] 
17 epoch LOSS [-1.18731994] Parameters [1.61499757 1.59757905 1.54066655 1.67492974 1.6571719  1.400032
 1.5345857  1.50881311] REAL [0.55497123] FAKE [0.45035404] 
18 epoch LOSS [-1.17760723] Parameters [1.6149979  1.59757676 1.53965569 1.67492345 1.65717683 1.40003105
 1.5336252  1.50880872] REAL [0.55814806] FAKE [0.44814846] 
19 epoch LOSS [-1.16694632] Parameters [1.6150068  1.59757369 1.53865987 1.67493001 1.65717169 1.40002552
 1.53258678 1.50881924] REAL [0.56151738] FAKE [0.44558056] 
20 epoch LOSS [-1.15088536] Parameters [1.6150041  1.59757907 1.53769781 1.67494048 1.65717528 1.40002891
 1.5316244  1.50884089] REAL [0.56832455] FAKE [0.4433523] 
21 epoch LOSS [-1.14624857] Parameters [1.6150133  1.59757884 1.53665411 1.67496118 1.65718275 1.40002439
 1.53050922 1.50886819] REAL [0.56838765] FAKE [0.44082733] 
22 epoch LOSS [-1.13395743] Parameters [1.61501287 1.59758084 1.53571416 1.67499784 1.65718253 1.40002642
 1.52941587 1.50888506] REAL [0.57317697] FAKE [0.43864213] 
23 epoch LOSS [-1.12221061] Parameters [1.61502479 1.59757996 1.5342525  1.67503425 1.65718898 1.40002277
 1.5279436  1.50892999] REAL [0.57761268] FAKE [0.43637091] 
24 epoch LOSS [-1.11955117] Parameters [1.6150251  1.5975715  1.53311805 1.67508166 1.65718404 1.40002406
 1.52676514 1.50898542] REAL [0.57662703] FAKE [0.43390397] 
25 epoch LOSS [-1.10254248] Parameters [1.61501868 1.59755835 1.53154589 1.67516015 1.65717762 1.40002708
 1.52533061 1.50905802] REAL [0.58386018] FAKE [0.43132645] 
26 epoch LOSS [-1.09389066] Parameters [1.61502436 1.59755684 1.53018106 1.67525009 1.6571756  1.40004027
 1.52389645 1.50914157] REAL [0.58648165] FAKE [0.428949] 
27 epoch LOSS [-1.08618177] Parameters [1.6150266  1.59756331 1.52856202 1.67533141 1.65717427 1.40004325
 1.52230522 1.50923292] REAL [0.58842613] FAKE [0.42643149] 
28 epoch LOSS [-1.07670938] Parameters [1.61502785 1.59756371 1.52691753 1.67540311 1.6571722  1.40003367
 1.52063976 1.50933508] REAL [0.59170915] FAKE [0.42418526] 
29 epoch LOSS [-1.06996258] Parameters [1.61503996 1.59756666 1.52497051 1.67549404 1.65717958 1.4000327
 1.51885939 1.50944494] REAL [0.5930349] FAKE [0.4215832] 
30 epoch LOSS [-1.05890258] Parameters [1.61502286 1.59757527 1.52283215 1.67561816 1.65717557 1.4000254
 1.516706   1.50955538] REAL [0.59694062] FAKE [0.41897701] 
31 epoch LOSS [-1.04858555] Parameters [1.6150297  1.59757954 1.5206884  1.67568462 1.65717822 1.40001862
 1.51460952 1.50962991] REAL [0.60004604] FAKE [0.4159897] 
32 epoch LOSS [-1.04784931] Parameters [1.61502081 1.59757478 1.51871932 1.67584939 1.6571663  1.40002448
 1.5125104  1.50979158] REAL [0.59762167] FAKE [0.41318867] 
33 epoch LOSS [-1.03292313] Parameters [1.61502246 1.59757165 1.51647552 1.67601653 1.65717169 1.40002928
 1.51007595 1.50988748] REAL [0.60430719] FAKE [0.41095371] 
34 epoch LOSS [-1.01294069] Parameters [1.61502607 1.59758184 1.51389376 1.67613113 1.65716772 1.40002107
 1.50757864 1.51007023] REAL [0.61311887] FAKE [0.40770132] 
35 epoch LOSS [-1.00946673] Parameters [1.61503256 1.59758891 1.5110879  1.67629455 1.65716538 1.40000954
 1.50490885 1.51026049] REAL [0.61204171] FAKE [0.40459408] 
36 epoch LOSS [-0.99104503] Parameters [1.61500787 1.5975781  1.50819798 1.67654903 1.6571727  1.40001569
 1.50215921 1.51052107] REAL [0.62037467] FAKE [0.40167031] 
37 epoch LOSS [-0.99045709] Parameters [1.61501947 1.59757978 1.50507253 1.67671854 1.65718528 1.40003447
 1.49918504 1.51070637] REAL [0.61777863] FAKE [0.39880263] 
38 epoch LOSS [-0.97376374] Parameters [1.61500576 1.59757265 1.50187963 1.67697849 1.65718714 1.40002129
 1.49611922 1.51097817] REAL [0.62490143] FAKE [0.39565036] 
39 epoch LOSS [-0.96725723] Parameters [1.61501561 1.59759236 1.4978635  1.6771669  1.65717908 1.40000331
 1.49213722 1.51123107] REAL [0.62585262] FAKE [0.39262985] 
40 epoch LOSS [-0.96124562] Parameters [1.61500924 1.59758576 1.49383754 1.6774274  1.65716791 1.4000231
 1.48797299 1.51146044] REAL [0.62737547] FAKE [0.39045076] 
41 epoch LOSS [-0.95591845] Parameters [1.61500784 1.59755842 1.48958671 1.67770473 1.65719049 1.40004945
 1.48383844 1.51172154] REAL [0.62657381] FAKE [0.38641087] 
42 epoch LOSS [-0.94282715] Parameters [1.61499246 1.59754076 1.48467295 1.67795846 1.65720454 1.40004029
 1.47927021 1.51199475] REAL [0.63254015] FAKE [0.38418924] 
43 epoch LOSS [-0.92817822] Parameters [1.61499011 1.59753575 1.47929788 1.67827721 1.65717358 1.40001096
 1.4742027  1.51228522] REAL [0.63797443] FAKE [0.38042477] 
44 epoch LOSS [-0.9293237] Parameters [1.61499071 1.59753811 1.47392285 1.67864907 1.65716032 1.3999937
 1.46894037 1.51265457] REAL [0.6336836] FAKE [0.37694358] 
45 epoch LOSS [-0.89766128] Parameters [1.61498604 1.59752867 1.46839886 1.67895057 1.65720347 1.39999755
 1.46336654 1.51298162] REAL [0.65119823] FAKE [0.37419728] 
46 epoch LOSS [-0.89274911] Parameters [1.6150133  1.59756075 1.46206417 1.67944034 1.65718209 1.40002031
 1.45677018 1.51338753] REAL [0.64947217] FAKE [0.36944433] 
47 epoch LOSS [-0.88333464] Parameters [1.61502667 1.59758489 1.45541894 1.67980343 1.65713792 1.40001317
 1.44988853 1.51373216] REAL [0.65353798] FAKE [0.36743987] 
48 epoch LOSS [-0.8679404] Parameters [1.61504248 1.59762311 1.44783364 1.68015238 1.65716573 1.39998289
 1.44230257 1.51401391] REAL [0.65960226] FAKE [0.36353264] 
49 epoch LOSS [-0.87463169] Parameters [1.61505758 1.59767142 1.43961767 1.6806192  1.65721411 1.39996468
 1.433999   1.51447188] REAL [0.65261162] FAKE [0.36100496] 
50 epoch LOSS [-0.86616835] Parameters [1.61501556 1.59764547 1.43112407 1.68108281 1.65721247 1.39995968
 1.42532957 1.51484037] REAL [0.65438945] FAKE [0.35732475] 
51 epoch LOSS [-0.8423708] Parameters [1.61504541 1.59765979 1.42133619 1.68150807 1.65723023 1.39998966
 1.4153671  1.51530002] REAL [0.66686781] FAKE [0.3541625] 
52 epoch LOSS [-0.8334189] Parameters [1.61504605 1.59764402 1.41132253 1.68211682 1.65722646 1.40001288
 1.40495082 1.51577389] REAL [0.67055801] FAKE [0.35194119] 
53 epoch LOSS [-0.82842445] Parameters [1.61508575 1.5976095  1.40027631 1.68260704 1.65719247 1.40004035
 1.39399034 1.51622801] REAL [0.6698813] FAKE [0.34803846] 
54 epoch LOSS [-0.81474979] Parameters [1.61510071 1.59758404 1.38833776 1.68312813 1.65723358 1.40004599
 1.38214182 1.51673724] REAL [0.6762633] FAKE [0.34529925] 
55 epoch LOSS [-0.80661046] Parameters [1.61511591 1.59763832 1.37491172 1.68371126 1.65723118 1.40002015
 1.36886169 1.51736853] REAL [0.67780428] FAKE [0.3414493] 
56 epoch LOSS [-0.81500621] Parameters [1.61512848 1.59763779 1.36122533 1.68426431 1.65716601 1.39988858
 1.35489167 1.51796451] REAL [0.67209027] FAKE [0.34140308] 
57 epoch LOSS [-0.78925961] Parameters [1.61502958 1.59766747 1.34543146 1.68489425 1.65721705 1.39998245
 1.33925407 1.51849662] REAL [0.68477129] FAKE [0.33674068] 
58 epoch LOSS [-0.78567965] Parameters [1.61491848 1.59755962 1.32812691 1.68556565 1.65709962 1.40004431
 1.32185405 1.51916611] REAL [0.68574998] FAKE [0.33531197] 
59 epoch LOSS [-0.77082901] Parameters [1.61495704 1.59754163 1.30930493 1.68621383 1.6571089  1.39999502
 1.30306493 1.51974461] REAL [0.69252531] FAKE [0.33196755] 
60 epoch LOSS [-0.7846905] Parameters [1.61487879 1.59749882 1.28908445 1.68701584 1.65713114 1.39987065
 1.28268677 1.52058571] REAL [0.68516814] FAKE [0.33408916] 
61 epoch LOSS [-0.78220206] Parameters [1.61500753 1.59745267 1.2668193  1.68782245 1.65715361 1.3999677
 1.26055083 1.52115192] REAL [0.68477918] FAKE [0.33205083] 
62 epoch LOSS [-0.76176159] Parameters [1.61502395 1.59745227 1.2416396  1.68868187 1.65705847 1.39988108
 1.23611277 1.52193041] REAL [0.69447311] FAKE [0.32777337] 
63 epoch LOSS [-0.75038034] Parameters [1.61498092 1.59762854 1.21512489 1.68957372 1.656949   1.39988616
 1.20931628 1.52261212] REAL [0.69921886] FAKE [0.32469366] 
64 epoch LOSS [-0.77015398] Parameters [1.6148927  1.59757501 1.18502954 1.69048566 1.65687917 1.39981706
 1.18003882 1.52331554] REAL [0.6901361] FAKE [0.3292022] 
65 epoch LOSS [-0.74895991] Parameters [1.614837   1.59779461 1.15248914 1.69153551 1.65687204 1.39991331
 1.14780332 1.52440041] REAL [0.70447736] FAKE [0.32878167] 
66 epoch LOSS [-0.77432852] Parameters [1.61466443 1.59763829 1.11748551 1.69270412 1.65682225 1.40000357
 1.11236715 1.52544684] REAL [0.69081643] FAKE [0.33265449] 
67 epoch LOSS [-0.76753448] Parameters [1.61492932 1.59771757 1.0792646  1.69359481 1.6567689  1.40013857
 1.07422167 1.52645422] REAL [0.69508468] FAKE [0.33223094] 
68 epoch LOSS [-0.77679228] Parameters [1.61482726 1.59786888 1.03696914 1.69503119 1.65694456 1.40021565
 1.03254931 1.52783233] REAL [0.69348348] FAKE [0.33685686] 
69 epoch LOSS [-0.7774542] Parameters [1.61514471 1.59793324 0.99301548 1.69614515 1.6571558  1.40052663
 0.98829604 1.52895462] REAL [0.69479988] FAKE [0.33855126] 
70 epoch LOSS [-0.79762453] Parameters [1.61520741 1.59817653 0.94533401 1.69809062 1.65731374 1.40029687
 0.94079018 1.53051171] REAL [0.68832609] FAKE [0.34566246] 
71 epoch LOSS [-0.80213832] Parameters [1.61539573 1.59834831 0.89470122 1.69997378 1.65675752 1.40002226
 0.89059907 1.53134251] REAL [0.68703391] FAKE [0.3473842] 
72 epoch LOSS [-0.8324459] Parameters [1.61508853 1.59802156 0.84231574 1.70113451 1.65723215 1.39985021
 0.83827484 1.53274435] REAL [0.67693393] FAKE [0.35742022] 
73 epoch LOSS [-0.89016396] Parameters [1.61508569 1.59790681 0.78838014 1.70180196 1.65716868 1.39986565
 0.78444458 1.53410235] REAL [0.65186629] FAKE [0.37013397] 
74 epoch LOSS [-0.93499059] Parameters [1.61501225 1.59770926 0.7339007  1.70292871 1.65726515 1.3996269
 0.72982893 1.5352251 ] REAL [0.64044342] FAKE [0.38700353] 
75 epoch LOSS [-0.96068947] Parameters [1.61439819 1.59798883 0.67966238 1.70429425 1.65744766 1.4004419
 0.67534294 1.53616016] REAL [0.63170602] FAKE [0.39429265] 
76 epoch LOSS [-0.99454515] Parameters [1.6143205  1.59806194 0.62688831 1.70598545 1.65727331 1.40061353
 0.62249901 1.53702243] REAL [0.63039791] FAKE [0.413241] 
77 epoch LOSS [-1.05007707] Parameters [1.61423164 1.59791497 0.57583991 1.70758194 1.65745518 1.40061755
 0.57135274 1.53905553] REAL [0.60387428] FAKE [0.42055691] 
78 epoch LOSS [-1.06913662] Parameters [1.61449847 1.59848628 0.5274651  1.70892302 1.65784375 1.40092411
 0.52322871 1.54015766] REAL [0.60273762] FAKE [0.43042415] 
79 epoch LOSS [-1.04646712] Parameters [1.61455112 1.5986895  0.4821711  1.7104228  1.65773891 1.40098608
 0.47803871 1.54190427] REAL [0.60995803] FAKE [0.42426166] 
80 epoch LOSS [-1.07707587] Parameters [1.6142111  1.59867766 0.44039267 1.71243457 1.65770744 1.40095037
 0.43630177 1.5435598 ] REAL [0.60284139] FAKE [0.43502552] 
81 epoch LOSS [-1.13226816] Parameters [1.61386565 1.59848618 0.40162594 1.71450499 1.65765419 1.40095363
 0.39781283 1.54555248] REAL [0.56293919] FAKE [0.42746677] 
82 epoch LOSS [-1.10311193] Parameters [1.61375259 1.59872409 0.3661285  1.71651319 1.65771253 1.4011639
 0.3621966  1.54721055] REAL [0.58934322] FAKE [0.43693791] 
83 epoch LOSS [-1.13199857] Parameters [1.61389882 1.59855844 0.33349143 1.7189266  1.65781269 1.40117319
 0.32991148 1.54969462] REAL [0.58040418] FAKE [0.44454518] 
84 epoch LOSS [-1.11839847] Parameters [1.61412603 1.59861618 0.30389796 1.7214529  1.65773785 1.40115635
 0.3006433  1.55236962] REAL [0.57680827] FAKE [0.43342913] 
85 epoch LOSS [-1.1619594] Parameters [1.61408539 1.59869864 0.27709738 1.72451312 1.65772169 1.40126392
 0.27438887 1.55522494] REAL [0.55693982] FAKE [0.43822918] 
86 epoch LOSS [-1.16563952] Parameters [1.61410336 1.59876027 0.25264168 1.72781635 1.65767483 1.40136512
 0.24993589 1.5586888 ] REAL [0.54931895] FAKE [0.43252778] 
87 epoch LOSS [-1.13583883] Parameters [1.61401822 1.59886393 0.23074648 1.73141313 1.65773704 1.40107805
 0.22801313 1.56232194] REAL [0.56635446] FAKE [0.43294767] 
88 epoch LOSS [-1.18825713] Parameters [1.61408815 1.59897648 0.21142894 1.73560972 1.65783219 1.40111334
 0.20843234 1.56628769] REAL [0.5376891] FAKE [0.43321904] 
89 epoch LOSS [-1.17154731] Parameters [1.61427457 1.59886048 0.19341427 1.74004707 1.65787335 1.40127132
 0.19061928 1.57085567] REAL [0.54771589] FAKE [0.4342193] 
90 epoch LOSS [-1.15934668] Parameters [1.61430213 1.59882144 0.17720347 1.74480743 1.65800242 1.40131937
 0.17453133 1.575622  ] REAL [0.55196432] FAKE [0.43168237] 
91 epoch LOSS [-1.12885458] Parameters [1.6142842  1.59879941 0.1632898  1.74994589 1.65800476 1.40117105
 0.16046602 1.58088008] REAL [0.56766701] FAKE [0.43029369] 
92 epoch LOSS [-1.16088552] Parameters [1.61441125 1.59879468 0.15010791 1.75586986 1.65798177 1.40122728
 0.14725896 1.58651249] REAL [0.54884906] FAKE [0.42933545] 
93 epoch LOSS [-1.14739728] Parameters [1.61439968 1.59875358 0.13773175 1.762259   1.65806101 1.40134068
 0.13494865 1.59274582] REAL [0.55133324] FAKE [0.42419224] 
94 epoch LOSS [-1.14724533] Parameters [1.61435427 1.59873818 0.12611726 1.76904862 1.65805702 1.40137852
 0.12310166 1.5993555 ] REAL [0.55182835] FAKE [0.42462144] 
95 epoch LOSS [-1.15789007] Parameters [1.6143599  1.59867776 0.11587179 1.77640087 1.65803915 1.40131328
 0.11244821 1.60660183] REAL [0.54587828] FAKE [0.42450849] 
96 epoch LOSS [-1.10620543] Parameters [1.61433782 1.59864929 0.10681554 1.78475066 1.65797021 1.40128637
 0.10324473 1.61489788] REAL [0.57341311] FAKE [0.42308282] 
97 epoch LOSS [-1.14196613] Parameters [1.61444559 1.59867468 0.09848707 1.79375041 1.6580148  1.40140772
 0.0950747  1.62404708] REAL [0.55414246] FAKE [0.42399138] 
98 epoch LOSS [-1.10354446] Parameters [1.61445737 1.59868374 0.09108858 1.80391335 1.65800395 1.40141691
 0.0879292  1.63382968] REAL [0.57259148] FAKE [0.42071558] 
99 epoch LOSS [-1.14841572] Parameters [1.61443817 1.59872448 0.08435487 1.81500526 1.65799434 1.40146001
 0.0811262  1.64496723] REAL [0.54751665] FAKE [0.42076865] 
100 epoch LOSS [-1.14456812] Parameters [1.61450145 1.59870418 0.07789265 1.82695001 1.65797811 1.40146785
 0.07448306 1.65693806] REAL [0.548102] FAKE [0.41915668] 
101 epoch LOSS [-1.13756713] Parameters [1.6145044  1.59869192 0.07156885 1.84005389 1.65796153 1.4015916
 0.06800284 1.66994586] REAL [0.55108341] FAKE [0.41824044] 
102 epoch LOSS [-1.10111205] Parameters [1.61450592 1.59864308 0.0656704  1.85486533 1.6580889  1.40164284
 0.06142502 1.68476424] REAL [0.56952713] FAKE [0.41618037] 
103 epoch LOSS [-1.10658512] Parameters [1.61441709 1.59866855 0.06067544 1.87096434 1.6581636  1.40177776
 0.0568623  1.7012092 ] REAL [0.56369894] FAKE [0.41336365] 
104 epoch LOSS [-1.09408916] Parameters [1.61441963 1.59865654 0.05577856 1.8890824  1.65830583 1.40182265
 0.05184551 1.7194305 ] REAL [0.57192776] FAKE [0.41453365] 
105 epoch LOSS [-1.1175329] Parameters [1.61438525 1.59866194 0.0516107  1.90870286 1.65843688 1.40186129
 0.04747871 1.73880169] REAL [0.55960563] FAKE [0.41550667] 
106 epoch LOSS [-1.1026942] Parameters [1.61439065 1.59870548 0.04780078 1.93071499 1.65847127 1.40203408
 0.04380753 1.76089929] REAL [0.56602103] FAKE [0.41349269] 
107 epoch LOSS [-1.09270649] Parameters [1.61439936 1.59878423 0.04441203 1.95533066 1.65835584 1.40194872
 0.04032158 1.78498779] REAL [0.57560318] FAKE [0.41746716] 
108 epoch LOSS [-1.10304788] Parameters [1.61433208 1.59869667 0.04078018 1.9818989  1.65835027 1.40188734
 0.03661902 1.81209394] REAL [0.56541611] FAKE [0.41307283] 
109 epoch LOSS [-1.11346929] Parameters [1.614468   1.5987132  0.03775695 2.01148382 1.65849692 1.40205634
 0.03360942 1.8416777 ] REAL [0.56495538] FAKE [0.418684] 
110 epoch LOSS [-1.11496384] Parameters [1.61438639 1.59884415 0.03466636 2.04461439 1.65839974 1.40207849
 0.03031892 1.87461057] REAL [0.56534778] FAKE [0.41995503] 
111 epoch LOSS [-1.14700028] Parameters [1.61439813 1.59893748 0.03155722 2.08075606 1.6584318  1.40213835
 0.02742727 1.91119701] REAL [0.55551264] FAKE [0.42829741] 
112 epoch LOSS [-1.0895049] Parameters [1.61440716 1.59865279 0.02892509 2.12151134 1.65821769 1.40225675
 0.0247903  1.95154602] REAL [0.58539276] FAKE [0.42537213] 
113 epoch LOSS [-1.12445547] Parameters [1.61468198 1.59866506 0.02649123 2.16576505 1.65842674 1.40219916
 0.02249681 1.99533395] REAL [0.57237309] FAKE [0.43248678] 
114 epoch LOSS [-1.13933717] Parameters [1.6148088  1.59882764 0.02320047 2.21348487 1.65854163 1.40207626
 0.01948281 2.04292229] REAL [0.57029747] FAKE [0.43883483] 
115 epoch LOSS [-1.22557301] Parameters [1.6150355  1.59891807 0.02060101 2.26443207 1.65860334 1.4022107
 0.01790783 2.09431868] REAL [0.53080455] FAKE [0.44689732] 
116 epoch LOSS [-1.25345214] Parameters [1.6148984  1.5990519  0.01812721 2.31869142 1.65891905 1.40189372
 0.01598446 2.14880297] REAL [0.53953644] FAKE [0.47080971] 
117 epoch LOSS [-1.25777086] Parameters [1.61440991 1.59941468 0.0164503  2.37563386 1.6586581  1.40151898
 0.01426906 2.20558695] REAL [0.54093816] FAKE [0.47445557] 
118 epoch LOSS [-1.34979955] Parameters [1.61449377 1.5995073  0.01421865 2.43399444 1.65862357 1.40188443
 0.0120008  2.26408412] REAL [0.50985556] FAKE [0.49143983] 
119 epoch LOSS [-1.38946727] Parameters [1.61425215 1.59947399 0.01243728 2.49330893 1.65861904 1.40174226
 0.01018252 2.32317242] REAL [0.51488776] FAKE [0.51599543] 
120 epoch LOSS [-1.43822479] Parameters [1.61400516 1.59879844 0.01006051 2.55183661 1.6576519  1.40124396
 0.00804166 2.38158042] REAL [0.5093527] FAKE [0.5340189] 
121 epoch LOSS [-1.49609901] Parameters [1.61395706 1.59876483 0.00932901 2.60843324 1.65724976 1.40154268
 0.00662003 2.43807815] REAL [0.48355849] FAKE [0.53676278] 
122 epoch LOSS [-1.48597338] Parameters [1.61426044 1.59926542 0.00834719 2.66186214 1.65703402 1.40196728
 0.00554798 2.49173264] REAL [0.50161517] FAKE [0.54889327] 
123 epoch LOSS [-1.53154936] Parameters [1.61406575 1.59931038 0.00679283 2.71193899 1.65733469 1.40216278
 0.00445417 2.54148877] REAL [0.48930837] FAKE [0.55815096] 
124 epoch LOSS [-1.56611411] Parameters [1.61425433 1.59913737 0.00642908 2.7574551  1.65754227 1.40261906
 0.0033675  2.58700658] REAL [0.48504458] FAKE [0.56941031] 
125 epoch LOSS [-1.58900035] Parameters [1.61417384 1.5992824  0.00615606 2.79813331 1.65770733 1.40287438
 0.00311733 2.62772828] REAL [0.48041527] FAKE [0.57509767] 
126 epoch LOSS [-1.58472815] Parameters [1.61426097e+00 1.59905415e+00 5.57829604e-03 2.83421740e+00
 1.65779547e+00 1.40314227e+00 2.81654702e-03 2.66384870e+00] REAL [0.48792693] FAKE [0.57984792] 
127 epoch LOSS [-1.59040595] Parameters [1.61448429e+00 1.59903560e+00 5.00058862e-03 2.86597873e+00
 1.65765557e+00 1.40292736e+00 2.03830572e-03 2.69608879e+00] REAL [0.48594235] FAKE [0.58052052] 
128 epoch LOSS [-1.63510356] Parameters [1.61464393e+00 1.59898961e+00 5.19438789e-03 2.89365522e+00
 1.65780202e+00 1.40308377e+00 2.02762280e-03 2.72416309e+00] REAL [0.4613628] FAKE [0.57748612] 
129 epoch LOSS [-1.58282376] Parameters [1.61471005e+00 1.59904068e+00 4.42346135e-03 2.91789277e+00
 1.65786073e+00 1.40317168e+00 1.32986698e-03 2.74839602e+00] REAL [0.48669573] FAKE [0.57798213] 
130 epoch LOSS [-1.57356608] Parameters [1.61476868e+00 1.59903202e+00 4.65256554e-03 2.93910268e+00
 1.65790456e+00 1.40317630e+00 1.36358330e-03 2.76977509e+00] REAL [0.48915044] FAKE [0.5761946] 
131 epoch LOSS [-1.5876544] Parameters [1.61475742e+00 1.59904299e+00 4.52130096e-03 2.95776722e+00
 1.65786607e+00 1.40302742e+00 9.74618502e-04 2.78834912e+00] REAL [0.47657718] FAKE [0.57109885] 
132 epoch LOSS [-1.57899557] Parameters [1.61479338e+00 1.59898273e+00 3.89725349e-03 2.97390193e+00
 1.65788694e+00 1.40302350e+00 8.19211363e-04 2.80456477e+00] REAL [0.47784373] FAKE [0.56851565] 
133 epoch LOSS [-1.5638045] Parameters [1.61471367e+00 1.59900113e+00 3.94802879e-03 2.98766729e+00
 1.65797457e+00 1.40295386e+00 6.15009486e-04 2.81844851e+00] REAL [0.48267985] FAKE [0.56630025] 
134 epoch LOSS [-1.57563847] Parameters [1.61470938e+00 1.59901552e+00 3.12822615e-03 3.00012925e+00
 1.65794730e+00 1.40293134e+00 3.02450586e-04 2.83083734e+00] REAL [0.47251159] FAKE [0.56217915] 
135 epoch LOSS [-1.57055228] Parameters [ 1.61474695e+00  1.59912558e+00  2.52053913e-03  3.01076861e+00
  1.65796456e+00  1.40292316e+00 -5.16214168e-04  2.84184302e+00] REAL [0.47342794] FAKE [0.56079839] 
136 epoch LOSS [-1.56715251] Parameters [1.61477017e+00 1.59915123e+00 2.49528318e-03 3.02045973e+00
 1.65800319e+00 1.40294288e+00 4.21755973e-06 2.85145850e+00] REAL [0.46992368] FAKE [0.55601634] 
137 epoch LOSS [-1.55704859] Parameters [1.61478647e+00 1.59913329e+00 2.49488536e-03 3.02902955e+00
 1.65804488e+00 1.40300570e+00 4.07313076e-05 2.85994205e+00] REAL [0.47186823] FAKE [0.55335585] 
138 epoch LOSS [-1.53961582] Parameters [1.61471247e+00 1.59912785e+00 2.48025116e-03 3.03654770e+00
 1.65801184e+00 1.40300233e+00 7.09938506e-05 2.86753037e+00] REAL [0.47549767] FAKE [0.5489705] 
139 epoch LOSS [-1.52793075] Parameters [1.61472369e+00 1.59912877e+00 2.53383249e-03 3.04323611e+00
 1.65803226e+00 1.40303440e+00 4.22433546e-04 2.87418829e+00] REAL [0.47720085] FAKE [0.54529797] 
140 epoch LOSS [-1.49699464] Parameters [1.61476409e+00 1.59907485e+00 2.24308169e-03 3.04918448e+00
 1.65804500e+00 1.40306358e+00 5.82496458e-06 2.88008649e+00] REAL [0.48889013] FAKE [0.54222484] 
141 epoch LOSS [-1.49386681] Parameters [ 1.61473283e+00  1.59906694e+00  2.07511045e-03  3.05450571e+00
  1.65802033e+00  1.40302750e+00 -2.73931433e-04  2.88537458e+00] REAL [0.48585782] FAKE [0.53792477] 
142 epoch LOSS [-1.47859435] Parameters [ 1.61473218e+00  1.59907213e+00  1.80229422e-03  3.05923711e+00
  1.65802587e+00  1.40304334e+00 -4.96937903e-04  2.89021950e+00] REAL [0.49104208] FAKE [0.5357671] 
143 epoch LOSS [-1.46342446] Parameters [ 1.61473547e+00  1.59903937e+00  1.84006152e-03  3.06323914e+00
  1.65799549e+00  1.40302923e+00 -6.44472148e-04  2.89436178e+00] REAL [0.49549582] FAKE [0.53290756] 
144 epoch LOSS [-1.44936955] Parameters [ 1.61474856e+00  1.59906216e+00  1.80956741e-03  3.06693702e+00
  1.65798287e+00  1.40304663e+00 -9.27386758e-04  2.89802923e+00] REAL [0.49989205] FAKE [0.53046218] 
145 epoch LOSS [-1.4483287] Parameters [ 1.61476494e+00  1.59904217e+00  1.16744994e-03  3.07009734e+00
  1.65797427e+00  1.40305371e+00 -1.35954188e-03  2.90120331e+00] REAL [0.49762982] FAKE [0.52783647] 
146 epoch LOSS [-1.43230635] Parameters [ 1.61477171e+00  1.59901349e+00  1.27151084e-03  3.07309419e+00
  1.65797061e+00  1.40306013e+00 -1.65789421e-03  2.90415532e+00] REAL [0.50299782] FAKE [0.52533069] 
147 epoch LOSS [-1.45027551] Parameters [ 1.61476902e+00  1.59901778e+00  1.13794295e-03  3.07557410e+00
  1.65796539e+00  1.40308163e+00 -1.33537452e-03  2.90669221e+00] REAL [0.49119228] FAKE [0.52257867] 
148 epoch LOSS [-1.43819094] Parameters [ 1.61476615e+00  1.59901071e+00  5.54726963e-04  3.07790702e+00
  1.65796707e+00  1.40309430e+00 -1.84216008e-03  2.90890207e+00] REAL [0.4948548] FAKE [0.52035069] 
149 epoch LOSS [-1.42727711] Parameters [ 1.61476066e+00  1.59901556e+00  9.15424226e-04  3.07992143e+00
  1.65796770e+00  1.40309780e+00 -1.47408653e-03  2.91098799e+00] REAL [0.49834241] FAKE [0.51848083] 
150 epoch LOSS [-1.44249215] Parameters [ 1.61476731e+00  1.59902043e+00  1.01235033e-03  3.08163891e+00
  1.65796556e+00  1.40309197e+00 -1.42870700e-03  2.91271306e+00] REAL [0.48919705] FAKE [0.51688581] 
151 epoch LOSS [-1.45228965] Parameters [ 1.61476508e+00  1.59902003e+00  6.83527660e-04  3.08318317e+00
  1.65797380e+00  1.40308602e+00 -1.71339288e-03  2.91423755e+00] REAL [0.48305436] FAKE [0.51551246] 
152 epoch LOSS [-1.42219756] Parameters [ 1.61476162e+00  1.59901642e+00  7.36479395e-04  3.08451534e+00
  1.65797238e+00  1.40308214e+00 -1.87036614e-03  2.91554470e+00] REAL [0.49632352] FAKE [0.51406007] 
153 epoch LOSS [-1.39678684] Parameters [ 1.61475774e+00  1.59902371e+00  1.12433438e-03  3.08552564e+00
  1.65797787e+00  1.40308810e+00 -1.81245771e-03  2.91659223e+00] REAL [0.50692351] FAKE [0.51197649] 
154 epoch LOSS [-1.39068825] Parameters [ 1.61475927e+00  1.59901728e+00  1.07241004e-03  3.08644620e+00
  1.65797766e+00  1.40308939e+00 -1.73216058e-03  2.91747089e+00] REAL [0.50800315] FAKE [0.51003466] 
155 epoch LOSS [-1.42444092] Parameters [ 1.61476034e+00  1.59901396e+00  1.54625872e-03  3.08714412e+00
  1.65797502e+00  1.40308492e+00 -1.45894490e-03  2.91816711e+00] REAL [0.48961355] FAKE [0.50850428] 
156 epoch LOSS [-1.40350252] Parameters [ 1.61475877e+00  1.59901696e+00  1.82158695e-03  3.08764599e+00
  1.65797722e+00  1.40307826e+00 -1.65673441e-03  2.91868040e+00] REAL [0.49830919] FAKE [0.50686287] 
157 epoch LOSS [-1.40531659] Parameters [ 1.61475707e+00  1.59901821e+00  1.91972198e-03  3.08795909e+00
  1.65797759e+00  1.40308081e+00 -1.44418478e-03  2.91901369e+00] REAL [0.49666239] FAKE [0.5061245] 
158 epoch LOSS [-1.40139927] Parameters [ 1.61475696e+00  1.59901392e+00  2.12843834e-03  3.08809586e+00
  1.65797279e+00  1.40307814e+00 -1.12250748e-03  2.91916169e+00] REAL [0.49711118] FAKE [0.50463365] 
159 epoch LOSS [-1.39539052] Parameters [ 1.61475708e+00  1.59902164e+00  2.19460349e-03  3.08806371e+00
  1.65797126e+00  1.40307853e+00 -1.06740144e-03  2.91913688e+00] REAL [0.49867631] FAKE [0.50321227] 
160 epoch LOSS [-1.38808723] Parameters [ 1.61475329e+00  1.59902223e+00  2.58861822e-03  3.08785360e+00
  1.65797214e+00  1.40307862e+00 -8.86652704e-04  2.91893756e+00] REAL [0.50058015] FAKE [0.50147407] 
161 epoch LOSS [-1.39488487] Parameters [ 1.61475544e+00  1.59902432e+00  2.52053904e-03  3.08746771e+00
  1.65796108e+00  1.40307465e+00 -8.92343147e-04  2.91855779e+00] REAL [0.49660529] FAKE [0.50088817] 
162 epoch LOSS [-1.36396175] Parameters [ 1.61476431e+00  1.59901987e+00  2.34078198e-03  3.08690892e+00
  1.65795524e+00  1.40307383e+00 -1.36022785e-03  2.91799619e+00] REAL [0.51060089] FAKE [0.49932332] 
163 epoch LOSS [-1.35524385] Parameters [ 1.61476658e+00  1.59901836e+00  2.38662067e-03  3.08622438e+00
  1.65796340e+00  1.40307047e+00 -1.45632274e-03  2.91730142e+00] REAL [0.51340314] FAKE [0.49769609] 
164 epoch LOSS [-1.37110856] Parameters [ 1.61476266e+00  1.59902764e+00  2.34142173e-03  3.08537413e+00
  1.65796246e+00  1.40307140e+00 -1.57601451e-03  2.91643486e+00] REAL [0.50427517] FAKE [0.49665295] 
165 epoch LOSS [-1.37596612] Parameters [ 1.61476152e+00  1.59902585e+00  2.20104788e-03  3.08432800e+00
  1.65797327e+00  1.40307627e+00 -1.52508189e-03  2.91540486e+00] REAL [0.50086465] FAKE [0.49568124] 
166 epoch LOSS [-1.34961001] Parameters [ 1.61477382e+00  1.59903650e+00  2.49053378e-03  3.08307325e+00
  1.65797490e+00  1.40306744e+00 -1.46580988e-03  2.91416811e+00] REAL [0.51325658] FAKE [0.49471397] 
167 epoch LOSS [-1.33613402] Parameters [ 1.61476750e+00  1.59903521e+00  2.84285277e-03  3.08170130e+00
  1.65798966e+00  1.40307047e+00 -1.17356963e-03  2.91279119e+00] REAL [0.51904445] FAKE [0.49356954] 
168 epoch LOSS [-1.34725132] Parameters [ 1.61476266e+00  1.59904252e+00  2.84904332e-03  3.08017118e+00
  1.65797124e+00  1.40306981e+00 -1.16467360e-03  2.91125854e+00] REAL [0.51170417] FAKE [0.49198419] 
169 epoch LOSS [-1.34270453] Parameters [ 1.61476384e+00  1.59902592e+00  3.03125240e-03  3.07844562e+00
  1.65799313e+00  1.40305923e+00 -1.15557383e-03  2.90953584e+00] REAL [0.51226888] FAKE [0.49023166] 
170 epoch LOSS [-1.33798739] Parameters [ 1.61475914e+00  1.59904951e+00  2.40309959e-03  3.07650251e+00
  1.65802016e+00  1.40305687e+00 -1.48323771e-03  2.90761709e+00] REAL [0.51419141] FAKE [0.48973634] 
171 epoch LOSS [-1.34395624] Parameters [ 1.61477190e+00  1.59904112e+00  2.90595033e-03  3.07450848e+00
  1.65802089e+00  1.40304987e+00 -1.11230266e-03  2.90555954e+00] REAL [0.51025165] FAKE [0.48885655] 
172 epoch LOSS [-1.33347401] Parameters [ 1.61478755e+00  1.59903034e+00  2.70105549e-03  3.07218672e+00
  1.65800786e+00  1.40306791e+00 -1.22418521e-03  2.90323816e+00] REAL [0.51447038] FAKE [0.48770606] 
173 epoch LOSS [-1.32333075] Parameters [ 1.61479220e+00  1.59900942e+00  2.56485699e-03  3.06971085e+00
  1.65800871e+00  1.40307286e+00 -1.16537737e-03  2.90075089e+00] REAL [0.51840208] FAKE [0.48640827] 
174 epoch LOSS [-1.30873671] Parameters [ 1.61479910e+00  1.59898239e+00  2.53119282e-03  3.06696811e+00
  1.65799328e+00  1.40308352e+00 -1.14828005e-03  2.89798790e+00] REAL [0.52517721] FAKE [0.485581] 
175 epoch LOSS [-1.30473535] Parameters [ 1.61481986e+00  1.59898171e+00  2.47740558e-03  3.06400850e+00
  1.65800349e+00  1.40307399e+00 -1.05825486e-03  2.89500747e+00] REAL [0.52562936] FAKE [0.48396279] 
176 epoch LOSS [-1.30874005] Parameters [ 1.61483540e+00  1.59898112e+00  2.69777847e-03  3.06072597e+00
  1.65801444e+00  1.40306356e+00 -9.34290064e-04  2.89185393e+00] REAL [0.52276898] FAKE [0.48321296] 
177 epoch LOSS [-1.32460608] Parameters [ 1.61483111e+00  1.59898463e+00  2.86894209e-03  3.05712224e+00
  1.65799725e+00  1.40304766e+00 -8.84186392e-04  2.88825539e+00] REAL [0.51382993] FAKE [0.48249864] 
178 epoch LOSS [-1.29760926] Parameters [ 1.61485140e+00  1.59896849e+00  3.18873650e-03  3.05335520e+00
  1.65798368e+00  1.40304687e+00 -8.66667163e-04  2.88453573e+00] REAL [0.52685263] FAKE [0.48147905] 
179 epoch LOSS [-1.30555022] Parameters [ 1.61487655e+00  1.59898106e+00  3.41349321e-03  3.04950638e+00
  1.65796789e+00  1.40305948e+00 -5.36011452e-04  2.88059813e+00] REAL [0.52149132] FAKE [0.48029169] 
180 epoch LOSS [-1.30985993] Parameters [ 1.61485016e+00  1.59897249e+00  3.40683857e-03  3.04527280e+00
  1.65795545e+00  1.40303888e+00 -7.08323399e-04  2.87634396e+00] REAL [0.51853984] FAKE [0.47958125] 
181 epoch LOSS [-1.30111788] Parameters [ 1.61485635e+00  1.59893360e+00  3.15905214e-03  3.04084787e+00
  1.65794546e+00  1.40306171e+00 -9.33989040e-04  2.87192927e+00] REAL [0.52268522] FAKE [0.47917543] 
182 epoch LOSS [-1.29882719] Parameters [ 1.61485773e+00  1.59894576e+00  2.98901058e-03  3.03599185e+00
  1.65790961e+00  1.40308553e+00 -1.12610033e-03  2.86708945e+00] REAL [0.5230009] FAKE [0.4782961] 
183 epoch LOSS [-1.30527832] Parameters [ 1.61485199e+00  1.59894672e+00  2.78233551e-03  3.03090080e+00
  1.65793665e+00  1.40303180e+00 -1.28485460e-03  2.86195299e+00] REAL [0.51999437] FAKE [0.47865383] 
184 epoch LOSS [-1.2813142] Parameters [ 1.61486401e+00  1.59890017e+00  2.58165008e-03  3.02525034e+00
  1.65788527e+00  1.40303203e+00 -1.50857492e-03  2.85632714e+00] REAL [0.53072145] FAKE [0.47680249] 
185 epoch LOSS [-1.2906413] Parameters [ 1.61493048e+00  1.59889342e+00  2.45323758e-03  3.01926702e+00
  1.65789216e+00  1.40301364e+00 -1.77867348e-03  2.85043712e+00] REAL [0.52439169] FAKE [0.475403] 
186 epoch LOSS [-1.28163322] Parameters [ 1.61488784e+00  1.59893304e+00  2.24324443e-03  3.01300092e+00
  1.65788817e+00  1.40304309e+00 -2.01060647e-03  2.84406353e+00] REAL [0.52853776] FAKE [0.47480843] 
187 epoch LOSS [-1.29710158] Parameters [ 1.61482816e+00  1.59897568e+00  2.07684717e-03  3.00614529e+00
  1.65793020e+00  1.40300716e+00 -2.16676099e-03  2.83726934e+00] REAL [0.51908992] FAKE [0.47345761] 
188 epoch LOSS [-1.26248296] Parameters [ 1.61479198e+00  1.59895796e+00  2.08248960e-03  2.99896362e+00
  1.65796964e+00  1.40300440e+00 -2.40992292e-03  2.83017000e+00] REAL [0.5375099] FAKE [0.47358997] 
189 epoch LOSS [-1.28704497] Parameters [ 1.61478700e+00  1.59894275e+00  2.06929562e-03  2.99123293e+00
  1.65797125e+00  1.40305220e+00 -2.47127448e-03  2.82234184e+00] REAL [0.52340112] FAKE [0.47251657] 
190 epoch LOSS [-1.28450261] Parameters [ 1.61478239e+00  1.59895909e+00  2.02367472e-03  2.98315262e+00
  1.65795161e+00  1.40298326e+00 -2.61521866e-03  2.81413650e+00] REAL [0.52173469] FAKE [0.46948473] 
191 epoch LOSS [-1.25136439] Parameters [ 1.61469940e+00  1.59887239e+00  2.06385609e-03  2.97427879e+00
  1.65793512e+00  1.40295695e+00 -2.60537926e-03  2.80530681e+00] REAL [0.54162078] FAKE [0.47174449] 
192 epoch LOSS [-1.26389374] Parameters [ 1.61460948e+00  1.59889230e+00  2.28977405e-03  2.96515985e+00
  1.65797271e+00  1.40292934e+00 -2.49802933e-03  2.79610338e+00] REAL [0.53346784] FAKE [0.47034914] 
193 epoch LOSS [-1.26468942] Parameters [ 1.61461187e+00  1.59890227e+00  2.33743554e-03  2.95503957e+00
  1.65802118e+00  1.40297508e+00 -2.43935761e-03  2.78611585e+00] REAL [0.53281179] FAKE [0.47011877] 
194 epoch LOSS [-1.27318828] Parameters [ 1.61467318e+00  1.59886924e+00  2.42866616e-03  2.94439461e+00
  1.65802233e+00  1.40295639e+00 -2.38544166e-03  2.77540984e+00] REAL [0.52697878] FAKE [0.46878757] 
195 epoch LOSS [-1.25441444] Parameters [ 1.61469774e+00  1.59886909e+00  2.44579141e-03  2.93300084e+00
  1.65792439e+00  1.40285911e+00 -2.47889154e-03  2.76407693e+00] REAL [0.53612416] FAKE [0.46795379] 
196 epoch LOSS [-1.26894916] Parameters [ 1.61465042e+00  1.59881628e+00  2.44662277e-03  2.92082935e+00
  1.65801514e+00  1.40293254e+00 -2.53340317e-03  2.75192866e+00] REAL [0.53079293] FAKE [0.4703643] 
197 epoch LOSS [-1.2463335] Parameters [ 1.61469886e+00  1.59884659e+00  2.46276393e-03  2.90788458e+00
  1.65801928e+00  1.40279693e+00 -2.57734326e-03  2.73885587e+00] REAL [0.54241264] FAKE [0.46985528] 
198 epoch LOSS [-1.26847901] Parameters [ 1.61477450e+00  1.59878741e+00  2.41319608e-03  2.89448007e+00
  1.65796932e+00  1.40280348e+00 -2.77379919e-03  2.72540159e+00] REAL [0.52724611] FAKE [0.46655067] 
199 epoch LOSS [-1.25074133] Parameters [ 1.61477897e+00  1.59881928e+00  2.26330792e-03  2.88009273e+00
  1.65793160e+00  1.40277879e+00 -2.79453324e-03  2.71076290e+00] REAL [0.54010257] FAKE [0.46992943] 
200 epoch LOSS [-1.24119365] Parameters [ 1.61474661e+00  1.59876164e+00  1.98415653e-03  2.86478041e+00
  1.65802137e+00  1.40281275e+00 -3.06987301e-03  2.69549769e+00] REAL [0.54290108] FAKE [0.46760282] 
201 epoch LOSS [-1.23989771] Parameters [ 1.61474768e+00  1.59885846e+00  1.73896223e-03  2.84849469e+00
  1.65800980e+00  1.40272468e+00 -2.94582221e-03  2.67924593e+00] REAL [0.54303855] FAKE [0.46704737] 
202 epoch LOSS [-1.24533737] Parameters [ 1.61485896e+00  1.59891683e+00  1.70516304e-03  2.83138924e+00
  1.65812510e+00  1.40265981e+00 -2.69315430e-03  2.66198556e+00] REAL [0.54217582] FAKE [0.46909514] 
203 epoch LOSS [-1.24338309] Parameters [ 1.61507598e+00  1.59896101e+00  1.78842233e-03  2.81294946e+00
  1.65811923e+00  1.40274999e+00 -2.69234266e-03  2.64344516e+00] REAL [0.54412677] FAKE [0.46996385] 
204 epoch LOSS [-1.26568363] Parameters [ 1.61499217e+00  1.59906688e+00  1.70586039e-03  2.79348378e+00
  1.65812763e+00  1.40267771e+00 -2.34935205e-03  2.62403035e+00] REAL [0.53239967] FAKE [0.47023556] 
205 epoch LOSS [-1.25548479] Parameters [ 1.61489185e+00  1.59892539e+00  1.69866451e-03  2.77282687e+00
  1.65806154e+00  1.40272106e+00 -2.10081922e-03  2.60332423e+00] REAL [0.53621928] FAKE [0.46861724] 
206 epoch LOSS [-1.26015799] Parameters [ 1.61470832e+00  1.59905611e+00  1.84442671e-03  2.75133822e+00
  1.65800646e+00  1.40257479e+00 -2.02335544e-03  2.58187058e+00] REAL [0.53798061] FAKE [0.47282632] 
207 epoch LOSS [-1.27270427] Parameters [ 1.61476413e+00  1.59907415e+00  1.54507147e-03  2.72884536e+00
  1.65778671e+00  1.40271187e+00 -2.73884678e-03  2.55950964e+00] REAL [0.53263995] FAKE [0.47417913] 
208 epoch LOSS [-1.26169623] Parameters [ 1.61495074e+00  1.59896315e+00  1.59441029e-03  2.70526260e+00
  1.65778844e+00  1.40279732e+00 -2.25249911e-03  2.53559661e+00] REAL [0.5404603] FAKE [0.47605163] 
209 epoch LOSS [-1.29495929] Parameters [ 1.61485404e+00  1.59898004e+00  1.64241360e-03  2.68057007e+00
  1.65761860e+00  1.40277409e+00 -2.50198587e-03  2.51089149e+00] REAL [0.52586494] FAKE [0.47912668] 
210 epoch LOSS [-1.27992828] Parameters [ 1.61491387e+00  1.59883603e+00  1.99551471e-03  2.65498510e+00
  1.65761372e+00  1.40265191e+00 -2.51319893e-03  2.48525890e+00] REAL [0.53337498] FAKE [0.47868338] 
211 epoch LOSS [-1.28660034] Parameters [ 1.61476621e+00  1.59901906e+00  2.53103688e-03  2.62836477e+00
  1.65770610e+00  1.40288689e+00 -2.57609203e-03  2.45889495e+00] REAL [0.53313334] FAKE [0.48191535] 
212 epoch LOSS [-1.31576968] Parameters [ 1.61467305e+00  1.59909324e+00  2.71446686e-03  2.60086530e+00
  1.65769393e+00  1.40282962e+00 -1.99403483e-03  2.43150005e+00] REAL [0.5206368] FAKE [0.48473146] 
213 epoch LOSS [-1.29710165] Parameters [ 1.61465168e+00  1.59915655e+00  2.40379817e-03  2.57286272e+00
  1.65774468e+00  1.40304101e+00 -1.74491150e-03  2.40343666e+00] REAL [0.53170146] FAKE [0.48594681] 
214 epoch LOSS [-1.34285304] Parameters [ 1.61465783e+00  1.59902154e+00  2.77825056e-03  2.54423494e+00
  1.65765978e+00  1.40322182e+00 -2.17531747e-03  2.37489667e+00] REAL [0.51625815] FAKE [0.4942459] 
215 epoch LOSS [-1.34465553] Parameters [ 1.61468514e+00  1.59937745e+00  2.87056638e-03  2.51524560e+00
  1.65756661e+00  1.40299203e+00 -1.88411006e-03  2.34587256e+00] REAL [0.51594995] FAKE [0.49485513] 
216 epoch LOSS [-1.33818437] Parameters [ 1.61480347e+00  1.59933495e+00  3.07263272e-03  2.48584245e+00
  1.65765907e+00  1.40306617e+00 -1.55308110e-03  2.31659841e+00] REAL [0.52324267] FAKE [0.49866184] 
217 epoch LOSS [-1.36017322] Parameters [ 1.61495831e+00  1.59937921e+00  2.41669607e-03  2.45645866e+00
  1.65755429e+00  1.40304785e+00 -1.84821819e-03  2.28726128e+00] REAL [0.51169204] FAKE [0.49849459] 
218 epoch LOSS [-1.39525267] Parameters [ 1.61509450e+00  1.59929557e+00  1.39839090e-03  2.42710898e+00
  1.65727101e+00  1.40320519e+00 -2.26645448e-03  2.25803503e+00] REAL [0.5023926] FAKE [0.50681912] 
219 epoch LOSS [-1.36606089] Parameters [ 1.61513993e+00  1.59933619e+00  1.28065119e-03  2.39834541e+00
  1.65720970e+00  1.40334092e+00 -2.94576660e-03  2.22908346e+00] REAL [0.51310436] FAKE [0.50281091] 
220 epoch LOSS [-1.41162129] Parameters [ 1.61537882e+00  1.59939067e+00  1.04303245e-03  2.36999649e+00
  1.65712486e+00  1.40332795e+00 -3.34122730e-03  2.20074943e+00] REAL [0.49640529] FAKE [0.50897426] 
221 epoch LOSS [-1.44194977] Parameters [ 1.61546116e+00  1.59947946e+00  9.27545108e-04  2.34219086e+00
  1.65731571e+00  1.40352934e+00 -3.42499967e-03  2.17288945e+00] REAL [0.4898797] FAKE [0.5172973] 
222 epoch LOSS [-1.44433493] Parameters [ 1.61522583e+00  1.59928726e+00  9.08228616e-04  2.31526548e+00
  1.65764250e+00  1.40349626e+00 -3.10935503e-03  2.14587537e+00] REAL [0.48930439] FAKE [0.51788105] 
223 epoch LOSS [-1.42205186] Parameters [ 1.61541124e+00  1.59938017e+00  1.44649327e-03  2.28917842e+00
  1.65757149e+00  1.40360231e+00 -2.67175968e-03  2.11964184e+00] REAL [0.49783085] FAKE [0.5154608] 
224 epoch LOSS [-1.44224911] Parameters [ 1.61546963e+00  1.59938793e+00  2.62748861e-03  2.26413450e+00
  1.65746145e+00  1.40385089e+00 -1.57077967e-03  2.09462261e+00] REAL [0.49412574] FAKE [0.52158841] 
225 epoch LOSS [-1.44823322] Parameters [ 1.61528400e+00  1.59965671e+00  2.92703673e-03  2.23999887e+00
  1.65754967e+00  1.40393986e+00 -1.03343604e-03  2.07060015e+00] REAL [0.48884451] FAKE [0.51930504] 
226 epoch LOSS [-1.45039236] Parameters [ 1.61519939e+00  1.59991551e+00  2.01346666e-03  2.21711191e+00
  1.65750116e+00  1.40394142e+00 -1.49912831e-03  2.04779862e+00] REAL [0.4877157] FAKE [0.51923166] 
227 epoch LOSS [-1.45303083] Parameters [ 1.61531089e+00  1.59999865e+00  2.05132163e-03  2.19539445e+00
  1.65751019e+00  1.40405458e+00 -1.57282713e-03  2.02622677e+00] REAL [0.49289431] FAKE [0.52553637] 
228 epoch LOSS [-1.48121664] Parameters [ 1.61533063e+00  1.59980147e+00  2.09320456e-03  2.17495241e+00
  1.65744941e+00  1.40397228e+00 -1.25024297e-03  2.00553511e+00] REAL [0.47974529] FAKE [0.52607997] 
229 epoch LOSS [-1.47114819] Parameters [ 1.61545501e+00  1.59975797e+00  2.54523024e-03  2.15548517e+00
  1.65746995e+00  1.40398278e+00 -8.78613941e-04  1.98610166e+00] REAL [0.48406574] FAKE [0.52555692] 
230 epoch LOSS [-1.45450836] Parameters [ 1.61546603e+00  1.59980460e+00  2.31438094e-03  2.13707514e+00
  1.65752693e+00  1.40400204e+00 -6.11183783e-04  1.96787685e+00] REAL [0.48854169] FAKE [0.52201594] 
231 epoch LOSS [-1.49503442] Parameters [ 1.61550916e+00  1.59977218e+00  1.92963159e-03  2.12035987e+00
  1.65766320e+00  1.40411868e+00 -9.50715943e-04  1.95103158e+00] REAL [0.47155956] FAKE [0.52446964] 
232 epoch LOSS [-1.49651544] Parameters [ 1.61544182e+00  1.59959046e+00  1.75526112e-03  2.10478601e+00
  1.65774644e+00  1.40420902e+00 -1.33941824e-03  1.93548336e+00] REAL [0.46920144] FAKE [0.522787] 
233 epoch LOSS [-1.46556432] Parameters [ 1.61550274e+00  1.59953989e+00  2.20070221e-03  2.09033062e+00
  1.65768176e+00  1.40417103e+00 -6.08431060e-04  1.92113361e+00] REAL [0.48363353] FAKE [0.52247391] 
234 epoch LOSS [-1.4913112] Parameters [1.61551447e+00 1.59948613e+00 2.40802916e-03 2.07689698e+00
 1.65760707e+00 1.40410931e+00 6.36684421e-05 1.90767045e+00] REAL [0.46993233] FAKE [0.52104308] 
235 epoch LOSS [-1.48440052] Parameters [ 1.61557612e+00  1.59948690e+00  2.22380894e-03  2.06443872e+00
  1.65760937e+00  1.40414644e+00 -1.87775477e-04  1.89520448e+00] REAL [0.47421748] FAKE [0.52207969] 
236 epoch LOSS [-1.45999825] Parameters [1.61557560e+00 1.59944075e+00 2.19652639e-03 2.05294434e+00
 1.65759672e+00 1.40413691e+00 6.40447638e-05 1.88379550e+00] REAL [0.48210375] FAKE [0.51828485] 
237 epoch LOSS [-1.45059392] Parameters [1.61561118e+00 1.59943760e+00 2.16839173e-03 2.04263062e+00
 1.65764992e+00 1.40412694e+00 7.33324268e-05 1.87343247e+00] REAL [0.48720062] FAKE [0.51882037] 
238 epoch LOSS [-1.47328157] Parameters [ 1.61554411e+00  1.59943343e+00  1.32213145e-03  2.03312486e+00
  1.65770660e+00  1.40416169e+00 -8.21342930e-04  1.86400233e+00] REAL [0.47581436] FAKE [0.51835795] 
239 epoch LOSS [-1.46481392] Parameters [ 1.61552162e+00  1.59943434e+00  1.72992706e-03  2.02449451e+00
  1.65772260e+00  1.40416184e+00 -3.19283696e-04  1.85522305e+00] REAL [0.47651866] FAKE [0.51498018] 
240 epoch LOSS [-1.45063676] Parameters [ 1.61551986e+00  1.59945220e+00  8.72414954e-04  2.01690925e+00
  1.65771081e+00  1.40415131e+00 -1.18341940e-03  1.84767030e+00] REAL [0.48294702] FAKE [0.51460314] 
241 epoch LOSS [-1.44535232] Parameters [ 1.61548715e+00  1.59941365e+00  1.19666282e-03  2.01000502e+00
  1.65770866e+00  1.40412010e+00 -9.59377663e-04  1.84083973e+00] REAL [0.48248943] FAKE [0.51156851] 
242 epoch LOSS [-1.43810677] Parameters [ 1.61545892e+00  1.59936936e+00  9.65848105e-04  2.00402470e+00
  1.65770632e+00  1.40410515e+00 -1.05934977e-03  1.83493342e+00] REAL [0.48497379] FAKE [0.51053696] 
243 epoch LOSS [-1.4232524] Parameters [ 1.61546575e+00  1.59936576e+00  1.21737996e-03  1.99880916e+00
  1.65771070e+00  1.40411475e+00 -9.84272005e-04  1.82969171e+00] REAL [0.49056908] FAKE [0.50887825] 
244 epoch LOSS [-1.4512543] Parameters [ 1.61546287e+00  1.59936444e+00  1.59158817e-03  1.99427468e+00
  1.65770515e+00  1.40411278e+00 -6.13591067e-04  1.82515865e+00] REAL [0.47554642] FAKE [0.50735356] 
245 epoch LOSS [-1.4163285] Parameters [ 1.61547151e+00  1.59936657e+00  2.05993646e-03  1.99071072e+00
  1.65771354e+00  1.40411519e+00 -1.26324339e-04  1.82159809e+00] REAL [0.48992262] FAKE [0.50481343] 
246 epoch LOSS [-1.40185159] Parameters [ 1.61546820e+00  1.59936706e+00  2.06877783e-03  1.98789724e+00
  1.65771452e+00  1.40411711e+00 -1.18541165e-04  1.81886082e+00] REAL [0.49501738] FAKE [0.50276334] 
247 epoch LOSS [-1.39165007] Parameters [1.61547455e+00 1.59936633e+00 2.48804058e-03 1.98572799e+00
 1.65771392e+00 1.40410694e+00 8.39078286e-05 1.81682808e+00] REAL [0.49765479] FAKE [0.50032702] 
248 epoch LOSS [-1.40672109] Parameters [ 1.61548655e+00  1.59934655e+00  2.02141574e-03  1.98452690e+00
  1.65770640e+00  1.40411259e+00 -5.79034649e-04  1.81562190e+00] REAL [0.48765945] FAKE [0.49771275] 
249 epoch LOSS [-1.42258303] Parameters [ 1.61548354e+00  1.59935897e+00  1.98605208e-03  1.98403250e+00
  1.65771172e+00  1.40409992e+00 -3.48981333e-04  1.81521221e+00] REAL [0.47780235] FAKE [0.49541799] 
250 epoch LOSS [-1.38382479] Parameters [ 1.61546676e+00  1.59936287e+00  2.16553570e-03  1.98438282e+00
  1.65774330e+00  1.40410695e+00 -2.98766667e-04  1.81558690e+00] REAL [0.49401439] FAKE [0.49269057] 
251 epoch LOSS [-1.39603405] Parameters [ 1.61551195e+00  1.59934710e+00  2.17171460e-03  1.98562461e+00
  1.65771641e+00  1.40411146e+00 -3.18057319e-04  1.81681126e+00] REAL [0.48545294] FAKE [0.49000845] 
252 epoch LOSS [-1.36293944] Parameters [1.61551587e+00 1.59936541e+00 2.58388615e-03 1.98771314e+00
 1.65770997e+00 1.40407946e+00 1.90912913e-04 1.81888369e+00] REAL [0.49985564] FAKE [0.48803729] 
253 epoch LOSS [-1.35136706] Parameters [ 1.61549243e+00  1.59938059e+00  2.19976698e-03  1.99064961e+00
  1.65771068e+00  1.40408934e+00 -1.13368640e-04  1.82182842e+00] REAL [0.50093196] FAKE [0.48319108] 
254 epoch LOSS [-1.3655417] Parameters [ 1.61552796e+00  1.59934032e+00  1.71458311e-03  1.99452961e+00
  1.65767447e+00  1.40414007e+00 -8.10118224e-04  1.82572306e+00] REAL [0.49113489] FAKE [0.48030087] 
255 epoch LOSS [-1.36499822] Parameters [ 1.61546542e+00  1.59933754e+00  1.25190323e-03  1.99936730e+00
  1.65766025e+00  1.40417137e+00 -1.24213388e-03  1.83055619e+00] REAL [0.48773425] FAKE [0.47639287] 
256 epoch LOSS [-1.33339676] Parameters [ 1.61537147e+00  1.59936724e+00  7.46079369e-04  2.00517438e+00
  1.65774784e+00  1.40417261e+00 -1.62281621e-03  1.83635800e+00] REAL [0.50117063] FAKE [0.4740705] 
257 epoch LOSS [-1.30859696] Parameters [ 1.61538200e+00  1.59931081e+00  1.02615427e-03  2.01199171e+00
  1.65780493e+00  1.40422740e+00 -1.53947937e-03  1.84315770e+00] REAL [0.51190374] FAKE [0.47216856] 
258 epoch LOSS [-1.31078158] Parameters [ 1.61523792e+00  1.59941122e+00  1.11525128e-03  2.01984348e+00
  1.65777267e+00  1.40414440e+00 -1.58077743e-03  1.85100188e+00] REAL [0.50774685] FAKE [0.46900852] 
259 epoch LOSS [-1.29288198] Parameters [ 1.61517386e+00  1.59938318e+00  1.15543049e-03  2.02874618e+00
  1.65780897e+00  1.40408787e+00 -1.64232699e-03  1.85990803e+00] REAL [0.51406588] FAKE [0.46606337] 
260 epoch LOSS [-1.31806346] Parameters [ 1.61524897e+00  1.59943112e+00  1.33857700e-03  2.03875884e+00
  1.65773578e+00  1.40403863e+00 -1.01827774e-03  1.86993807e+00] REAL [0.50122282] FAKE [0.46599973] 
261 epoch LOSS [-1.30654137] Parameters [ 1.61526787e+00  1.59943289e+00  1.43622495e-03  2.04989559e+00
  1.65767221e+00  1.40405865e+00 -9.11503495e-04  1.88106480e+00] REAL [0.50251435] FAKE [0.46119971] 
262 epoch LOSS [-1.29443213] Parameters [ 1.61543340e+00  1.59943766e+00  1.34274980e-03  2.06215901e+00
  1.65769043e+00  1.40415136e+00 -1.24581142e-03  1.89333751e+00] REAL [0.50637723] FAKE [0.45879588] 
263 epoch LOSS [-1.30628876] Parameters [ 1.61541939e+00  1.59938923e+00  1.44114675e-03  2.07561789e+00
  1.65772623e+00  1.40413365e+00 -1.29643785e-03  1.90679326e+00] REAL [0.50095402] FAKE [0.45938495] 
264 epoch LOSS [-1.29446534] Parameters [ 1.61553172e+00  1.59932597e+00  1.61332960e-03  2.09019257e+00
  1.65780244e+00  1.40423730e+00 -8.72872151e-04  1.92128678e+00] REAL [0.50655985] FAKE [0.45900895] 
265 epoch LOSS [-1.26094209] Parameters [ 1.61553348e+00  1.59936715e+00  1.51099402e-03  2.10590314e+00
  1.65769607e+00  1.40433487e+00 -9.39406054e-04  1.93702244e+00] REAL [0.52468556] FAKE [0.45989189] 
266 epoch LOSS [-1.31373153] Parameters [ 1.61555352e+00  1.59945479e+00  1.25176423e-03  2.12274865e+00
  1.65782117e+00  1.40442730e+00 -9.67344677e-04  1.95382520e+00] REAL [0.4966448] FAKE [0.45873774] 
267 epoch LOSS [-1.26875195] Parameters [ 1.61558442e+00  1.59941017e+00  1.38235188e-03  2.14072443e+00
  1.65773194e+00  1.40452293e+00 -1.15633227e-03  1.97176606e+00] REAL [0.52166488] FAKE [0.46099049] 
268 epoch LOSS [-1.27310067] Parameters [ 1.61567266e+00  1.59949009e+00  1.53002201e-03  2.15973485e+00
  1.65782700e+00  1.40459418e+00 -1.37231567e-03  1.99081552e+00] REAL [0.51742827] FAKE [0.45893524] 
269 epoch LOSS [-1.31632222] Parameters [ 1.61559793e+00  1.59962393e+00  1.08199219e-03  2.17983099e+00
  1.65758568e+00  1.40458019e+00 -1.84167442e-03  2.01085336e+00] REAL [0.49736707] FAKE [0.46092214] 
270 epoch LOSS [-1.28095894] Parameters [ 1.61556035e+00  1.59953278e+00  1.37745625e-03  2.20080856e+00
  1.65754151e+00  1.40458309e+00 -1.64131756e-03  2.03186518e+00] REAL [0.51952366] FAKE [0.4653356] 
271 epoch LOSS [-1.26765125] Parameters [ 1.61569469e+00  1.59949782e+00  1.31571473e-03  2.22269672e+00
  1.65719591e+00  1.40468015e+00 -1.69427128e-03  2.05377432e+00] REAL [0.52679501] FAKE [0.46565173] 
272 epoch LOSS [-1.27727102] Parameters [ 1.61574816e+00  1.59948499e+00  1.77841672e-03  2.24525238e+00
  1.65732073e+00  1.40490843e+00 -1.34399510e-03  2.07643734e+00] REAL [0.52156017] FAKE [0.46545555] 
273 epoch LOSS [-1.33023967] Parameters [ 1.61586438e+00  1.59969859e+00  2.02732344e-03  2.26862568e+00
  1.65749334e+00  1.40480748e+00 -1.26699836e-03  2.09976011e+00] REAL [0.50321697] FAKE [0.47455294] 
274 epoch LOSS [-1.35625941] Parameters [ 1.61588601e+00  1.59960707e+00  2.49777918e-03  2.29255965e+00
  1.65743470e+00  1.40474101e+00 -1.13085501e-03  2.12376428e+00] REAL [0.48994274] FAKE [0.47417807] 
275 epoch LOSS [-1.30182512] Parameters [ 1.61606277e+00  1.59954385e+00  2.39490608e-03  2.31679888e+00
  1.65761074e+00  1.40475513e+00 -5.40391148e-04  2.14804643e+00] REAL [0.52020392] FAKE [0.47706115] 
276 epoch LOSS [-1.3123522] Parameters [ 1.61611897e+00  1.59990610e+00  1.84108541e-03  2.34123309e+00
  1.65729048e+00  1.40477715e+00 -1.05859788e-03  2.17254102e+00] REAL [0.51442933] FAKE [0.47672865] 
277 epoch LOSS [-1.33048416] Parameters [ 1.61599402e+00  1.59979835e+00  2.63608914e-03  2.36571277e+00
  1.65728743e+00  1.40481667e+00 -2.22951681e-04  2.19709842e+00] REAL [0.50950785] FAKE [0.48116747] 
278 epoch LOSS [-1.33594611] Parameters [ 1.61624920e+00  1.59983458e+00  1.80213918e-03  2.39028318e+00
  1.65721289e+00  1.40511284e+00 -9.99469100e-04  2.22167363e+00] REAL [0.51554983] FAKE [0.49004092] 
279 epoch LOSS [-1.37019137] Parameters [ 1.61635309e+00  1.60003577e+00  1.79673377e-03  2.41453070e+00
  1.65701717e+00  1.40536054e+00 -5.81892871e-04  2.24596220e+00] REAL [0.50347974] FAKE [0.49539512] 
280 epoch LOSS [-1.36495401] Parameters [ 1.61638665e+00  1.59990182e+00  1.45211554e-03  2.43832291e+00
  1.65704509e+00  1.40500704e+00 -8.82437367e-04  2.26974705e+00] REAL [0.50610885] FAKE [0.49538045] 
281 epoch LOSS [-1.3922033] Parameters [ 1.61629307e+00  1.59979981e+00  2.20846989e-03  2.46168593e+00
  1.65694649e+00  1.40484497e+00 -6.99440045e-04  2.29311063e+00] REAL [0.49648526] FAKE [0.49942699] 
282 epoch LOSS [-1.3742656] Parameters [ 1.61628798e+00  1.59993308e+00  1.94615885e-03  2.48435853e+00
  1.65703637e+00  1.40470773e+00 -1.18096712e-03  2.31567431e+00] REAL [0.50753566] FAKE [0.50146291] 
283 epoch LOSS [-1.38151434] Parameters [ 1.61627725e+00  1.59986336e+00  1.81280842e-03  2.50608729e+00
  1.65722471e+00  1.40463890e+00 -1.33864935e-03  2.33750429e+00] REAL [0.51162901] FAKE [0.50902341] 
284 epoch LOSS [-1.42033466] Parameters [ 1.61614506e+00  1.60001371e+00  1.66000716e-03  2.52682299e+00
  1.65723505e+00  1.40453978e+00 -1.43880709e-03  2.35825727e+00] REAL [0.49076677] FAKE [0.5076416] 
285 epoch LOSS [-1.4087047] Parameters [ 1.61624238e+00  1.59990323e+00  1.76775226e-03  2.54651790e+00
  1.65724561e+00  1.40468092e+00 -1.29739711e-03  2.37772615e+00] REAL [0.49965101] FAKE [0.51073905] 
286 epoch LOSS [-1.42934089] Parameters [ 1.61615955e+00  1.59992068e+00  1.75073415e-03  2.56490491e+00
  1.65729277e+00  1.40470460e+00 -1.24891146e-03  2.39610712e+00] REAL [0.49198078] FAKE [0.51326004] 
287 epoch LOSS [-1.39160342] Parameters [ 1.61615311e+00  1.59990438e+00  2.10815391e-03  2.58194561e+00
  1.65740216e+00  1.40464757e+00 -9.00287288e-04  2.41330584e+00] REAL [0.51355624] FAKE [0.51577601] 
288 epoch LOSS [-1.38103592] Parameters [ 1.61621600e+00  1.59983517e+00  1.82212177e-03  2.59770477e+00
  1.65733174e+00  1.40462141e+00 -1.37753431e-03  2.42908173e+00] REAL [0.51827462] FAKE [0.51508705] 
289 epoch LOSS [-1.40775973] Parameters [ 1.61624405e+00  1.59979540e+00  2.27109783e-03  2.61236148e+00
  1.65736615e+00  1.40462098e+00 -9.05117477e-04  2.44387709e+00] REAL [0.50458622] FAKE [0.51506634] 
290 epoch LOSS [-1.38552048] Parameters [ 1.61632476e+00  1.59978420e+00  2.20337746e-03  2.62543987e+00
  1.65733660e+00  1.40467591e+00 -1.31049596e-03  2.45707453e+00] REAL [0.51491973] FAKE [0.51411156] 
291 epoch LOSS [-1.38215818] Parameters [ 1.61632628e+00  1.59979342e+00  2.57623207e-03  2.63735419e+00
  1.65735239e+00  1.40469348e+00 -3.07208354e-04  2.46917931e+00] REAL [0.51642639] FAKE [0.51389745] 
292 epoch LOSS [-1.4239688] Parameters [ 1.61637234e+00  1.59980187e+00  2.38099094e-03  2.64816313e+00
  1.65735747e+00  1.40469448e+00 -5.30722775e-04  2.48000531e+00] REAL [0.49571409] FAKE [0.51432366] 
293 epoch LOSS [-1.39808741] Parameters [1.61636928e+00 1.59981204e+00 2.30626056e-03 2.65768342e+00
 1.65735848e+00 1.40467753e+00 1.74677405e-04 2.48955208e+00] REAL [0.50940668] FAKE [0.51498662] 
294 epoch LOSS [-1.43780521] Parameters [1.61640370e+00 1.59980302e+00 1.90491544e-03 2.66606390e+00
 1.65737114e+00 1.40468684e+00 2.64988627e-04 2.49775668e+00] REAL [0.48965857] FAKE [0.51507366] 
295 epoch LOSS [-1.42050712] Parameters [1.61638503e+00 1.59977375e+00 2.63337974e-03 2.67337987e+00
 1.65737801e+00 1.40468006e+00 7.24473399e-04 2.50476088e+00] REAL [0.49749771] FAKE [0.51438678] 
296 epoch LOSS [-1.41318692] Parameters [1.61638623e+00 1.59977857e+00 3.30438737e-03 2.67955694e+00
 1.65738732e+00 1.40469364e+00 8.96298627e-04 2.51090219e+00] REAL [0.50116319] FAKE [0.51439678] 
297 epoch LOSS [-1.39936074] Parameters [1.61638501e+00 1.59977802e+00 3.11645076e-03 2.68460906e+00
 1.65738749e+00 1.40469405e+00 7.12169197e-04 2.51590920e+00] REAL [0.50648754] FAKE [0.51281199] 
298 epoch LOSS [-1.38267397] Parameters [1.61639409e+00 1.59977864e+00 3.36801260e-03 2.68858857e+00
 1.65738587e+00 1.40469213e+00 1.07155871e-03 2.51988530e+00] REAL [0.51496113] FAKE [0.51276568] 
299 epoch LOSS [-1.40425183] Parameters [1.61639511e+00 1.59977781e+00 3.76158426e-03 2.69160719e+00
 1.65738573e+00 1.40469084e+00 1.19776550e-03 2.52296133e+00] REAL [0.50258232] FAKE [0.51142193] 
