RUN 11_12_2021__16_50_38 
0 epoch LOSS [-1.83535124] Parameters [1.52152523 1.39263192 1.55666672 1.62903175 1.69476147 1.56612067
 1.50347378 1.54756726] REAL [0.80273824] FAKE [0.80123353] 
1 epoch LOSS [-1.70319044] Parameters [1.52152409 1.39263195 1.55669043 1.62922254 1.6947629  1.56612089
 1.50349753 1.54776399] REAL [0.7661789] FAKE [0.76232495] 
2 epoch LOSS [-1.60302073] Parameters [1.52152516 1.3926323  1.5566886  1.62940463 1.69476304 1.56612127
 1.50349426 1.54792394] REAL [0.73048682] FAKE [0.72444737] 
3 epoch LOSS [-1.52915861] Parameters [1.52152482 1.39263195 1.55665499 1.62959051 1.69476081 1.56612206
 1.50345975 1.54809236] REAL [0.697122] FAKE [0.68912481] 
4 epoch LOSS [-1.47411298] Parameters [1.52152641 1.39262982 1.5565868  1.62992921 1.69476321 1.56612129
 1.50338716 1.54846199] REAL [0.66805288] FAKE [0.65724009] 
5 epoch LOSS [-1.4348171] Parameters [1.52152645 1.39263224 1.55648574 1.63027047 1.69476119 1.56611952
 1.5032878  1.54878347] REAL [0.64214475] FAKE [0.62911957] 
6 epoch LOSS [-1.40193785] Parameters [1.52153033 1.39263082 1.55633871 1.63065837 1.69476055 1.56611818
 1.5031509  1.54914217] REAL [0.62263252] FAKE [0.60471136] 
7 epoch LOSS [-1.37974024] Parameters [1.5215315  1.39263608 1.55615776 1.63110117 1.69475862 1.56612213
 1.50296604 1.54958612] REAL [0.60444861] FAKE [0.58368022] 
8 epoch LOSS [-1.36061473] Parameters [1.52153612 1.39263662 1.55593793 1.63147014 1.6947624  1.56612061
 1.50274095 1.54996312] REAL [0.59071429] FAKE [0.56577477] 
9 epoch LOSS [-1.34635338] Parameters [1.52153565 1.39264257 1.55566623 1.6319417  1.69476592 1.56611981
 1.5024647  1.55038685] REAL [0.57878622] FAKE [0.55046038] 
10 epoch LOSS [-1.33438508] Parameters [1.52153512 1.3926437  1.55535347 1.63235502 1.69476408 1.56612237
 1.50214054 1.5507652 ] REAL [0.56927158] FAKE [0.53744389] 
11 epoch LOSS [-1.32425573] Parameters [1.52153534 1.39264432 1.55499852 1.632792   1.69476407 1.5661236
 1.50179051 1.55119365] REAL [0.56141898] FAKE [0.52619902] 
12 epoch LOSS [-1.31428301] Parameters [1.52153689 1.39264363 1.55460445 1.63325146 1.69476291 1.56612422
 1.50140446 1.5516676 ] REAL [0.55584162] FAKE [0.51664849] 
13 epoch LOSS [-1.30499085] Parameters [1.52153258 1.39264032 1.55411715 1.6338091  1.69476024 1.56612508
 1.50088363 1.55223836] REAL [0.55158598] FAKE [0.50837218] 
14 epoch LOSS [-1.29644887] Parameters [1.52153053 1.39264672 1.55361948 1.63433464 1.69476106 1.56612775
 1.50038708 1.55271568] REAL [0.54830062] FAKE [0.50118366] 
15 epoch LOSS [-1.28827432] Parameters [1.52153385 1.39265138 1.55305917 1.63485913 1.69476144 1.56612633
 1.49981736 1.5531167 ] REAL [0.54569719] FAKE [0.49469005] 
16 epoch LOSS [-1.28035176] Parameters [1.5215347  1.39265011 1.5524719  1.63532527 1.69476186 1.56612356
 1.49926354 1.55352453] REAL [0.54398465] FAKE [0.48906736] 
17 epoch LOSS [-1.27233489] Parameters [1.52152749 1.39265044 1.55174752 1.63589377 1.69476314 1.56612641
 1.49855102 1.55412402] REAL [0.54298446] FAKE [0.48400609] 
18 epoch LOSS [-1.26515096] Parameters [1.52152652 1.3926444  1.55103764 1.63632416 1.69476096 1.56613265
 1.49785504 1.55447425] REAL [0.54208615] FAKE [0.47942464] 
19 epoch LOSS [-1.25456593] Parameters [1.52152635 1.39264118 1.55025505 1.63703357 1.69476354 1.56613763
 1.49708876 1.55520503] REAL [0.54346676] FAKE [0.4752216] 
20 epoch LOSS [-1.24706386] Parameters [1.52152625 1.39264231 1.54932775 1.63764939 1.69476805 1.56615117
 1.49612658 1.55583495] REAL [0.54342055] FAKE [0.47122491] 
21 epoch LOSS [-1.24108609] Parameters [1.52152192 1.39263534 1.54842747 1.63827989 1.6947769  1.56614216
 1.49530865 1.5565216 ] REAL [0.54301349] FAKE [0.46765579] 
22 epoch LOSS [-1.23048143] Parameters [1.52151446 1.3926262  1.54740489 1.63898548 1.69478131 1.56613908
 1.49428176 1.55718275] REAL [0.54521967] FAKE [0.46415746] 
23 epoch LOSS [-1.22485702] Parameters [1.52152101 1.39261829 1.54630296 1.6398408  1.6947816  1.56612019
 1.49320357 1.55801568] REAL [0.54519234] FAKE [0.46110815] 
24 epoch LOSS [-1.21673489] Parameters [1.52151602 1.39262095 1.54513569 1.64086472 1.69478491 1.566126
 1.49208308 1.55912513] REAL [0.54624911] FAKE [0.45776443] 
25 epoch LOSS [-1.20472423] Parameters [1.52152771 1.39263244 1.54375612 1.64186994 1.69477644 1.56613043
 1.49077918 1.56015089] REAL [0.54980231] FAKE [0.45475919] 
26 epoch LOSS [-1.19847195] Parameters [1.521531   1.39263246 1.54240737 1.64291676 1.69477136 1.5661171
 1.48953989 1.56116805] REAL [0.55024453] FAKE [0.45178046] 
27 epoch LOSS [-1.19179208] Parameters [1.5215249  1.39262306 1.54102902 1.64400168 1.69476532 1.56612022
 1.48812325 1.56221154] REAL [0.55083074] FAKE [0.44869351] 
28 epoch LOSS [-1.18261849] Parameters [1.52153225 1.39261537 1.53950289 1.64509312 1.69477129 1.56611432
 1.48655613 1.56327307] REAL [0.5530914] FAKE [0.44588691] 
29 epoch LOSS [-1.17473133] Parameters [1.52153209 1.39259981 1.53789113 1.64620407 1.69477912 1.56612499
 1.48493697 1.56452948] REAL [0.5547469] FAKE [0.44316595] 
30 epoch LOSS [-1.17036239] Parameters [1.52153684 1.39260059 1.53621005 1.64735257 1.69477456 1.56613285
 1.48315725 1.56565758] REAL [0.55414912] FAKE [0.44012455] 
31 epoch LOSS [-1.15204907] Parameters [1.52153237 1.39257947 1.53432123 1.6487471  1.69478506 1.56612959
 1.48137554 1.56712174] REAL [0.56177456] FAKE [0.43751703] 
32 epoch LOSS [-1.14725851] Parameters [1.5215228  1.39259276 1.53235052 1.6501293  1.69477989 1.56614578
 1.47942253 1.56853592] REAL [0.56190821] FAKE [0.43495038] 
33 epoch LOSS [-1.13789756] Parameters [1.5215223  1.39260917 1.53036718 1.65155757 1.69477262 1.56614868
 1.4773676  1.56995187] REAL [0.56409515] FAKE [0.43184739] 
34 epoch LOSS [-1.12588962] Parameters [1.52152985 1.39260204 1.52826918 1.65319202 1.69478623 1.56615344
 1.4751956  1.57147855] REAL [0.56823216] FAKE [0.42917033] 
35 epoch LOSS [-1.1179497] Parameters [1.52152813 1.39261465 1.52612253 1.65487489 1.69477565 1.56614845
 1.47309444 1.57316376] REAL [0.5697631] FAKE [0.42616597] 
36 epoch LOSS [-1.11526235] Parameters [1.52152835 1.39259622 1.52361463 1.65667764 1.69476966 1.56614314
 1.47038202 1.57481504] REAL [0.56912974] FAKE [0.4239815] 
37 epoch LOSS [-1.10036513] Parameters [1.52151508 1.39258057 1.52094788 1.65859964 1.69476051 1.56612145
 1.46766552 1.57678904] REAL [0.57488017] FAKE [0.42118448] 
38 epoch LOSS [-1.09055755] Parameters [1.52149934 1.39256674 1.51792217 1.66048934 1.69476452 1.56614044
 1.46474268 1.57848958] REAL [0.57759115] FAKE [0.41822327] 
39 epoch LOSS [-1.09323248] Parameters [1.52150149 1.39255692 1.51470211 1.66237251 1.69475377 1.56615229
 1.46150274 1.58038238] REAL [0.57388428] FAKE [0.4160296] 
40 epoch LOSS [-1.08659307] Parameters [1.52150616 1.3925286  1.51135249 1.66434275 1.69473564 1.56615868
 1.45834814 1.58237439] REAL [0.57487561] FAKE [0.4131532] 
41 epoch LOSS [-1.06428913] Parameters [1.52148989 1.39253358 1.50776337 1.66638349 1.6947364  1.56615102
 1.45478979 1.58452909] REAL [0.58464642] FAKE [0.40994594] 
42 epoch LOSS [-1.05438819] Parameters [1.52147201 1.39254394 1.50390325 1.66885255 1.69475203 1.56608787
 1.4507525  1.58686921] REAL [0.5879641] FAKE [0.40743742] 
43 epoch LOSS [-1.05736559] Parameters [1.52147489 1.39252135 1.4998775  1.67144389 1.69473097 1.56608309
 1.44659451 1.58927782] REAL [0.58358436] FAKE [0.40476519] 
44 epoch LOSS [-1.03820428] Parameters [1.5214627  1.39253647 1.49566274 1.67400328 1.69472026 1.56612319
 1.44232574 1.59197798] REAL [0.59172613] FAKE [0.40159824] 
45 epoch LOSS [-1.03084253] Parameters [1.52148215 1.39253906 1.49122536 1.67673419 1.69470006 1.56612394
 1.43779115 1.59480021] REAL [0.59416539] FAKE [0.39965151] 
46 epoch LOSS [-1.03192106] Parameters [1.52145219 1.39252863 1.48631108 1.67952886 1.69470653 1.56609778
 1.43283719 1.59746411] REAL [0.59031022] FAKE [0.39638215] 
47 epoch LOSS [-1.01794835] Parameters [1.52144809 1.39251894 1.48084984 1.6826116  1.69474717 1.56608016
 1.42764988 1.60038207] REAL [0.59619849] FAKE [0.39393421] 
48 epoch LOSS [-1.00164648] Parameters [1.5214362  1.39250579 1.47531993 1.68588575 1.69477683 1.56608355
 1.42219494 1.60358825] REAL [0.60251784] FAKE [0.39043426] 
49 epoch LOSS [-1.00326097] Parameters [1.5214697  1.39251743 1.46910135 1.68933726 1.69475392 1.56611665
 1.41613346 1.60687397] REAL [0.59950769] FAKE [0.38836189] 
50 epoch LOSS [-0.99308946] Parameters [1.52146072 1.39253143 1.46244727 1.69295168 1.69475686 1.56615543
 1.4094822  1.61047485] REAL [0.60336501] FAKE [0.38605905] 
51 epoch LOSS [-0.97806332] Parameters [1.52145768 1.39252764 1.45511274 1.69684789 1.69476159 1.56611142
 1.40224222 1.6144221 ] REAL [0.60921491] FAKE [0.38274876] 
52 epoch LOSS [-0.97318103] Parameters [1.52147603 1.39262086 1.44758718 1.70103551 1.69468957 1.56615705
 1.39459293 1.61873194] REAL [0.60944522] FAKE [0.37996219] 
53 epoch LOSS [-0.97640643] Parameters [1.52152915 1.39257891 1.43971402 1.7051742  1.69466487 1.56620643
 1.3864627  1.62285146] REAL [0.60517477] FAKE [0.37759759] 
54 epoch LOSS [-0.95219547] Parameters [1.52154002 1.39258649 1.43131278 1.71000988 1.69463336 1.56623385
 1.37794219 1.62753883] REAL [0.61844734] FAKE [0.37602954] 
55 epoch LOSS [-0.94037415] Parameters [1.52145616 1.39253613 1.42192796 1.71484041 1.69459817 1.56625186
 1.36835445 1.63239439] REAL [0.62271424] FAKE [0.37293595] 
56 epoch LOSS [-0.95151335] Parameters [1.52141173 1.39264964 1.41210877 1.71996019 1.69461337 1.56624759
 1.35832915 1.63763483] REAL [0.61038201] FAKE [0.36735325] 
57 epoch LOSS [-0.93581323] Parameters [1.52138526 1.39268705 1.40161908 1.72514691 1.69454111 1.56627493
 1.34775027 1.64280146] REAL [0.6212169] FAKE [0.3685511] 
58 epoch LOSS [-0.92547002] Parameters [1.52144505 1.39273453 1.38983729 1.73067794 1.69453347 1.56633309
 1.33616702 1.6482916 ] REAL [0.62505988] FAKE [0.36590861] 
59 epoch LOSS [-0.9209396] Parameters [1.52145262 1.39274045 1.37693127 1.73684873 1.69452315 1.56627279
 1.32350697 1.65417587] REAL [0.62672682] FAKE [0.36472359] 
60 epoch LOSS [-0.9043352] Parameters [1.52146472 1.39271484 1.3630903  1.74330021 1.69453239 1.56630237
 1.30997531 1.66073964] REAL [0.63246969] FAKE [0.35995208] 
61 epoch LOSS [-0.89889279] Parameters [1.52138943 1.39271042 1.34883095 1.74989853 1.69458631 1.56629512
 1.29552658 1.66728483] REAL [0.63483478] FAKE [0.3588567] 
62 epoch LOSS [-0.88811478] Parameters [1.52142685 1.3928375  1.33332976 1.75705264 1.69446777 1.56640335
 1.27988693 1.67453286] REAL [0.63980254] FAKE [0.35694119] 
63 epoch LOSS [-0.88169394] Parameters [1.52127512 1.39292296 1.31602944 1.7652071  1.69447697 1.56633513
 1.26264953 1.68251069] REAL [0.64129555] FAKE [0.35430568] 
64 epoch LOSS [-0.88181662] Parameters [1.52139818 1.39294976 1.2976371  1.77313117 1.69457475 1.56632126
 1.24389238 1.69035032] REAL [0.64063756] FAKE [0.35372179] 
65 epoch LOSS [-0.89624684] Parameters [1.52138944 1.39287249 1.27753708 1.78157377 1.69449387 1.56632757
 1.22379098 1.69820948] REAL [0.63380356] FAKE [0.35611209] 
66 epoch LOSS [-0.88368814] Parameters [1.52129605 1.39276451 1.25601667 1.79036122 1.69452445 1.56626373
 1.20182475 1.70703875] REAL [0.6402138] FAKE [0.35450321] 
67 epoch LOSS [-0.86858915] Parameters [1.52142933 1.39284113 1.2320398  1.80073968 1.69442821 1.56636336
 1.17776278 1.71689838] REAL [0.64622357] FAKE [0.35077725] 
68 epoch LOSS [-0.89203547] Parameters [1.52189414 1.39275386 1.20670527 1.81098692 1.69432079 1.5663259
 1.15252115 1.72690169] REAL [0.63480315] FAKE [0.3544129] 
69 epoch LOSS [-0.88285305] Parameters [1.52203137 1.39265223 1.17831152 1.82172896 1.69420189 1.56631684
 1.12407671 1.73730478] REAL [0.64148445] FAKE [0.35524361] 
70 epoch LOSS [-0.88663141] Parameters [1.52188276 1.39261757 1.14740376 1.83279056 1.69389788 1.56625109
 1.09348643 1.74848882] REAL [0.6400774] FAKE [0.35626314] 
71 epoch LOSS [-0.87652165] Parameters [1.52195479 1.39266837 1.1137707  1.84464107 1.6936351  1.56636041
 1.06012817 1.76065508] REAL [0.65046101] FAKE [0.36010279] 
72 epoch LOSS [-0.89116936] Parameters [1.5219074  1.3927348  1.07752486 1.85675777 1.69356533 1.56634443
 1.02406473 1.77319431] REAL [0.63898083] FAKE [0.35807804] 
73 epoch LOSS [-0.92143913] Parameters [1.52218473 1.39266263 1.03853239 1.86958804 1.69345603 1.56676407
 0.9851151  1.78586046] REAL [0.63001763] FAKE [0.36835746] 
74 epoch LOSS [-0.93982275] Parameters [1.52254678 1.39282277 0.99696128 1.88292845 1.69375971 1.5666149
 0.94353376 1.79914875] REAL [0.62829177] FAKE [0.3781598] 
75 epoch LOSS [-0.91262005] Parameters [1.52252796 1.39284304 0.95287265 1.89658339 1.6937541  1.56650314
 0.89938911 1.81270774] REAL [0.64173515] FAKE [0.37439773] 
76 epoch LOSS [-0.93059589] Parameters [1.52281271 1.39280826 0.90636465 1.9102824  1.69371384 1.56583104
 0.85289682 1.82661247] REAL [0.63546484] FAKE [0.37947996] 
77 epoch LOSS [-0.9993354] Parameters [1.52265562 1.39292752 0.85776103 1.92326896 1.69335272 1.56582661
 0.80410857 1.83991811] REAL [0.61868988] FAKE [0.40499429] 
78 epoch LOSS [-1.01597658] Parameters [1.52224829 1.3927591  0.80718676 1.93606178 1.69348786 1.56534304
 0.75335546 1.85272164] REAL [0.60874718] FAKE [0.40525608] 
79 epoch LOSS [-1.06219264] Parameters [1.52274712 1.39275891 0.75558721 1.94860828 1.69338889 1.56535264
 0.70191847 1.86466092] REAL [0.59653253] FAKE [0.42048929] 
80 epoch LOSS [-1.10019614] Parameters [1.52296646 1.3928169  0.70387086 1.96002974 1.69361278 1.56523263
 0.65046529 1.87636091] REAL [0.58763244] FAKE [0.43364972] 
81 epoch LOSS [-1.12790751] Parameters [1.52348543 1.39260624 0.65276987 1.97006339 1.69284161 1.56546247
 0.59933699 1.88595386] REAL [0.58306959] FAKE [0.44481771] 
82 epoch LOSS [-1.15264915] Parameters [1.52365804 1.39280287 0.60282116 1.97869749 1.69331568 1.56555383
 0.54947101 1.89484522] REAL [0.58831726] FAKE [0.46321639] 
83 epoch LOSS [-1.20044853] Parameters [1.52369254 1.39275349 0.55480888 1.98629571 1.69324134 1.56524084
 0.50151382 1.90249598] REAL [0.57102721] FAKE [0.47277618] 
84 epoch LOSS [-1.21716704] Parameters [1.52345961 1.39256173 0.50911835 1.99223443 1.69294192 1.56502607
 0.45596249 1.90840228] REAL [0.57011065] FAKE [0.48068375] 
85 epoch LOSS [-1.22815843] Parameters [1.52305678 1.39261487 0.46628461 1.9969977  1.69313321 1.565041
 0.41332139 1.9132749 ] REAL [0.56086755] FAKE [0.47789572] 
86 epoch LOSS [-1.26862249] Parameters [1.522913   1.39275775 0.42640551 2.00098192 1.69316731 1.5648447
 0.3736429  1.9175312 ] REAL [0.54614644] FAKE [0.48508547] 
87 epoch LOSS [-1.29328411] Parameters [1.52291272 1.39274064 0.38948325 2.00453535 1.69307056 1.56479583
 0.33693625 1.92124285] REAL [0.53660794] FAKE [0.48869887] 
88 epoch LOSS [-1.29669499] Parameters [1.52314888 1.39274148 0.35575581 2.0075706  1.69322721 1.56450319
 0.30297855 1.92414439] REAL [0.52895055] FAKE [0.4830632] 
89 epoch LOSS [-1.2837645] Parameters [1.52314166 1.39284626 0.32449365 2.01028256 1.69325251 1.5643595
 0.27193639 1.92690409] REAL [0.54242969] FAKE [0.48934839] 
90 epoch LOSS [-1.31900858] Parameters [1.52310017 1.39290297 0.2964854  2.01269415 1.693083   1.56421241
 0.24413491 1.92969608] REAL [0.52736752] FAKE [0.4929527] 
91 epoch LOSS [-1.31513113] Parameters [1.52320804 1.39298584 0.27119053 2.01525998 1.69304308 1.56413955
 0.21841544 1.93223113] REAL [0.52940176] FAKE [0.49293875] 
92 epoch LOSS [-1.35512907] Parameters [1.52317332 1.39285242 0.24817407 2.01820969 1.69298056 1.5640205
 0.19541768 1.93490437] REAL [0.50768272] FAKE [0.49197797] 
93 epoch LOSS [-1.35570802] Parameters [1.52317571 1.39298428 0.22752464 2.0210334  1.69314451 1.56397393
 0.17448092 1.93787891] REAL [0.50586609] FAKE [0.4904487] 
94 epoch LOSS [-1.35721007] Parameters [1.52317903 1.39308677 0.20935409 2.02422142 1.6931411  1.56398063
 0.15663608 1.94100758] REAL [0.5043695] FAKE [0.48970379] 
95 epoch LOSS [-1.3471782] Parameters [1.52323515 1.3930804  0.19255229 2.02781017 1.69296077 1.56381988
 0.13946754 1.94455717] REAL [0.51090704] FAKE [0.49115436] 
96 epoch LOSS [-1.35846484] Parameters [1.52319925 1.39312586 0.17698177 2.03167237 1.69292306 1.56393716
 0.12408654 1.9484149 ] REAL [0.50260917] FAKE [0.48855868] 
97 epoch LOSS [-1.36059584] Parameters [1.52310444 1.39320746 0.16378591 2.03597283 1.69285911 1.56389224
 0.11086596 1.95272898] REAL [0.5036579] FAKE [0.49071007] 
98 epoch LOSS [-1.33301662] Parameters [1.52307412 1.39319276 0.15157353 2.04077114 1.69281507 1.56389647
 0.09855637 1.95765987] REAL [0.51848792] FAKE [0.49144305] 
99 epoch LOSS [-1.31892927] Parameters [1.523112   1.39317799 0.14024358 2.04595889 1.69274889 1.56387647
 0.08719716 1.96295119] REAL [0.52248683] FAKE [0.48817565] 
100 epoch LOSS [-1.36139033] Parameters [1.52317025 1.39322487 0.13005341 2.05171262 1.69270268 1.56390813
 0.07682199 1.96869987] REAL [0.50036663] FAKE [0.48776724] 
101 epoch LOSS [-1.34321651] Parameters [1.5231692  1.39316124 0.12126755 2.05793395 1.69274384 1.56384055
 0.06806198 1.974929  ] REAL [0.50876265] FAKE [0.48698123] 
102 epoch LOSS [-1.3219544] Parameters [1.52324666 1.3930896  0.11347138 2.0646909  1.69267006 1.56378142
 0.05974768 1.98169169] REAL [0.51720777] FAKE [0.48451331] 
103 epoch LOSS [-1.35157987] Parameters [1.52329213 1.39303845 0.10580594 2.07201993 1.69260024 1.56383543
 0.05204044 1.98900785] REAL [0.50153148] FAKE [0.4839187] 
104 epoch LOSS [-1.33092125] Parameters [1.5232306  1.3929957  0.09919046 2.07997934 1.69253049 1.56386043
 0.04520254 1.99686648] REAL [0.51120984] FAKE [0.48312082] 
105 epoch LOSS [-1.35551576] Parameters [1.52319217 1.39299126 0.09307987 2.08837286 1.69255175 1.56393215
 0.03922285 2.00523689] REAL [0.49872547] FAKE [0.4830537] 
106 epoch LOSS [-1.3284007] Parameters [1.52318017 1.39293981 0.08738912 2.09736932 1.69244774 1.56395566
 0.03350335 2.01416775] REAL [0.51412894] FAKE [0.48475848] 
107 epoch LOSS [-1.31016353] Parameters [1.52319944 1.39290099 0.0822943  2.10690754 1.69244211 1.56391038
 0.02849597 2.02366324] REAL [0.52003255] FAKE [0.4812326] 
108 epoch LOSS [-1.34744167] Parameters [1.52321433 1.3928339  0.07773724 2.11691647 1.69241767 1.56383667
 0.02415656 2.03370204] REAL [0.50509387] FAKE [0.4854336] 
109 epoch LOSS [-1.34819847] Parameters [1.52328641 1.39282165 0.07391763 2.12750516 1.6924639  1.56381458
 0.01992906 2.0443416 ] REAL [0.50407756] FAKE [0.4847862] 
110 epoch LOSS [-1.31563872] Parameters [1.52326406 1.39270462 0.07030895 2.13868346 1.69250484 1.56382137
 0.01631679 2.05548732] REAL [0.51883863] FAKE [0.48287794] 
111 epoch LOSS [-1.35595914] Parameters [1.52332458 1.39270883 0.06686489 2.15038319 1.69253345 1.5637962
 0.01305136 2.06722161] REAL [0.49869361] FAKE [0.48324984] 
112 epoch LOSS [-1.31686929] Parameters [1.52336503 1.39266903 0.06424683 2.16261167 1.69257251 1.56374965
 0.01012743 2.07946211] REAL [0.51920081] FAKE [0.4838742] 
113 epoch LOSS [-1.31039783] Parameters [1.52363805 1.39271938 0.0614546  2.17531437 1.69253152 1.56381639
 0.00716933 2.09217157] REAL [0.52427729] FAKE [0.48555327] 
114 epoch LOSS [-1.31603028] Parameters [1.52363811 1.39278305 0.05846238 2.18850746 1.69255698 1.56378333
 0.00453413 2.10539865] REAL [0.522671] FAKE [0.48687059] 
115 epoch LOSS [-1.31867669] Parameters [1.52364393e+00 1.39283852e+00 5.53153762e-02 2.20217959e+00
 1.69258692e+00 1.56390847e+00 1.86870641e-03 2.11900709e+00] REAL [0.51930671] FAKE [0.48491126] 
116 epoch LOSS [-1.34743167] Parameters [1.52371538e+00 1.39279557e+00 5.35375303e-02 2.21616932e+00
 1.69260990e+00 1.56385459e+00 2.56904334e-05 2.13303840e+00] REAL [0.50847744] FAKE [0.48885258] 
117 epoch LOSS [-1.35038744] Parameters [ 1.52386874e+00  1.39267571e+00  5.19169841e-02  2.23049043e+00
  1.69256135e+00  1.56381905e+00 -1.89584842e-03  2.14741260e+00] REAL [0.50710559] FAKE [0.48898248] 
118 epoch LOSS [-1.33479539] Parameters [ 1.52388698  1.39262845  0.05050953  2.24518133  1.69256826  1.56374644
 -0.00348311  2.1621713 ] REAL [0.51258021] FAKE [0.48649593] 
119 epoch LOSS [-1.32424526] Parameters [ 1.52372319  1.39243361  0.04947656  2.26027647  1.69252526  1.56393437
 -0.00469133  2.17717707] REAL [0.52074959] FAKE [0.48919086] 
120 epoch LOSS [-1.35749334] Parameters [ 1.52374964  1.39252592  0.04792778  2.27552052  1.69249476  1.56415184
 -0.00659848  2.19246927] REAL [0.50547345] FAKE [0.49096249] 
121 epoch LOSS [-1.36956112] Parameters [ 1.52395041  1.3924125   0.04697969  2.2909558   1.69247158  1.56410861
 -0.00783433  2.20800402] REAL [0.50120785] FAKE [0.49278826] 
122 epoch LOSS [-1.3870215] Parameters [ 1.5236998   1.39236042  0.04580284  2.30655802  1.69246459  1.56408096
 -0.00901389  2.22361212] REAL [0.49641134] FAKE [0.49675147] 
123 epoch LOSS [-1.38054419] Parameters [ 1.52375951  1.39228775  0.04455025  2.32226744  1.69234172  1.56404335
 -0.01017442  2.23930778] REAL [0.49741717] FAKE [0.49450543] 
124 epoch LOSS [-1.34961438] Parameters [ 1.52377858  1.39231212  0.04336764  2.33799498  1.69238039  1.56395152
 -0.01127558  2.25504763] REAL [0.51727009] FAKE [0.49863668] 
125 epoch LOSS [-1.35622155] Parameters [ 1.52396251  1.39222863  0.04262991  2.35371844  1.69247773  1.56391459
 -0.01233482  2.27073503] REAL [0.50988934] FAKE [0.49472881] 
126 epoch LOSS [-1.38924618] Parameters [ 1.5240049   1.39230767  0.04118403  2.36938905  1.69249073  1.56406979
 -0.01369863  2.28637114] REAL [0.49789536] FAKE [0.49936643] 
127 epoch LOSS [-1.3766264] Parameters [ 1.52388583  1.39218625  0.04024222  2.38474123  1.69246415  1.56419796
 -0.01468328  2.30183492] REAL [0.5004964] FAKE [0.4956433] 
128 epoch LOSS [-1.38379498] Parameters [ 1.52382911  1.39226687  0.03935226  2.39991322  1.69242714  1.56428848
 -0.01575813  2.31706771] REAL [0.50400918] FAKE [0.50273599] 
129 epoch LOSS [-1.36067273] Parameters [ 1.5237898   1.39223495  0.03861728  2.41483687  1.69242853  1.56418244
 -0.01616367  2.33204723] REAL [0.51568991] FAKE [0.50263101] 
130 epoch LOSS [-1.36367243] Parameters [ 1.5238137   1.39214007  0.03804559  2.42964942  1.69238615  1.56419757
 -0.01683302  2.34672121] REAL [0.51073023] FAKE [0.49930526] 
131 epoch LOSS [-1.38002074] Parameters [ 1.52394164  1.39218745  0.03723305  2.44388318  1.69233553  1.56412048
 -0.01739041  2.3609686 ] REAL [0.50582236] FAKE [0.50264489] 
132 epoch LOSS [-1.38479892] Parameters [ 1.52379874  1.39215272  0.03635638  2.45778005  1.69227283  1.56414607
 -0.01781874  2.3748297 ] REAL [0.50367253] FAKE [0.50290292] 
133 epoch LOSS [-1.41603141] Parameters [ 1.52380365  1.39218464  0.03633252  2.47129048  1.69223268  1.56420042
 -0.0182292   2.38825343] REAL [0.48992099] FAKE [0.50466465] 
134 epoch LOSS [-1.42337827] Parameters [ 1.52380815  1.39219476  0.03595774  2.48431248  1.69221666  1.56414585
 -0.01859773  2.40135105] REAL [0.48768127] FAKE [0.50603225] 
135 epoch LOSS [-1.38765184] Parameters [ 1.52370545  1.3921593   0.03612752  2.49693563  1.69227924  1.56424348
 -0.01869426  2.41397909] REAL [0.50279584] FAKE [0.5034548] 
136 epoch LOSS [-1.39739809] Parameters [ 1.5237475   1.39218594  0.03594608  2.50898201  1.69222595  1.56423585
 -0.01887802  2.42606242] REAL [0.5002626] FAKE [0.50578072] 
137 epoch LOSS [-1.4023114] Parameters [ 1.52362853  1.39218082  0.03535854  2.52061127  1.69232039  1.56419994
 -0.01923987  2.43783736] REAL [0.49786605] FAKE [0.50583568] 
138 epoch LOSS [-1.40906227] Parameters [ 1.52367001  1.3923185   0.03500311  2.53190817  1.69234706  1.56413586
 -0.01936537  2.44903917] REAL [0.49481612] FAKE [0.50613507] 
139 epoch LOSS [-1.38594038] Parameters [ 1.5236943   1.39233799  0.03448912  2.54253277  1.69239067  1.56411958
 -0.01983113  2.45963822] REAL [0.50636028] FAKE [0.50610559] 
140 epoch LOSS [-1.40473031] Parameters [ 1.52369438  1.39231949  0.03431116  2.55259367  1.69241568  1.56407857
 -0.01998783  2.46953935] REAL [0.49640109] FAKE [0.50557474] 
141 epoch LOSS [-1.3898839] Parameters [ 1.52371719  1.3922935   0.03410101  2.56188684  1.6924376   1.56406768
 -0.02033238  2.47884515] REAL [0.50445897] FAKE [0.50619528] 
142 epoch LOSS [-1.41734016] Parameters [ 1.52371351  1.39226166  0.03396589  2.5708044   1.69243486  1.56406435
 -0.02061559  2.48773335] REAL [0.49125311] FAKE [0.50665393] 
143 epoch LOSS [-1.4238185] Parameters [ 1.52370818  1.3922443   0.03338932  2.57932181  1.69242539  1.56398805
 -0.02078194  2.49621311] REAL [0.487202] FAKE [0.50576395] 
144 epoch LOSS [-1.38400355] Parameters [ 1.52370065  1.39223659  0.03307954  2.58720815  1.6923644   1.56393357
 -0.02112628  2.50411315] REAL [0.50624724] FAKE [0.50503759] 
145 epoch LOSS [-1.40307422] Parameters [ 1.52367901  1.39225394  0.03265981  2.59457384  1.69232162  1.56397088
 -0.02144177  2.51143982] REAL [0.49773337] FAKE [0.50608087] 
146 epoch LOSS [-1.39276768] Parameters [ 1.52368783  1.39226873  0.03251607  2.60154482  1.69230883  1.56398282
 -0.02168661  2.51831192] REAL [0.50231031] FAKE [0.50551105] 
147 epoch LOSS [-1.38536365] Parameters [ 1.52367741  1.39225944  0.03220013  2.60786325  1.69230174  1.56398792
 -0.02219493  2.524649  ] REAL [0.50546289] FAKE [0.50494331] 
148 epoch LOSS [-1.38459807] Parameters [ 1.52367551  1.39227465  0.03184926  2.61372169  1.69233081  1.56399274
 -0.02251813  2.53057769] REAL [0.5053674] FAKE [0.50447055] 
149 epoch LOSS [-1.37889939] Parameters [ 1.52365819  1.39227638  0.03143637  2.61914672  1.69234444  1.56396763
 -0.02294071  2.53603948] REAL [0.50760217] FAKE [0.50383271] 
150 epoch LOSS [-1.38918119] Parameters [ 1.52364366  1.39228371  0.03159567  2.6240804   1.69235379  1.56398158
 -0.02277994  2.5409052 ] REAL [0.50208876] FAKE [0.5035154] 
151 epoch LOSS [-1.40491038] Parameters [ 1.5236293   1.39228096  0.03148679  2.62833538  1.69235194  1.56399793
 -0.02284345  2.54518259] REAL [0.49330116] FAKE [0.50255733] 
152 epoch LOSS [-1.37421908] Parameters [ 1.52363828  1.39226144  0.03130973  2.63226489  1.69235405  1.5640001
 -0.02298146  2.54917402] REAL [0.50814075] FAKE [0.5020334] 
153 epoch LOSS [-1.37544715] Parameters [ 1.52363533  1.39226294  0.03116611  2.63554734  1.69234521  1.56399394
 -0.02292781  2.55253792] REAL [0.50718827] FAKE [0.50171055] 
154 epoch LOSS [-1.36953971] Parameters [ 1.52362865  1.39226725  0.03096273  2.63851268  1.69234987  1.56399465
 -0.02327095  2.55551631] REAL [0.51025833] FAKE [0.50177403] 
155 epoch LOSS [-1.40006794] Parameters [ 1.52362931  1.392268    0.03065404  2.641077    1.69235288  1.5639967
 -0.02346314  2.55805948] REAL [0.49393544] FAKE [0.50078454] 
156 epoch LOSS [-1.40577905] Parameters [ 1.5236269   1.39226854  0.03027245  2.64318083  1.69235721  1.56399664
 -0.0237042   2.56018038] REAL [0.49065963] FAKE [0.50031353] 
157 epoch LOSS [-1.40261264] Parameters [ 1.52362674  1.39226468  0.0298382   2.6449311   1.69235379  1.56399389
 -0.02386661  2.56182393] REAL [0.49227376] FAKE [0.50037244] 
158 epoch LOSS [-1.38797619] Parameters [ 1.52362576  1.39226409  0.02957533  2.6463033   1.69235053  1.56399612
 -0.0238317   2.5632452 ] REAL [0.49930759] FAKE [0.500148] 
159 epoch LOSS [-1.36353008] Parameters [ 1.52361437  1.39228059  0.02951709  2.64722817  1.69235564  1.56399849
 -0.02369474  2.56412483] REAL [0.51097236] FAKE [0.49947128] 
160 epoch LOSS [-1.36731704] Parameters [ 1.52362688  1.39227772  0.02930121  2.64760282  1.69234927  1.56400486
 -0.02398412  2.56454677] REAL [0.50784682] FAKE [0.49829432] 
161 epoch LOSS [-1.37822138] Parameters [ 1.52362578  1.39227877  0.02894858  2.64762421  1.69235666  1.56402188
 -0.02436062  2.5644824 ] REAL [0.50120753] FAKE [0.49716156] 
162 epoch LOSS [-1.37541406] Parameters [ 1.52363799  1.39227132  0.02874733  2.64728137  1.69235049  1.56402021
 -0.02438448  2.56416155] REAL [0.5017307] FAKE [0.49627374] 
163 epoch LOSS [-1.38279563] Parameters [ 1.52363921  1.39227036  0.02866828  2.6465643   1.69234146  1.56400201
 -0.02440665  2.56341976] REAL [0.49782815] FAKE [0.49605861] 
164 epoch LOSS [-1.3761925] Parameters [ 1.52364669  1.39225475  0.02832551  2.64539843  1.69232197  1.56398699
 -0.02482838  2.56223141] REAL [0.50093054] FAKE [0.49586171] 
165 epoch LOSS [-1.37701307] Parameters [ 1.52366054  1.39221776  0.02814377  2.64382911  1.69233487  1.56394182
 -0.02494224  2.56064814] REAL [0.49969558] FAKE [0.49503031] 
166 epoch LOSS [-1.38821218] Parameters [ 1.52364878  1.39224126  0.02839057  2.64191976  1.69233444  1.56393351
 -0.02470524  2.5586804 ] REAL [0.49475817] FAKE [0.49567077] 
167 epoch LOSS [-1.40351929] Parameters [ 1.52364382  1.39219734  0.0282836   2.63960048  1.69236447  1.56392784
 -0.0247773   2.5564102 ] REAL [0.48803174] FAKE [0.49648636] 
168 epoch LOSS [-1.37420391] Parameters [ 1.52364427  1.39216756  0.02818335  2.63688973  1.69233569  1.56389321
 -0.02485231  2.55367916] REAL [0.50160795] FAKE [0.49554037] 
169 epoch LOSS [-1.35190825] Parameters [ 1.5236564   1.39217332  0.02836488  2.63387647  1.69236476  1.56384287
 -0.02501215  2.55067803] REAL [0.51220416] FAKE [0.49483808] 
170 epoch LOSS [-1.35143871] Parameters [ 1.52370189  1.39215793  0.02827762  2.63061152  1.69236093  1.56382375
 -0.02516005  2.54740007] REAL [0.51260009] FAKE [0.49499119] 
171 epoch LOSS [-1.36334419] Parameters [ 1.52373098  1.39219161  0.02833162  2.62688659  1.69235455  1.56385943
 -0.02514334  2.54369393] REAL [0.50536409] FAKE [0.49382259] 
172 epoch LOSS [-1.36185653] Parameters [ 1.52376531  1.39214707  0.02833299  2.62284009  1.69236924  1.56381384
 -0.02522323  2.53965713] REAL [0.5056622] FAKE [0.49336786] 
173 epoch LOSS [-1.35462412] Parameters [ 1.52376946  1.39216842  0.02841363  2.61850116  1.69237834  1.56380751
 -0.02505595  2.53528247] REAL [0.51120966] FAKE [0.4952281] 
174 epoch LOSS [-1.35113566] Parameters [ 1.52374124  1.39212779  0.02840238  2.61380172  1.69239537  1.56377754
 -0.02535752  2.53060449] REAL [0.51097677] FAKE [0.49323329] 
175 epoch LOSS [-1.35614361] Parameters [ 1.52373967  1.39209497  0.02843184  2.60880935  1.69243568  1.56376187
 -0.02548855  2.52557701] REAL [0.50803082] FAKE [0.49284087] 
176 epoch LOSS [-1.39054875] Parameters [ 1.52375152  1.39208895  0.02833793  2.60348574  1.69245866  1.56379274
 -0.02565231  2.52028701] REAL [0.49128698] FAKE [0.49329277] 
177 epoch LOSS [-1.37999495] Parameters [ 1.52376008  1.39210692  0.02822576  2.59788409  1.69249532  1.56383568
 -0.02575256  2.51469769] REAL [0.497025] FAKE [0.49382864] 
178 epoch LOSS [-1.34186568] Parameters [ 1.52378221  1.39206666  0.02840488  2.59196123  1.69254711  1.56386212
 -0.02566626  2.50874587] REAL [0.51588656] FAKE [0.49338164] 
179 epoch LOSS [-1.37107693] Parameters [ 1.52386107  1.39206857  0.0282044   2.5857254   1.69258345  1.56381502
 -0.02580329  2.50251563] REAL [0.50041338] FAKE [0.49275247] 
180 epoch LOSS [-1.36495632] Parameters [ 1.52392868  1.39213952  0.02833612  2.57919784  1.69261583  1.56377165
 -0.02590668  2.49600302] REAL [0.50296884] FAKE [0.49223131] 
181 epoch LOSS [-1.36175971] Parameters [ 1.52392415  1.3920726   0.0282739   2.57252791  1.69264568  1.56374955
 -0.02587185  2.48925301] REAL [0.5049625] FAKE [0.49261673] 
182 epoch LOSS [-1.35879199] Parameters [ 1.52397836  1.39209454  0.02841734  2.56550564  1.69264951  1.56376505
 -0.02605186  2.48221825] REAL [0.50609833] FAKE [0.49225082] 
183 epoch LOSS [-1.34479487] Parameters [ 1.5239965   1.39213338  0.02833412  2.55825809  1.69269439  1.56370935
 -0.02609029  2.47491397] REAL [0.51312055] FAKE [0.49214048] 
184 epoch LOSS [-1.35372915] Parameters [ 1.52400177  1.39213611  0.02827515  2.55085036  1.69266781  1.56368247
 -0.0262049   2.46744278] REAL [0.50794633] FAKE [0.4915303] 
185 epoch LOSS [-1.34157082] Parameters [ 1.52402388  1.39223892  0.02834372  2.54320926  1.6927055   1.56370388
 -0.02640941  2.45978024] REAL [0.51642832] FAKE [0.49376386] 
186 epoch LOSS [-1.34915801] Parameters [ 1.52402961  1.39222151  0.02849251  2.53530519  1.69267902  1.56364742
 -0.02630123  2.45191508] REAL [0.51024185] FAKE [0.49149872] 
187 epoch LOSS [-1.36750813] Parameters [ 1.52397738  1.39220828  0.02818229  2.52724695  1.69263696  1.56366333
 -0.02658887  2.44381039] REAL [0.50092381] FAKE [0.49145769] 
188 epoch LOSS [-1.35032195] Parameters [ 1.52403146  1.39223807  0.02787412  2.5190694   1.69266312  1.56362754
 -0.02703696  2.43557269] REAL [0.51287201] FAKE [0.49469496] 
189 epoch LOSS [-1.38426469] Parameters [ 1.52400316  1.39222873  0.02771952  2.51065326  1.69275236  1.56354078
 -0.02712694  2.42717555] REAL [0.49447873] FAKE [0.49338987] 
190 epoch LOSS [-1.40060775] Parameters [ 1.52404047  1.39221411  0.02806401  2.50218153  1.69273616  1.56351728
 -0.02691008  2.41866349] REAL [0.48739114] FAKE [0.49435449] 
191 epoch LOSS [-1.3944451] Parameters [ 1.52406913  1.39228958  0.02807217  2.49360033  1.69272324  1.56346288
 -0.02690912  2.40999799] REAL [0.48946879] FAKE [0.49338834] 
192 epoch LOSS [-1.35997958] Parameters [ 1.52404592  1.39226856  0.02797505  2.48486897  1.69268779  1.56344224
 -0.02703372  2.40132375] REAL [0.50629722] FAKE [0.49305269] 
193 epoch LOSS [-1.36663099] Parameters [ 1.52399062  1.39228225  0.02813065  2.47602178  1.69272481  1.56342386
 -0.02660764  2.39250931] REAL [0.50441288] FAKE [0.49453215] 
194 epoch LOSS [-1.39577718] Parameters [ 1.52398456  1.39236775  0.02803     2.46719034  1.69285745  1.56340067
 -0.02679512  2.38355251] REAL [0.49178094] FAKE [0.49644145] 
195 epoch LOSS [-1.36363263] Parameters [ 1.52394581  1.39237745  0.02815869  2.45821223  1.69284861  1.56342378
 -0.0268084   2.37457509] REAL [0.50834764] FAKE [0.49693852] 
196 epoch LOSS [-1.37758281] Parameters [ 1.5239403   1.392346    0.0280192   2.44930198  1.69280483  1.56338023
 -0.02731898  2.36564362] REAL [0.50057612] FAKE [0.49620569] 
197 epoch LOSS [-1.36983767] Parameters [ 1.52394823  1.39229147  0.02786897  2.44034728  1.69283186  1.56330855
 -0.02753926  2.35672003] REAL [0.5048388] FAKE [0.49657552] 
198 epoch LOSS [-1.37491538] Parameters [ 1.52392211  1.39229707  0.02767073  2.43144676  1.69285274  1.5633333
 -0.02725912  2.34780584] REAL [0.50356932] FAKE [0.4978626] 
199 epoch LOSS [-1.40949584] Parameters [ 1.52386944  1.39236926  0.02766535  2.42264085  1.69286723  1.56340378
 -0.02704074  2.33896286] REAL [0.48862308] FAKE [0.50009238] 
200 epoch LOSS [-1.36004295] Parameters [ 1.52384949  1.39235661  0.02751785  2.41382531  1.69283588  1.56345924
 -0.02751453  2.33017163] REAL [0.51146529] FAKE [0.4982069] 
201 epoch LOSS [-1.35841796] Parameters [ 1.5237959   1.39231344  0.02733894  2.4051546   1.69284478  1.56351753
 -0.02762094  2.32146747] REAL [0.51288425] FAKE [0.49878136] 
202 epoch LOSS [-1.40126729] Parameters [ 1.52373591  1.39230291  0.02747496  2.39661577  1.69279611  1.56349451
 -0.02758442  2.3129613 ] REAL [0.49190148] FAKE [0.49932118] 
203 epoch LOSS [-1.3697857] Parameters [ 1.52367325  1.39233174  0.02723208  2.38805538  1.69276537  1.56346725
 -0.02764347  2.30435982] REAL [0.5064803] FAKE [0.49818104] 
204 epoch LOSS [-1.38689562] Parameters [ 1.52362395  1.39227085  0.02731701  2.37960474  1.69277654  1.5634786
 -0.02764029  2.29600023] REAL [0.49920491] FAKE [0.49950466] 
205 epoch LOSS [-1.39474967] Parameters [ 1.52365444  1.39230444  0.0274511   2.37141738  1.6926933   1.56347504
 -0.02776123  2.28782245] REAL [0.49788493] FAKE [0.50210366] 
206 epoch LOSS [-1.40647662] Parameters [ 1.52366775  1.39234771  0.02727811  2.36340867  1.69264098  1.56349891
 -0.02770587  2.27976363] REAL [0.49148198] FAKE [0.50149747] 
207 epoch LOSS [-1.36617825] Parameters [ 1.5236709   1.39235388  0.02709646  2.35546691  1.69267948  1.56347982
 -0.02780949  2.27197089] REAL [0.51105799] FAKE [0.50087866] 
208 epoch LOSS [-1.37765492] Parameters [ 1.5236861   1.39234576  0.02725687  2.34775986  1.69266031  1.56344077
 -0.02788592  2.26427998] REAL [0.50553974] FAKE [0.50118814] 
209 epoch LOSS [-1.37671323] Parameters [ 1.52363976  1.39233323  0.02731509  2.34033588  1.69266652  1.563501
 -0.02792197  2.25691813] REAL [0.50682539] FAKE [0.5019847] 
210 epoch LOSS [-1.3834626] Parameters [ 1.52358887  1.39232479  0.02720084  2.33321987  1.69267335  1.56351333
 -0.02773613  2.24973624] REAL [0.5037143] FAKE [0.50227948] 
211 epoch LOSS [-1.36329728] Parameters [ 1.52363474  1.39233007  0.02718124  2.32631015  1.69261544  1.56349109
 -0.02756215  2.24285684] REAL [0.5141955] FAKE [0.50249294] 
212 epoch LOSS [-1.38515794] Parameters [ 1.52360689  1.39236066  0.02720644  2.31976759  1.69260835  1.56346285
 -0.02727181  2.23625999] REAL [0.50241403] FAKE [0.50183663] 
213 epoch LOSS [-1.35960302] Parameters [ 1.52365675  1.3923842   0.02711605  2.31330931  1.69259251  1.5634606
 -0.02742661  2.22985747] REAL [0.51498072] FAKE [0.50141301] 
214 epoch LOSS [-1.42098035] Parameters [ 1.52365768  1.39233005  0.0272777   2.30716638  1.69256262  1.56347896
 -0.02715337  2.22371235] REAL [0.4842534] FAKE [0.5013413] 
215 epoch LOSS [-1.40990038] Parameters [ 1.52360814  1.39231863  0.02710797  2.30139583  1.69255999  1.56349625
 -0.02738123  2.21783519] REAL [0.48973127] FAKE [0.50142534] 
216 epoch LOSS [-1.38938351] Parameters [ 1.52359378  1.3923001   0.0275052   2.29602679  1.69253132  1.56351317
 -0.02686902  2.21234043] REAL [0.50013828] FAKE [0.50168001] 
217 epoch LOSS [-1.42016793] Parameters [ 1.52358867  1.39232573  0.02777817  2.29089049  1.69255494  1.56350592
 -0.02677153  2.20721325] REAL [0.48503408] FAKE [0.50173928] 
218 epoch LOSS [-1.37676675] Parameters [ 1.52358519  1.39231694  0.02727224  2.28606952  1.69253539  1.56352186
 -0.02691255  2.20231094] REAL [0.50678943] FAKE [0.50197602] 
219 epoch LOSS [-1.38152912] Parameters [ 1.52359499  1.39232992  0.02741947  2.28155511  1.69254913  1.56353136
 -0.02743872  2.19779466] REAL [0.50383173] FAKE [0.50143244] 
220 epoch LOSS [-1.37560004] Parameters [ 1.52362982  1.39231855  0.02755545  2.27730547  1.69253588  1.56351598
 -0.02736839  2.19359385] REAL [0.50705736] FAKE [0.50165811] 
221 epoch LOSS [-1.36851465] Parameters [ 1.52361268  1.39230645  0.02730105  2.27347121  1.69254313  1.56351746
 -0.02764381  2.18971587] REAL [0.51030121] FAKE [0.50130497] 
222 epoch LOSS [-1.36444542] Parameters [ 1.52360931  1.39230109  0.02749476  2.2698966   1.69254464  1.563515
 -0.02742014  2.18613139] REAL [0.51229392] FAKE [0.50121925] 
223 epoch LOSS [-1.36301348] Parameters [ 1.52361421  1.39231334  0.02800766  2.26670243  1.69254359  1.56350918
 -0.027432    2.1829253 ] REAL [0.5130635] FAKE [0.50125375] 
224 epoch LOSS [-1.3917561] Parameters [ 1.5236206   1.39232696  0.02806981  2.26387803  1.69253453  1.56350743
 -0.02716567  2.18008381] REAL [0.49885657] FAKE [0.50158362] 
225 epoch LOSS [-1.37822425] Parameters [ 1.52361739  1.39232422  0.0288408   2.26135222  1.69253205  1.56350556
 -0.02637053  2.17755584] REAL [0.50569648] FAKE [0.50162657] 
226 epoch LOSS [-1.40448001] Parameters [ 1.52362176  1.39232755  0.02855308  2.25925864  1.69253847  1.56350633
 -0.02652441  2.17539618] REAL [0.49234655] FAKE [0.50137829] 
227 epoch LOSS [-1.39174929] Parameters [ 1.5236176   1.39233529  0.02823858  2.25749965  1.69254312  1.56350499
 -0.02664795  2.17367871] REAL [0.49841265] FAKE [0.5011363] 
228 epoch LOSS [-1.37653055] Parameters [ 1.52362631  1.39233514  0.02828736  2.25594041  1.69252925  1.56350391
 -0.02677217  2.17218643] REAL [0.50568164] FAKE [0.5007671] 
229 epoch LOSS [-1.37847531] Parameters [ 1.52362331  1.39232933  0.02807922  2.25480566  1.69253493  1.56350821
 -0.02717668  2.17106405] REAL [0.5047991] FAKE [0.50086593] 
230 epoch LOSS [-1.40534803] Parameters [ 1.52361725  1.39233226  0.02853005  2.2540004   1.69254123  1.56351937
 -0.02639803  2.17021597] REAL [0.49069755] FAKE [0.50013674] 
231 epoch LOSS [-1.35623843] Parameters [ 1.52361393  1.39232919  0.02805848  2.253428    1.69254477  1.56352466
 -0.02677151  2.16963572] REAL [0.51482963] FAKE [0.49958582] 
232 epoch LOSS [-1.37615777] Parameters [ 1.52360419  1.3923457   0.02797622  2.25328707  1.69254297  1.56351567
 -0.02673839  2.16949623] REAL [0.50443446] FAKE [0.49934619] 
233 epoch LOSS [-1.39981058] Parameters [ 1.52360058  1.3923468   0.02778067  2.25341714  1.69254521  1.5635122
 -0.02724841  2.16962783] REAL [0.49290434] FAKE [0.49961147] 
234 epoch LOSS [-1.40615532] Parameters [ 1.52359686  1.39233005  0.02778631  2.25382189  1.69253481  1.56354895
 -0.02686646  2.1700285 ] REAL [0.48827434] FAKE [0.49806139] 
235 epoch LOSS [-1.37335057] Parameters [ 1.52360168  1.39233622  0.02726137  2.25458866  1.69252499  1.56352723
 -0.02727104  2.17085584] REAL [0.50535609] FAKE [0.4988544] 
236 epoch LOSS [-1.40692976] Parameters [ 1.52360739  1.39232203  0.02710588  2.25564397  1.69250746  1.5635225
 -0.02731328  2.17191687] REAL [0.48811261] FAKE [0.49828378] 
237 epoch LOSS [-1.3769605] Parameters [ 1.52360622  1.39231582  0.02670886  2.25695697  1.69251471  1.56353721
 -0.02705447  2.17327189] REAL [0.50334335] FAKE [0.49866351] 
238 epoch LOSS [-1.39858379] Parameters [ 1.52362092  1.39234058  0.02698353  2.2585504   1.6925154   1.56352216
 -0.02687642  2.17483593] REAL [0.49289499] FAKE [0.49898772] 
239 epoch LOSS [-1.37184432] Parameters [ 1.52362417  1.39232075  0.02673406  2.26043187  1.69251815  1.56351512
 -0.02700731  2.17672349] REAL [0.50446462] FAKE [0.49721204] 
240 epoch LOSS [-1.37402203] Parameters [ 1.5236284   1.39233154  0.02705585  2.26260983  1.69251423  1.56347816
 -0.02707066  2.17885834] REAL [0.50322826] FAKE [0.49707318] 
241 epoch LOSS [-1.37213791] Parameters [ 1.52362192  1.39233288  0.02695613  2.26505972  1.69251172  1.56351705
 -0.02726962  2.18130102] REAL [0.50377718] FAKE [0.49667374] 
242 epoch LOSS [-1.35723775] Parameters [ 1.52361392  1.39229789  0.02726906  2.26770943  1.69252669  1.56349126
 -0.02719858  2.18393752] REAL [0.51319964] FAKE [0.49849786] 
243 epoch LOSS [-1.38268225] Parameters [ 1.52359647  1.39228994  0.0274754   2.27071834  1.69256326  1.56349862
 -0.02686677  2.18692979] REAL [0.50076816] FAKE [0.49896043] 
244 epoch LOSS [-1.35453393] Parameters [ 1.52358109  1.39237631  0.02726377  2.27386083  1.6925591   1.56353835
 -0.02712683  2.19005626] REAL [0.51315016] FAKE [0.49709157] 
245 epoch LOSS [-1.37277916] Parameters [ 1.52359481  1.39236756  0.02727569  2.27725019  1.69255213  1.56353282
 -0.02769053  2.19342116] REAL [0.50410035] FAKE [0.49731887] 
246 epoch LOSS [-1.35692345] Parameters [ 1.52357886  1.39241176  0.02740844  2.28088705  1.69255637  1.56351302
 -0.02770848  2.19701036] REAL [0.51151915] FAKE [0.49669211] 
247 epoch LOSS [-1.39336207] Parameters [ 1.52360195  1.3924307   0.02750132  2.28465497  1.69259875  1.56352913
 -0.02742536  2.20082948] REAL [0.49366283] FAKE [0.49714808] 
248 epoch LOSS [-1.38972806] Parameters [ 1.5235918   1.39242478  0.02705929  2.28855927  1.6926056   1.56352464
 -0.02729215  2.2047453 ] REAL [0.49532626] FAKE [0.49701223] 
249 epoch LOSS [-1.38079593] Parameters [ 1.52358535  1.39246804  0.02695905  2.29261793  1.69262665  1.56354102
 -0.02728529  2.20880961] REAL [0.49893771] FAKE [0.49617279] 
250 epoch LOSS [-1.36689734] Parameters [ 1.52359757  1.39245951  0.02736315  2.29682245  1.69257905  1.56357752
 -0.0268436   2.21309553] REAL [0.50615046] FAKE [0.49640154] 
251 epoch LOSS [-1.36823658] Parameters [ 1.52362524  1.39245187  0.02717364  2.30123204  1.69258008  1.56358726
 -0.02696035  2.21749809] REAL [0.50528194] FAKE [0.49621106] 
252 epoch LOSS [-1.35911404] Parameters [ 1.52357003  1.39245692  0.0275736   2.30580306  1.6925583   1.56358311
 -0.02678023  2.22212005] REAL [0.50978497] FAKE [0.49608504] 
253 epoch LOSS [-1.35318527] Parameters [ 1.52358441  1.392398    0.02753209  2.31047282  1.69253149  1.56361349
 -0.02659725  2.22677777] REAL [0.51276974] FAKE [0.49603925] 
254 epoch LOSS [-1.38599025] Parameters [ 1.52355598  1.39236778  0.02719583  2.31533861  1.69250957  1.56356242
 -0.02654643  2.23162093] REAL [0.4974367] FAKE [0.49727063] 
255 epoch LOSS [-1.40467369] Parameters [ 1.52356968  1.39239376  0.02720169  2.32027316  1.6925094   1.5635563
 -0.02689414  2.23658946] REAL [0.48917288] FAKE [0.49824051] 
256 epoch LOSS [-1.40036097] Parameters [ 1.52357843  1.39245161  0.02766221  2.32536455  1.69252713  1.56357355
 -0.02670186  2.24164554] REAL [0.49048009] FAKE [0.49741494] 
257 epoch LOSS [-1.39995324] Parameters [ 1.52354712  1.39244405  0.02811943  2.33040768  1.69250095  1.56357606
 -0.02643703  2.24673127] REAL [0.49133722] FAKE [0.49808709] 
258 epoch LOSS [-1.39563086] Parameters [ 1.52357189  1.39249777  0.02876531  2.33555116  1.69245986  1.56365055
 -0.02568505  2.2518782 ] REAL [0.49395941] FAKE [0.49858889] 
259 epoch LOSS [-1.40588153] Parameters [ 1.52363857  1.39246408  0.02866878  2.34078499  1.69241597  1.56365591
 -0.0256073   2.25712717] REAL [0.49015652] FAKE [0.4998519] 
260 epoch LOSS [-1.35953564] Parameters [ 1.52363358  1.39244284  0.02849977  2.34607485  1.69245549  1.56365829
 -0.02605062  2.26239424] REAL [0.51163115] FAKE [0.49811502] 
261 epoch LOSS [-1.37878874] Parameters [ 1.52362975  1.39247587  0.02869772  2.35141486  1.69247416  1.56360945
 -0.02546503  2.2677298 ] REAL [0.5014057] FAKE [0.49764539] 
262 epoch LOSS [-1.39579343] Parameters [ 1.52362517  1.39249096  0.02844397  2.35674659  1.69250576  1.56364099
 -0.02538094  2.27305005] REAL [0.49324703] FAKE [0.49794634] 
263 epoch LOSS [-1.37895815] Parameters [ 1.52365602  1.39248295  0.02826522  2.36202873  1.69249934  1.56360266
 -0.02558268  2.27832729] REAL [0.50097322] FAKE [0.49729689] 
264 epoch LOSS [-1.40704843] Parameters [ 1.52358694  1.39247087  0.02824505  2.36742887  1.69251233  1.56349354
 -0.02544279  2.28370467] REAL [0.4882032] FAKE [0.4984364] 
265 epoch LOSS [-1.37708883] Parameters [ 1.52368912  1.39247996  0.02872159  2.37280909  1.69251567  1.56346041
 -0.02505111  2.28904449] REAL [0.5027574] FAKE [0.49814363] 
266 epoch LOSS [-1.37754789] Parameters [ 1.52369567  1.39246149  0.02865349  2.37805819  1.69247336  1.56342373
 -0.02526462  2.29430174] REAL [0.50196024] FAKE [0.49757732] 
267 epoch LOSS [-1.37004313] Parameters [ 1.52368733  1.3924559   0.02876606  2.38333267  1.69247964  1.56346008
 -0.02533699  2.29951781] REAL [0.50662519] FAKE [0.49845368] 
268 epoch LOSS [-1.39992247] Parameters [ 1.52374256  1.39243938  0.02880356  2.38862588  1.69243936  1.56341826
 -0.0252287   2.30482692] REAL [0.49181717] FAKE [0.49856146] 
269 epoch LOSS [-1.35708334] Parameters [ 1.52374481  1.39243359  0.02878957  2.39384766  1.69243192  1.56339386
 -0.02535853  2.31011056] REAL [0.51432883] FAKE [0.49952161] 
270 epoch LOSS [-1.3527269] Parameters [ 1.52377298  1.39245676  0.02890566  2.39900467  1.69243765  1.56337919
 -0.02558317  2.31522463] REAL [0.51576997] FAKE [0.49874107] 
271 epoch LOSS [-1.4011492] Parameters [ 1.5237607   1.39242082  0.02903648  2.40410928  1.69246545  1.56332518
 -0.02556645  2.32025048] REAL [0.49186916] FAKE [0.49922915] 
272 epoch LOSS [-1.37422007] Parameters [ 1.52369512  1.39238239  0.02959087  2.40901242  1.69244019  1.56331195
 -0.02506972  2.32519369] REAL [0.50454636] FAKE [0.49848638] 
273 epoch LOSS [-1.37422331] Parameters [ 1.52372839  1.39237943  0.02979501  2.41377844  1.69245821  1.56335101
 -0.02517812  2.32994824] REAL [0.50560884] FAKE [0.49954188] 
274 epoch LOSS [-1.37245808] Parameters [ 1.5236965   1.39236274  0.02974244  2.41832986  1.69245176  1.56335838
 -0.0253226   2.33449694] REAL [0.5059494] FAKE [0.49899514] 
275 epoch LOSS [-1.36603933] Parameters [ 1.52372524  1.39237417  0.02975902  2.42282654  1.69244513  1.56335899
 -0.0254129   2.33893384] REAL [0.50993957] FAKE [0.49971447] 
276 epoch LOSS [-1.41260342] Parameters [ 1.52370771  1.39237107  0.02943252  2.42706995  1.69243462  1.56334472
 -0.02559034  2.3431744 ] REAL [0.48664667] FAKE [0.49961951] 
277 epoch LOSS [-1.36664044] Parameters [ 1.52370332  1.39236623  0.02888797  2.43131303  1.69246929  1.56337541
 -0.02591268  2.34746133] REAL [0.50885859] FAKE [0.49895297] 
278 epoch LOSS [-1.36406368] Parameters [ 1.52368464  1.39237503  0.0287642   2.43529833  1.69248046  1.56335481
 -0.02593875  2.35149004] REAL [0.51054939] FAKE [0.49932384] 
279 epoch LOSS [-1.40511152] Parameters [ 1.52368446  1.39239592  0.02864345  2.43923815  1.69252464  1.56335911
 -0.02646125  2.3552963 ] REAL [0.49020109] FAKE [0.49951214] 
280 epoch LOSS [-1.40917774] Parameters [ 1.52366301  1.39241972  0.02903     2.44292182  1.69254306  1.56334343
 -0.02627103  2.35900298] REAL [0.48977674] FAKE [0.50111123] 
281 epoch LOSS [-1.35980185] Parameters [ 1.52366209  1.39241579  0.02935618  2.44644404  1.69255351  1.56336406
 -0.02590443  2.36260788] REAL [0.51395616] FAKE [0.50051841] 
282 epoch LOSS [-1.40069645] Parameters [ 1.52363688  1.39242893  0.02901943  2.44992503  1.69256379  1.56338838
 -0.02613     2.36605265] REAL [0.49251447] FAKE [0.49965881] 
283 epoch LOSS [-1.40067047] Parameters [ 1.52365009  1.39243719  0.02936848  2.45316296  1.69256498  1.5633823
 -0.0257912   2.36927504] REAL [0.49172979] FAKE [0.49884735] 
284 epoch LOSS [-1.39275828] Parameters [ 1.52365693  1.39242756  0.02890961  2.45615723  1.69257174  1.56338819
 -0.02625612  2.37221076] REAL [0.49615244] FAKE [0.49936912] 
285 epoch LOSS [-1.37738622] Parameters [ 1.52366745  1.39243138  0.02914061  2.45900693  1.69257058  1.5633747
 -0.02635299  2.37507698] REAL [0.50329833] FAKE [0.49883207] 
286 epoch LOSS [-1.40423897] Parameters [ 1.52366956  1.39242259  0.02831447  2.46163494  1.69257277  1.56336444
 -0.02698614  2.37769767] REAL [0.49029434] FAKE [0.49917052] 
287 epoch LOSS [-1.40855153] Parameters [ 1.52366959  1.39242125  0.02842718  2.46419435  1.69256957  1.56335849
 -0.02710194  2.38027858] REAL [0.48871542] FAKE [0.49971463] 
288 epoch LOSS [-1.3593023] Parameters [ 1.52367025  1.39242505  0.02830084  2.46642707  1.6925647   1.56336078
 -0.02693458  2.38250223] REAL [0.51364177] FAKE [0.49996296] 
289 epoch LOSS [-1.39138296] Parameters [ 1.52368628  1.39242464  0.02822101  2.46851466  1.69256172  1.56336346
 -0.02709701  2.38462973] REAL [0.49717663] FAKE [0.49971284] 
290 epoch LOSS [-1.3971542] Parameters [ 1.5236864   1.39243136  0.02813817  2.47023486  1.69255781  1.56336657
 -0.02711699  2.38654027] REAL [0.49450424] FAKE [0.49990372] 
291 epoch LOSS [-1.3584454] Parameters [ 1.52368554  1.39244427  0.02842921  2.47206117  1.69255609  1.56336562
 -0.02688819  2.38836758] REAL [0.51315527] FAKE [0.49905982] 
292 epoch LOSS [-1.38375677] Parameters [ 1.52368498  1.39243963  0.02845637  2.47357759  1.6925572   1.56336651
 -0.02698539  2.38989148] REAL [0.50028685] FAKE [0.499017] 
293 epoch LOSS [-1.3918213] Parameters [ 1.52368146  1.39243713  0.0287307   2.47488175  1.69256095  1.56336492
 -0.02686176  2.39124155] REAL [0.49611372] FAKE [0.49886072] 
294 epoch LOSS [-1.37374619] Parameters [ 1.52368428  1.39244223  0.0284841   2.47603674  1.69255695  1.56336487
 -0.02670035  2.39234857] REAL [0.50585613] FAKE [0.49954781] 
295 epoch LOSS [-1.40166971] Parameters [ 1.523684    1.39244808  0.02824018  2.47715981  1.69255951  1.56336426
 -0.02688808  2.39339348] REAL [0.49187872] FAKE [0.49949946] 
296 epoch LOSS [-1.38042148] Parameters [ 1.52369312  1.39245304  0.02813838  2.47792897  1.69255074  1.56336978
 -0.02684573  2.39418045] REAL [0.50259551] FAKE [0.49965223] 
297 epoch LOSS [-1.41175466] Parameters [ 1.52368762  1.39244582  0.02798355  2.47860356  1.69255568  1.56337502
 -0.02696985  2.39486349] REAL [0.48729154] FAKE [0.49985738] 
298 epoch LOSS [-1.41101964] Parameters [ 1.52369078  1.39244763  0.02841929  2.47900202  1.69255352  1.56338024
 -0.02663488  2.3952711 ] REAL [0.48727625] FAKE [0.49947392] 
299 epoch LOSS [-1.35996786] Parameters [ 1.52369976  1.39245949  0.0285556   2.47920846  1.69255498  1.56337603
 -0.02651086  2.39560573] REAL [0.51248479] FAKE [0.49916753] 
300 epoch LOSS [-1.38168958] Parameters [ 1.52369985  1.39246542  0.02840908  2.47922843  1.69254707  1.56338231
 -0.02654169  2.39561171] REAL [0.50185377] FAKE [0.49954774] 
301 epoch LOSS [-1.36350675] Parameters [ 1.52371681  1.39246931  0.02852227  2.47913022  1.69254304  1.5633869
 -0.02660292  2.39555994] REAL [0.51017861] FAKE [0.49868085] 
302 epoch LOSS [-1.39546642] Parameters [ 1.52369396  1.3924764   0.02825221  2.47886092  1.69254726  1.56338445
 -0.02696311  2.39525275] REAL [0.49457597] FAKE [0.49913161] 
303 epoch LOSS [-1.38645811] Parameters [ 1.52369794  1.39247235  0.0286313   2.47853502  1.69253831  1.56338428
 -0.02718669  2.39497089] REAL [0.49915959] FAKE [0.49924018] 
304 epoch LOSS [-1.38717551] Parameters [ 1.52370068  1.3924745   0.02908382  2.47790847  1.6925406   1.56338137
 -0.02714094  2.39441681] REAL [0.49828281] FAKE [0.49871879] 
305 epoch LOSS [-1.35768928] Parameters [ 1.52368969  1.39247775  0.0290608   2.4771133   1.69252338  1.56335175
 -0.0269492   2.39363267] REAL [0.51194358] FAKE [0.49749436] 
306 epoch LOSS [-1.35240794] Parameters [ 1.52368808  1.39247116  0.02875503  2.47625496  1.69252261  1.56334584
 -0.02719003  2.39280126] REAL [0.5142759] FAKE [0.49712445] 
307 epoch LOSS [-1.39471918] Parameters [ 1.52369195  1.39246821  0.02873985  2.47522536  1.69253336  1.56333981
 -0.02741841  2.39176345] REAL [0.4927815] FAKE [0.49693192] 
308 epoch LOSS [-1.40957574] Parameters [ 1.52369489  1.39246813  0.02872639  2.47419203  1.69254063  1.56336292
 -0.02752999  2.39064323] REAL [0.48601052] FAKE [0.49744527] 
309 epoch LOSS [-1.3688722] Parameters [ 1.52372507  1.39248684  0.02856157  2.47291133  1.69254893  1.56337708
 -0.02750865  2.38935804] REAL [0.50687497] FAKE [0.4981135] 
310 epoch LOSS [-1.37303505] Parameters [ 1.52372453  1.39246461  0.02829439  2.47156082  1.69254744  1.56337553
 -0.02766402  2.38795655] REAL [0.50489462] FAKE [0.49823807] 
311 epoch LOSS [-1.39100442] Parameters [ 1.52373718  1.39243721  0.02823001  2.4700437   1.69253361  1.56336414
 -0.02755191  2.38649392] REAL [0.49597044] FAKE [0.49830628] 
312 epoch LOSS [-1.41180579] Parameters [ 1.52375587  1.39243348  0.02830944  2.46840473  1.69255596  1.56335398
 -0.02800004  2.38483391] REAL [0.48650035] FAKE [0.49906962] 
313 epoch LOSS [-1.37454017] Parameters [ 1.52375082  1.3924177   0.02849651  2.4666537   1.69256092  1.56335968
 -0.02782784  2.38305893] REAL [0.50431158] FAKE [0.49841349] 
314 epoch LOSS [-1.38169119] Parameters [ 1.52376798  1.39240471  0.02857145  2.4647145   1.69257057  1.56335587
 -0.0277352   2.38109887] REAL [0.49996912] FAKE [0.49766208] 
315 epoch LOSS [-1.38978885] Parameters [ 1.5237706   1.39240419  0.0287781   2.46264314  1.69254039  1.56335644
 -0.02760472  2.3790681 ] REAL [0.49579091] FAKE [0.49751418] 
316 epoch LOSS [-1.40575589] Parameters [ 1.52374772  1.39240922  0.02895052  2.46057537  1.69254818  1.56332968
 -0.02755444  2.37696915] REAL [0.48825407] FAKE [0.49784002] 
317 epoch LOSS [-1.35248104] Parameters [ 1.52374682  1.39242034  0.02905126  2.45834198  1.69251384  1.56334346
 -0.02737202  2.37474111] REAL [0.51504584] FAKE [0.4979129] 
318 epoch LOSS [-1.37193067] Parameters [ 1.5237585   1.39240215  0.02915397  2.45600791  1.69254308  1.56332798
 -0.02725446  2.37236377] REAL [0.5052789] FAKE [0.49806565] 
319 epoch LOSS [-1.40723302] Parameters [ 1.52375248  1.39240559  0.02898849  2.4536033   1.69254526  1.56333697
 -0.02739316  2.37001297] REAL [0.48881211] FAKE [0.49915366] 
320 epoch LOSS [-1.37767064] Parameters [ 1.52376754  1.39240237  0.02892284  2.45113361  1.69255865  1.56336206
 -0.0276733   2.36752928] REAL [0.50300563] FAKE [0.49868304] 
321 epoch LOSS [-1.36644741] Parameters [ 1.52375508  1.39241785  0.02857374  2.44865744  1.69254402  1.56335935
 -0.027779    2.36503306] REAL [0.50819813] FAKE [0.49820496] 
322 epoch LOSS [-1.35780871] Parameters [ 1.5237588   1.39241518  0.02868933  2.44621803  1.69254587  1.56338313
 -0.02762288  2.36252546] REAL [0.51264772] FAKE [0.4982445] 
323 epoch LOSS [-1.39385475] Parameters [ 1.5237446   1.39242727  0.0289313   2.44360788  1.69254805  1.56341036
 -0.02749902  2.35990418] REAL [0.49426443] FAKE [0.49800751] 
324 epoch LOSS [-1.38392501] Parameters [ 1.52371774  1.3924173   0.02894818  2.44088105  1.69252666  1.56342738
 -0.02718826  2.3570914 ] REAL [0.49932183] FAKE [0.49813322] 
325 epoch LOSS [-1.41073269] Parameters [ 1.52369469  1.39240726  0.02886921  2.43811077  1.69250806  1.56340199
 -0.02742231  2.35427134] REAL [0.48637638] FAKE [0.49840396] 
326 epoch LOSS [-1.39107193] Parameters [ 1.5236948   1.39241145  0.0287921   2.43541062  1.69251251  1.56338061
 -0.02751184  2.35156607] REAL [0.4964014] FAKE [0.49877568] 
327 epoch LOSS [-1.40959164] Parameters [ 1.52369288  1.39241994  0.02932963  2.43253128  1.69252189  1.56339799
 -0.02733954  2.34866768] REAL [0.48778558] FAKE [0.49928203] 
328 epoch LOSS [-1.36762145] Parameters [ 1.52369562  1.39240372  0.02893087  2.4297481   1.6924819   1.56340429
 -0.02740897  2.34584616] REAL [0.50939356] FAKE [0.49996996] 
329 epoch LOSS [-1.35773571] Parameters [ 1.52368474  1.39241067  0.02866038  2.42694252  1.69248376  1.56341263
 -0.02735996  2.34302544] REAL [0.51509967] FAKE [0.50059648] 
330 epoch LOSS [-1.37181048] Parameters [ 1.52370283  1.39238378  0.02842403  2.4241208   1.69247069  1.56341016
 -0.02771998  2.34018328] REAL [0.50739302] FAKE [0.50009695] 
331 epoch LOSS [-1.36036256] Parameters [ 1.52369793  1.39240439  0.02843338  2.42128545  1.69247814  1.56341093
 -0.02755373  2.33734427] REAL [0.51395969] FAKE [0.50080183] 
332 epoch LOSS [-1.36655431] Parameters [ 1.52369739  1.39239722  0.02835797  2.41838137  1.69248776  1.56340813
 -0.02730176  2.33441011] REAL [0.50968915] FAKE [0.49972637] 
333 epoch LOSS [-1.38761348] Parameters [ 1.52371408  1.39240465  0.02861166  2.41548443  1.69251148  1.56343638
 -0.02707728  2.33154372] REAL [0.49889533] FAKE [0.49955347] 
334 epoch LOSS [-1.40091663] Parameters [ 1.52370628  1.3924117   0.02860086  2.41267836  1.69250537  1.56339063
 -0.02738386  2.32872911] REAL [0.49276032] FAKE [0.50001853] 
335 epoch LOSS [-1.37560401] Parameters [ 1.52371743  1.39243141  0.02838803  2.40980536  1.69250608  1.56339624
 -0.02763181  2.32584495] REAL [0.50469375] FAKE [0.49932623] 
336 epoch LOSS [-1.38755552] Parameters [ 1.52372129  1.39241607  0.02830263  2.40706918  1.69254405  1.56338102
 -0.0273939   2.32310166] REAL [0.49821431] FAKE [0.49884035] 
337 epoch LOSS [-1.38380444] Parameters [ 1.52372639  1.39241874  0.02861459  2.40417264  1.69253672  1.56337909
 -0.02707243  2.32029611] REAL [0.49902066] FAKE [0.49776978] 
338 epoch LOSS [-1.39449222] Parameters [ 1.52374265  1.39241759  0.0288143   2.40142227  1.69256821  1.56337013
 -0.02680125  2.31756536] REAL [0.49454833] FAKE [0.49861541] 
339 epoch LOSS [-1.36043206] Parameters [ 1.52374189  1.3924132   0.02866897  2.39873575  1.69255892  1.56337158
 -0.02691346  2.31480383] REAL [0.51237357] FAKE [0.49929129] 
340 epoch LOSS [-1.39353597] Parameters [ 1.52375053  1.39241609  0.02865102  2.39601623  1.69256541  1.56338919
 -0.02667818  2.31210713] REAL [0.49548067] FAKE [0.49908007] 
341 epoch LOSS [-1.39925177] Parameters [ 1.52374785  1.39243412  0.02847815  2.39337998  1.69254814  1.56337765
 -0.0271383   2.30949419] REAL [0.49268418] FAKE [0.49910804] 
342 epoch LOSS [-1.36927326] Parameters [ 1.52374745  1.39243534  0.02865444  2.39074724  1.69254201  1.56338901
 -0.02688643  2.30686374] REAL [0.50751514] FAKE [0.49894757] 
343 epoch LOSS [-1.35845047] Parameters [ 1.52375743  1.39246109  0.02829341  2.38810034  1.69253122  1.56338068
 -0.02695799  2.30434201] REAL [0.51357984] FAKE [0.49947648] 
344 epoch LOSS [-1.38573608] Parameters [ 1.52376419  1.39245738  0.02834991  2.38566802  1.69251654  1.56336818
 -0.02691859  2.30199158] REAL [0.50051704] FAKE [0.50023757] 
345 epoch LOSS [-1.3965944] Parameters [ 1.52379032  1.39244308  0.02825616  2.38323114  1.69252236  1.56337136
 -0.02720867  2.29951791] REAL [0.493655] FAKE [0.49876289] 
346 epoch LOSS [-1.38283066] Parameters [ 1.52380162  1.39244617  0.02801768  2.38083091  1.69251413  1.5633703
 -0.02744028  2.29712578] REAL [0.50168255] FAKE [0.49994787] 
347 epoch LOSS [-1.41442555] Parameters [ 1.52380713  1.3924597   0.02809165  2.37861879  1.69252547  1.56336382
 -0.02728408  2.29486324] REAL [0.48600656] FAKE [0.49987259] 
348 epoch LOSS [-1.40762747] Parameters [ 1.52379857  1.39246691  0.02794821  2.37639235  1.69253296  1.56335888
 -0.02751709  2.29270511] REAL [0.48897159] FAKE [0.49951446] 
349 epoch LOSS [-1.36912466] Parameters [ 1.52381254  1.39246738  0.02847499  2.37417126  1.69252708  1.56337327
 -0.02727119  2.29056536] REAL [0.50652567] FAKE [0.49789418] 
350 epoch LOSS [-1.36330164] Parameters [ 1.52381192  1.39247951  0.02814029  2.37209245  1.69252398  1.56336378
 -0.02741319  2.28852415] REAL [0.5094253] FAKE [0.49783653] 
351 epoch LOSS [-1.3538062] Parameters [ 1.52380489  1.39247825  0.02789685  2.37012461  1.69250361  1.56335649
 -0.0278266   2.28664784] REAL [0.51387632] FAKE [0.49743663] 
352 epoch LOSS [-1.36499554] Parameters [ 1.52381919  1.39247048  0.02791943  2.36828977  1.6925012   1.56335973
 -0.02739677  2.28482983] REAL [0.50963568] FAKE [0.49889338] 
353 epoch LOSS [-1.39965398] Parameters [ 1.52382889  1.39246913  0.02800821  2.3665741   1.69251078  1.56336378
 -0.02715205  2.28304892] REAL [0.49246071] FAKE [0.49908226] 
354 epoch LOSS [-1.41433946] Parameters [ 1.52382316  1.39247379  0.02803138  2.36493081  1.69250406  1.56336169
 -0.02678827  2.28152376] REAL [0.48588837] FAKE [0.49970786] 
355 epoch LOSS [-1.3870978] Parameters [ 1.52381442  1.39247326  0.02821072  2.36342698  1.69249713  1.56336122
 -0.0268529   2.28004016] REAL [0.49997761] FAKE [0.50037919] 
356 epoch LOSS [-1.35735531] Parameters [ 1.52381612  1.39247754  0.028319    2.36209691  1.69249677  1.56336268
 -0.02649444  2.27863453] REAL [0.51453422] FAKE [0.49985743] 
357 epoch LOSS [-1.37728913] Parameters [ 1.52382574  1.39248222  0.02839987  2.36066703  1.69248926  1.56335979
 -0.02662329  2.277324  ] REAL [0.50425689] FAKE [0.49973618] 
358 epoch LOSS [-1.36159647] Parameters [ 1.52382233  1.39247829  0.0285721   2.35943865  1.69249349  1.56336559
 -0.02632022  2.27617904] REAL [0.51146046] FAKE [0.4989811] 
359 epoch LOSS [-1.39744589] Parameters [ 1.52381754  1.39247438  0.02888236  2.35833855  1.69249438  1.56336793
 -0.0260768   2.27511318] REAL [0.49389323] FAKE [0.49943108] 
360 epoch LOSS [-1.37552313] Parameters [ 1.52381474  1.39247863  0.02856334  2.35725014  1.69250014  1.56336845
 -0.02587341  2.27405372] REAL [0.50401269] FAKE [0.49860913] 
361 epoch LOSS [-1.37862056] Parameters [ 1.52382321  1.39247471  0.0284873   2.35626777  1.69249879  1.56337383
 -0.02620804  2.27312867] REAL [0.50248579] FAKE [0.49864089] 
362 epoch LOSS [-1.36894709] Parameters [ 1.52382801  1.3924733   0.02827503  2.35542355  1.69250073  1.56337521
 -0.02642477  2.27229757] REAL [0.50691398] FAKE [0.49818971] 
363 epoch LOSS [-1.40706589] Parameters [ 1.52382534  1.39246909  0.02845906  2.35477922  1.69249958  1.56337202
 -0.02602541  2.27166762] REAL [0.48953981] FAKE [0.49981458] 
364 epoch LOSS [-1.39946731] Parameters [ 1.52383456  1.39247135  0.02864418  2.35418419  1.6925125   1.56336675
 -0.02610107  2.27107819] REAL [0.49343671] FAKE [0.49997973] 
365 epoch LOSS [-1.39933477] Parameters [ 1.52383847  1.39247261  0.02857745  2.35362818  1.69251283  1.56336912
 -0.02618382  2.27049645] REAL [0.49306703] FAKE [0.4995385] 
366 epoch LOSS [-1.38178134] Parameters [ 1.52384666  1.39246631  0.02821687  2.35336127  1.69251458  1.56336814
 -0.0265666   2.27016602] REAL [0.50188867] FAKE [0.49962846] 
367 epoch LOSS [-1.35775393] Parameters [ 1.52384827  1.3924669   0.02806168  2.35318324  1.69250813  1.56336072
 -0.02657982  2.2699269 ] REAL [0.51398667] FAKE [0.49952418] 
368 epoch LOSS [-1.36864735] Parameters [ 1.52384657  1.39245971  0.02821341  2.35301139  1.69250815  1.56335938
 -0.02638354  2.26972144] REAL [0.50832204] FAKE [0.49942971] 
369 epoch LOSS [-1.37854258] Parameters [ 1.52384853  1.39245609  0.02794019  2.35288076  1.69250012  1.56336401
 -0.02678387  2.26964487] REAL [0.50383553] FAKE [0.499945] 
370 epoch LOSS [-1.37980977] Parameters [ 1.52384639  1.39245848  0.02797743  2.35294538  1.69249665  1.56336321
 -0.02688655  2.26973228] REAL [0.50310317] FAKE [0.49985126] 
371 epoch LOSS [-1.40459422] Parameters [ 1.52385779  1.39245686  0.02795177  2.35308228  1.69249915  1.56335703
 -0.02700583  2.26987197] REAL [0.49178014] FAKE [0.50086101] 
372 epoch LOSS [-1.36652891] Parameters [ 1.5238559   1.39245902  0.02803975  2.35336392  1.69250423  1.56338099
 -0.02688491  2.27017993] REAL [0.51010659] FAKE [0.50012306] 
373 epoch LOSS [-1.39927809] Parameters [ 1.52385692  1.39245402  0.02764876  2.3535902   1.69250131  1.56337871
 -0.02718784  2.27047033] REAL [0.49271468] FAKE [0.49915223] 
374 epoch LOSS [-1.3704503] Parameters [ 1.52385842  1.39244935  0.02744548  2.35406951  1.69249479  1.56339693
 -0.02738722  2.27098037] REAL [0.50678774] FAKE [0.49881866] 
375 epoch LOSS [-1.36429384] Parameters [ 1.52385824  1.39246046  0.0269357   2.35469474  1.69250986  1.56341674
 -0.02784699  2.27158391] REAL [0.50969981] FAKE [0.49860472] 
376 epoch LOSS [-1.35293944] Parameters [ 1.52385999  1.3924531   0.02677784  2.35520727  1.69251526  1.56342227
 -0.028065    2.27209509] REAL [0.51509259] FAKE [0.49818856] 
377 epoch LOSS [-1.35639537] Parameters [ 1.52386911  1.39244969  0.02645598  2.35595195  1.69251979  1.56343757
 -0.0281444   2.27285393] REAL [0.51303999] FAKE [0.49791903] 
378 epoch LOSS [-1.39517779] Parameters [ 1.52388393  1.3924512   0.02649689  2.35668937  1.69252345  1.56344604
 -0.02837056  2.27358352] REAL [0.49297432] FAKE [0.49735926] 
379 epoch LOSS [-1.38082292] Parameters [ 1.5238865   1.39244498  0.02677496  2.35744592  1.69252404  1.56344863
 -0.02805181  2.27433077] REAL [0.50085968] FAKE [0.4981197] 
380 epoch LOSS [-1.37298336] Parameters [ 1.52387617  1.39243025  0.02733226  2.35838589  1.69251845  1.56343222
 -0.02751274  2.27524503] REAL [0.50470611] FAKE [0.49802471] 
381 epoch LOSS [-1.40741486] Parameters [ 1.52388501  1.39243473  0.0271555   2.35935078  1.69251125  1.56342081
 -0.02757572  2.27627652] REAL [0.48834889] FAKE [0.49876973] 
382 epoch LOSS [-1.40994403] Parameters [ 1.52386832  1.39244271  0.02713025  2.36039078  1.69252964  1.56341936
 -0.0275467   2.27728268] REAL [0.4863792] FAKE [0.49801112] 
383 epoch LOSS [-1.38817377] Parameters [ 1.52387541  1.39244522  0.02756135  2.36157201  1.69250202  1.56341538
 -0.02731668  2.27838486] REAL [0.49785999] FAKE [0.49879365] 
384 epoch LOSS [-1.39009704] Parameters [ 1.52389275  1.39243332  0.02752233  2.36277148  1.69250562  1.56342766
 -0.0270207   2.27953001] REAL [0.49746815] FAKE [0.49936266] 
385 epoch LOSS [-1.41335912] Parameters [ 1.52388546  1.39243736  0.02758868  2.36402519  1.69250594  1.56342375
 -0.02689317  2.28075988] REAL [0.48547302] FAKE [0.49878872] 
386 epoch LOSS [-1.40819385] Parameters [ 1.52387946  1.39244666  0.02752976  2.36537927  1.69251021  1.56343523
 -0.02667822  2.28206891] REAL [0.48752676] FAKE [0.49831545] 
387 epoch LOSS [-1.38784465] Parameters [ 1.52388433  1.39243939  0.02765686  2.36667771  1.69251587  1.56343654
 -0.02668118  2.28335756] REAL [0.49716192] FAKE [0.49792468] 
388 epoch LOSS [-1.40918375] Parameters [ 1.52388164  1.39240476  0.02742774  2.36804352  1.6925041   1.56343381
 -0.02676602  2.28465555] REAL [0.48743701] FAKE [0.49871954] 
389 epoch LOSS [-1.38000217] Parameters [ 1.52390317  1.39239708  0.02769162  2.3694704   1.69250523  1.56344628
 -0.02653976  2.28612913] REAL [0.50159336] FAKE [0.49844231] 
390 epoch LOSS [-1.40326246] Parameters [ 1.5238869   1.39239235  0.02764377  2.37104333  1.69249755  1.56346276
 -0.02664332  2.28772727] REAL [0.490681] FAKE [0.49907626] 
391 epoch LOSS [-1.39094233] Parameters [ 1.52387774  1.39238533  0.02758707  2.37257177  1.692485    1.5634534
 -0.02714416  2.28924436] REAL [0.49681362] FAKE [0.49912665] 
392 epoch LOSS [-1.37806413] Parameters [ 1.52385379  1.39239014  0.02782582  2.37420149  1.69248659  1.5634457
 -0.02722044  2.29082315] REAL [0.50419926] FAKE [0.50006661] 
393 epoch LOSS [-1.40292555] Parameters [ 1.52384335  1.39238704  0.02781614  2.3758917   1.69251231  1.56346929
 -0.02682971  2.29250601] REAL [0.49068817] FAKE [0.49891479] 
394 epoch LOSS [-1.38664114] Parameters [ 1.52384857  1.39237712  0.02778693  2.37747304  1.69251582  1.56347194
 -0.02675922  2.29409902] REAL [0.49819694] FAKE [0.4983644] 
395 epoch LOSS [-1.40764908] Parameters [ 1.52386216  1.39236565  0.02756596  2.37907572  1.69252883  1.56347365
 -0.02704864  2.29573511] REAL [0.48812383] FAKE [0.49865607] 
396 epoch LOSS [-1.40251628] Parameters [ 1.52386649  1.3923688   0.02761138  2.38068823  1.69251527  1.56346634
 -0.02719353  2.29739165] REAL [0.49099614] FAKE [0.4990241] 
397 epoch LOSS [-1.39823069] Parameters [ 1.52386759  1.39239927  0.02792171  2.38217169  1.6925051   1.5634712
 -0.02690631  2.29897788] REAL [0.49291767] FAKE [0.49883384] 
398 epoch LOSS [-1.37826755] Parameters [ 1.52386559  1.39238497  0.02798562  2.38378088  1.6925128   1.56345489
 -0.02694297  2.30062958] REAL [0.50200412] FAKE [0.49798265] 
399 epoch LOSS [-1.36354662] Parameters [ 1.52385958  1.39236649  0.02764819  2.38537132  1.69252255  1.56344842
 -0.02723161  2.30226502] REAL [0.50959101] FAKE [0.4981228] 
400 epoch LOSS [-1.35500006] Parameters [ 1.52385679  1.39235583  0.02767112  2.38692263  1.69252862  1.5634571
 -0.02738278  2.30388763] REAL [0.51311821] FAKE [0.49729464] 
401 epoch LOSS [-1.37929507] Parameters [ 1.52386051  1.39236039  0.02752962  2.38848964  1.69252794  1.56345762
 -0.02737392  2.30546536] REAL [0.50192019] FAKE [0.49841436] 
402 epoch LOSS [-1.41301364] Parameters [ 1.52385808  1.39235317  0.02770116  2.39005338  1.69252542  1.56344587
 -0.02739612  2.30706284] REAL [0.48588499] FAKE [0.49904065] 
403 epoch LOSS [-1.35170397] Parameters [ 1.52385434  1.39235423  0.02746305  2.39160424  1.69253973  1.56343687
 -0.02775817  2.30866953] REAL [0.51606777] FAKE [0.49851761] 
404 epoch LOSS [-1.39840453] Parameters [ 1.52384848  1.39235991  0.02763397  2.39314187  1.69254146  1.56344475
 -0.02740919  2.31012849] REAL [0.49280248] FAKE [0.49880383] 
405 epoch LOSS [-1.37611413] Parameters [ 1.52383781  1.39235318  0.02744836  2.39466483  1.69253722  1.56345959
 -0.02747437  2.31158003] REAL [0.50429441] FAKE [0.4991853] 
406 epoch LOSS [-1.40508897] Parameters [ 1.52383482  1.39236002  0.02760898  2.39619712  1.69253326  1.56345527
 -0.02703341  2.31320451] REAL [0.49013848] FAKE [0.49943692] 
407 epoch LOSS [-1.40106949] Parameters [ 1.52383544  1.39236846  0.02785056  2.3976587   1.69253345  1.56346425
 -0.02651967  2.31461111] REAL [0.49268672] FAKE [0.50002028] 
408 epoch LOSS [-1.35338339] Parameters [ 1.52384488  1.39238252  0.02805495  2.39905358  1.69255002  1.56346835
 -0.0262391   2.31591287] REAL [0.51628228] FAKE [0.49956712] 
409 epoch LOSS [-1.41114624] Parameters [ 1.52385085  1.39237258  0.02770943  2.40040002  1.69257677  1.56348375
 -0.02646611  2.31738933] REAL [0.48687365] FAKE [0.49912344] 
410 epoch LOSS [-1.39630793] Parameters [ 1.52385356  1.39236469  0.0271818   2.40185091  1.69258303  1.56349284
 -0.02682111  2.31874341] REAL [0.49398522] FAKE [0.49895444] 
411 epoch LOSS [-1.37282802] Parameters [ 1.52383533  1.39236074  0.02684421  2.40325251  1.69258823  1.56349873
 -0.02685446  2.32013225] REAL [0.50517017] FAKE [0.49840792] 
412 epoch LOSS [-1.39239995] Parameters [ 1.5238408   1.3923504   0.02700128  2.40459864  1.69259688  1.56349853
 -0.02709815  2.32153565] REAL [0.49569615] FAKE [0.4987287] 
413 epoch LOSS [-1.37977518] Parameters [ 1.52384066  1.39234161  0.02706793  2.40598986  1.69258629  1.56350028
 -0.02712205  2.32291684] REAL [0.50215689] FAKE [0.49889144] 
414 epoch LOSS [-1.3702369] Parameters [ 1.52383736  1.39235118  0.02714264  2.40722209  1.69259491  1.56348926
 -0.02692909  2.32419982] REAL [0.50724238] FAKE [0.499161] 
415 epoch LOSS [-1.35640179] Parameters [ 1.5238506   1.39233392  0.02723946  2.40840149  1.69259852  1.56348996
 -0.02679692  2.32543216] REAL [0.51403207] FAKE [0.49889127] 
416 epoch LOSS [-1.35804801] Parameters [ 1.52385467  1.39234558  0.02726141  2.4095552   1.69259214  1.56349832
 -0.02661891  2.32661271] REAL [0.51327538] FAKE [0.49897798] 
417 epoch LOSS [-1.35926226] Parameters [ 1.5238481   1.39234417  0.02667217  2.41084401  1.69260363  1.56349752
 -0.02735897  2.32792093] REAL [0.51244354] FAKE [0.49877367] 
418 epoch LOSS [-1.38902093] Parameters [ 1.52385286  1.3923448   0.02671086  2.41181751  1.69260251  1.56350506
 -0.02713902  2.32891508] REAL [0.49782795] FAKE [0.49918584] 
419 epoch LOSS [-1.40908312] Parameters [ 1.52385503  1.39233827  0.02654536  2.41282929  1.69259837  1.56349724
 -0.02730637  2.32991786] REAL [0.48759952] FAKE [0.49883619] 
420 epoch LOSS [-1.41318725] Parameters [ 1.52386273  1.39233589  0.02698246  2.41369865  1.69259702  1.56350289
 -0.02704126  2.33072203] REAL [0.48575069] FAKE [0.49898913] 
421 epoch LOSS [-1.35262872] Parameters [ 1.52387041  1.39232607  0.02658362  2.41464425  1.69260482  1.56349472
 -0.02738549  2.33161103] REAL [0.51582549] FAKE [0.49874582] 
422 epoch LOSS [-1.36271034] Parameters [ 1.5238733   1.39232705  0.02651163  2.4155211   1.69260563  1.56349723
 -0.0272182   2.33244605] REAL [0.5103311] FAKE [0.49843135] 
423 epoch LOSS [-1.37812482] Parameters [ 1.52387947  1.39233204  0.02635079  2.4163078   1.69259927  1.56349041
 -0.02772757  2.33323715] REAL [0.50232978] FAKE [0.4982365] 
424 epoch LOSS [-1.38070562] Parameters [ 1.5238828   1.39233162  0.0262475   2.41702044  1.69259379  1.56349253
 -0.02798036  2.33392206] REAL [0.50244501] FAKE [0.49964456] 
425 epoch LOSS [-1.39631154] Parameters [ 1.52388648  1.39233141  0.02617564  2.41779808  1.69258863  1.56349597
 -0.0280266   2.3347567 ] REAL [0.49360884] FAKE [0.4985742] 
426 epoch LOSS [-1.40839722] Parameters [ 1.52388536  1.39233704  0.02646649  2.41842553  1.69259424  1.56348868
 -0.02773832  2.33531044] REAL [0.48737833] FAKE [0.49826471] 
427 epoch LOSS [-1.36761991] Parameters [ 1.52389169  1.39233888  0.02647243  2.4188772   1.6925911   1.56349228
 -0.02750185  2.33572373] REAL [0.50808529] FAKE [0.49868166] 
428 epoch LOSS [-1.40929455] Parameters [ 1.52389328  1.39234066  0.0264575   2.41930789  1.69259466  1.56349151
 -0.0271675   2.33619948] REAL [0.4873834] FAKE [0.49871995] 
429 epoch LOSS [-1.35495785] Parameters [ 1.52389198  1.39234608  0.02657008  2.41977234  1.69259261  1.56349421
 -0.02724728  2.33667593] REAL [0.51521835] FAKE [0.49932263] 
430 epoch LOSS [-1.3524166] Parameters [ 1.52389473  1.39234476  0.0266294   2.42016632  1.69259639  1.56349242
 -0.02739757  2.33702395] REAL [0.51587632] FAKE [0.49868888] 
431 epoch LOSS [-1.36354564] Parameters [ 1.52389577  1.39234192  0.02616244  2.42041533  1.69260403  1.56349021
 -0.02751862  2.33730098] REAL [0.50987256] FAKE [0.49839944] 
432 epoch LOSS [-1.3682271] Parameters [ 1.52389266  1.39234554  0.02642425  2.42076303  1.69260577  1.56348988
 -0.02722607  2.33769041] REAL [0.50725966] FAKE [0.49817049] 
433 epoch LOSS [-1.41172576] Parameters [ 1.52389372  1.39235143  0.02681699  2.42104786  1.69260046  1.56348634
 -0.02698688  2.33802164] REAL [0.48647854] FAKE [0.49900706] 
434 epoch LOSS [-1.35331781] Parameters [ 1.52389579  1.3923506   0.02699283  2.42124547  1.69259903  1.56348333
 -0.02705194  2.33822811] REAL [0.51546222] FAKE [0.4987381] 
435 epoch LOSS [-1.41007456] Parameters [ 1.5238972   1.39234695  0.0272557   2.4214101   1.69259474  1.5634776
 -0.02673065  2.33837626] REAL [0.48740125] FAKE [0.49912915] 
436 epoch LOSS [-1.38211773] Parameters [ 1.52389208  1.39234993  0.02728869  2.42152372  1.69259285  1.56347749
 -0.02672306  2.33845249] REAL [0.50172772] FAKE [0.4996363] 
437 epoch LOSS [-1.35201993] Parameters [ 1.52389348  1.39235541  0.02764234  2.42158448  1.69259855  1.56348448
 -0.02682775  2.33854275] REAL [0.51617644] FAKE [0.49878158] 
438 epoch LOSS [-1.39803987] Parameters [ 1.52389211  1.39235635  0.02751696  2.4215408   1.69259825  1.56348246
 -0.02692526  2.33846121] REAL [0.49295297] FAKE [0.49877409] 
439 epoch LOSS [-1.39687103] Parameters [ 1.52389326  1.3923638   0.02742612  2.42144997  1.69260096  1.56347623
 -0.02710558  2.33840308] REAL [0.4934516] FAKE [0.49869498] 
440 epoch LOSS [-1.38543921] Parameters [ 1.52389012  1.39236448  0.0274279   2.42134363  1.69259403  1.56347036
 -0.02690568  2.33831461] REAL [0.49981433] FAKE [0.49938635] 
441 epoch LOSS [-1.40288214] Parameters [ 1.52388872  1.3923616   0.02712046  2.42111874  1.69259185  1.56347582
 -0.02725267  2.33805708] REAL [0.49106273] FAKE [0.49927525] 
442 epoch LOSS [-1.41410481] Parameters [ 1.52389425  1.39235953  0.02705366  2.42095674  1.69258798  1.56346819
 -0.02694497  2.33785323] REAL [0.48567808] FAKE [0.49937379] 
443 epoch LOSS [-1.39319413] Parameters [ 1.52388478  1.39235339  0.02693778  2.42054454  1.69258803  1.56346052
 -0.02695305  2.33743085] REAL [0.49536409] FAKE [0.49879089] 
444 epoch LOSS [-1.39686992] Parameters [ 1.52388341  1.392355    0.02703897  2.4200258   1.69258992  1.56346747
 -0.0270506   2.33690252] REAL [0.49362227] FAKE [0.49886774] 
445 epoch LOSS [-1.41330215] Parameters [ 1.52388441  1.39235644  0.02685048  2.41956996  1.69258034  1.56346696
 -0.02655678  2.33644626] REAL [0.48522772] FAKE [0.49850677] 
446 epoch LOSS [-1.36743262] Parameters [ 1.52387835  1.39235657  0.02680051  2.41904709  1.69258917  1.56346688
 -0.02662565  2.33598566] REAL [0.50798089] FAKE [0.49848471] 
447 epoch LOSS [-1.36393304] Parameters [ 1.52388468  1.39235156  0.02647987  2.41862685  1.69259381  1.56346113
 -0.02675265  2.33549685] REAL [0.51004489] FAKE [0.49876314] 
448 epoch LOSS [-1.39213525] Parameters [ 1.52388152  1.39234953  0.02665317  2.41811411  1.69259421  1.56345541
 -0.0263495   2.33496806] REAL [0.49551792] FAKE [0.49841564] 
449 epoch LOSS [-1.40850339] Parameters [ 1.52387204  1.39236127  0.02651353  2.41758212  1.69259244  1.56346782
 -0.02637805  2.3344535 ] REAL [0.48748123] FAKE [0.49842388] 
450 epoch LOSS [-1.35507064] Parameters [ 1.52387101  1.39235238  0.02622006  2.41688789  1.69258579  1.56346549
 -0.02642817  2.33376003] REAL [0.51328729] FAKE [0.49749569] 
451 epoch LOSS [-1.39639184] Parameters [ 1.52386814  1.39234722  0.02626262  2.41608109  1.69257653  1.56346138
 -0.02675713  2.33294906] REAL [0.4933129] FAKE [0.49831368] 
452 epoch LOSS [-1.40880485] Parameters [ 1.52387904  1.39234991  0.02663244  2.41527978  1.69258111  1.56346266
 -0.0267002   2.33219639] REAL [0.48751081] FAKE [0.49860549] 
453 epoch LOSS [-1.38478153] Parameters [ 1.52387588  1.39235059  0.02678807  2.41444508  1.69257939  1.5634523
 -0.0263168   2.33139254] REAL [0.50005399] FAKE [0.49929708] 
454 epoch LOSS [-1.37293491] Parameters [ 1.52387351  1.39235712  0.02678304  2.41366311  1.69256877  1.56345704
 -0.02612655  2.33063787] REAL [0.50575635] FAKE [0.49904282] 
455 epoch LOSS [-1.40675093] Parameters [ 1.5238733   1.39236365  0.02631265  2.41284153  1.6925556   1.56344446
 -0.02607242  2.32979682] REAL [0.48901128] FAKE [0.49911624] 
456 epoch LOSS [-1.35566724] Parameters [ 1.52387411  1.3923512   0.02626919  2.41194606  1.69254851  1.56345366
 -0.02622269  2.32895957] REAL [0.5144928] FAKE [0.49897211] 
457 epoch LOSS [-1.40925416] Parameters [ 1.52388123  1.39235241  0.02621666  2.41114846  1.69254636  1.56344867
 -0.02608612  2.32821114] REAL [0.48851456] FAKE [0.49986047] 
458 epoch LOSS [-1.36697779] Parameters [ 1.5238861   1.39234296  0.02612989  2.41031929  1.69254398  1.56344719
 -0.02630814  2.32726896] REAL [0.50938547] FAKE [0.49964006] 
459 epoch LOSS [-1.36699808] Parameters [ 1.52388475  1.39235242  0.02628465  2.40939348  1.69255275  1.56345575
 -0.0261516   2.32632483] REAL [0.50888209] FAKE [0.49915526] 
460 epoch LOSS [-1.36697287] Parameters [ 1.52388369  1.392342    0.02600059  2.40839304  1.69255782  1.56344926
 -0.02641578  2.32541376] REAL [0.5081092] FAKE [0.49838078] 
461 epoch LOSS [-1.37995692] Parameters [ 1.523882    1.39234153  0.02594394  2.40745708  1.69255541  1.56344804
 -0.02620934  2.32447733] REAL [0.50208473] FAKE [0.49891048] 
462 epoch LOSS [-1.36644394] Parameters [ 1.52388876  1.39233102  0.02602484  2.4065218   1.69255733  1.56345694
 -0.02655146  2.32351737] REAL [0.50893071] FAKE [0.49892553] 
463 epoch LOSS [-1.39214709] Parameters [ 1.52388286  1.39233073  0.02652877  2.40570461  1.69254122  1.56345875
 -0.02597946  2.32256922] REAL [0.49499923] FAKE [0.497896] 
464 epoch LOSS [-1.40781877] Parameters [ 1.52387538  1.39232835  0.0264903   2.40470948  1.69253692  1.56344614
 -0.0262819   2.32154042] REAL [0.48750756] FAKE [0.49810749] 
465 epoch LOSS [-1.40643392] Parameters [ 1.52387284  1.39233292  0.02654586  2.40372372  1.69254498  1.56344747
 -0.02626092  2.32050011] REAL [0.48844027] FAKE [0.49837168] 
466 epoch LOSS [-1.35351254] Parameters [ 1.52386189  1.39231806  0.02646196  2.40269918  1.69256236  1.56345861
 -0.02609777  2.31939926] REAL [0.51471952] FAKE [0.49811255] 
467 epoch LOSS [-1.3971534] Parameters [ 1.52385553  1.39232402  0.02610539  2.40167014  1.6925605   1.56344728
 -0.02637642  2.3184093 ] REAL [0.49288036] FAKE [0.49825567] 
468 epoch LOSS [-1.38727256] Parameters [ 1.52386498  1.39231745  0.0260956   2.40076782  1.69257267  1.56345093
 -0.02645418  2.31750892] REAL [0.49836775] FAKE [0.49885286] 
469 epoch LOSS [-1.39341362] Parameters [ 1.52385318  1.39232412  0.02662623  2.39977428  1.69257309  1.56345109
 -0.02654618  2.31656589] REAL [0.49541074] FAKE [0.49894808] 
470 epoch LOSS [-1.40721066] Parameters [ 1.5238453   1.39231663  0.0265141   2.39882572  1.69257916  1.56345125
 -0.0267299   2.31573015] REAL [0.48870355] FAKE [0.4990312] 
471 epoch LOSS [-1.36966029] Parameters [ 1.52384203  1.39231992  0.02637321  2.39795249  1.69257953  1.56345095
 -0.02716177  2.31489684] REAL [0.50700842] FAKE [0.49864087] 
472 epoch LOSS [-1.41138034] Parameters [ 1.5238379   1.39231161  0.02613154  2.39700007  1.69257434  1.56344289
 -0.02735097  2.31396832] REAL [0.48644585] FAKE [0.4988003] 
473 epoch LOSS [-1.3718521] Parameters [ 1.52384768  1.39231591  0.0259718   2.39614135  1.69257527  1.56345045
 -0.02741687  2.31304267] REAL [0.5064412] FAKE [0.49917827] 
474 epoch LOSS [-1.36274075] Parameters [ 1.52383453  1.39230889  0.02627786  2.39531623  1.69256642  1.56345597
 -0.02718825  2.31217092] REAL [0.51062253] FAKE [0.49873286] 
475 epoch LOSS [-1.35517037] Parameters [ 1.52382395  1.39231207  0.02672253  2.39445552  1.69257107  1.56345869
 -0.02676808  2.31133418] REAL [0.51447034] FAKE [0.49870122] 
476 epoch LOSS [-1.41342573] Parameters [ 1.52381714  1.3923068   0.02643951  2.39362596  1.69259127  1.5634541
 -0.0273372   2.31050111] REAL [0.48527299] FAKE [0.49861553] 
477 epoch LOSS [-1.41376349] Parameters [ 1.52381561  1.39230522  0.02667462  2.39271637  1.69259116  1.56345077
 -0.02726901  2.30962727] REAL [0.48649721] FAKE [0.50004609] 
478 epoch LOSS [-1.37775934] Parameters [ 1.52381876  1.39229599  0.02679117  2.39194565  1.6925931   1.56344376
 -0.02684845  2.30879854] REAL [0.50366321] FAKE [0.49938197] 
479 epoch LOSS [-1.40807845] Parameters [ 1.52381818  1.39229937  0.02666568  2.39120463  1.69259183  1.56343659
 -0.02689585  2.30806441] REAL [0.48857017] FAKE [0.4993291] 
480 epoch LOSS [-1.40208073] Parameters [ 1.523821    1.3923012   0.02655822  2.39053607  1.69259512  1.56344166
 -0.02684341  2.30743574] REAL [0.4918576] FAKE [0.49968366] 
481 epoch LOSS [-1.35203435] Parameters [ 1.52381933  1.39230814  0.02650322  2.38993029  1.69259622  1.56343983
 -0.02681121  2.30684187] REAL [0.51759253] FAKE [0.50016007] 
482 epoch LOSS [-1.39483942] Parameters [ 1.52382615  1.39230347  0.02696173  2.38923462  1.69259439  1.56344048
 -0.02723502  2.30619161] REAL [0.49507741] FAKE [0.49932509] 
483 epoch LOSS [-1.36446077] Parameters [ 1.52383419  1.39231637  0.02690546  2.38860185  1.69259397  1.56343792
 -0.02747645  2.30552118] REAL [0.51025113] FAKE [0.49923007] 
484 epoch LOSS [-1.36350701] Parameters [ 1.52383906  1.39232807  0.02663704  2.38799805  1.6925991   1.56343808
 -0.0276363   2.30485713] REAL [0.51064303] FAKE [0.49913692] 
485 epoch LOSS [-1.41078531] Parameters [ 1.52383669  1.39232492  0.02697662  2.38753536  1.69259301  1.56343631
 -0.02771251  2.30440469] REAL [0.48681664] FAKE [0.49888396] 
486 epoch LOSS [-1.41601389] Parameters [ 1.5238369   1.39232639  0.02716526  2.38691498  1.69259697  1.56343558
 -0.02765244  2.30376197] REAL [0.4845016] FAKE [0.4991153] 
487 epoch LOSS [-1.38710911] Parameters [ 1.52383703  1.39232639  0.0276556   2.38652329  1.69260004  1.56343915
 -0.02738479  2.30337977] REAL [0.49889942] FAKE [0.4993051] 
488 epoch LOSS [-1.41506411] Parameters [ 1.52383775  1.39232867  0.02783562  2.38601578  1.69260369  1.56344357
 -0.02732905  2.30288298] REAL [0.48587302] FAKE [0.50005447] 
489 epoch LOSS [-1.35641416] Parameters [ 1.52383215  1.39232422  0.02751487  2.38556105  1.6926012   1.56344462
 -0.02769293  2.30240485] REAL [0.51498479] FAKE [0.4998245] 
490 epoch LOSS [-1.38398539] Parameters [ 1.52382842  1.39232008  0.02718527  2.38513905  1.69260056  1.56344576
 -0.02817523  2.30207144] REAL [0.50137846] FAKE [0.50022203] 
491 epoch LOSS [-1.38477956] Parameters [ 1.52382947  1.39231602  0.02692892  2.38482543  1.69260236  1.56345
 -0.02824339  2.30173548] REAL [0.5010745] FAKE [0.50031585] 
492 epoch LOSS [-1.40150045] Parameters [ 1.52382593  1.39231012  0.02690097  2.38449879  1.69260718  1.56345947
 -0.0283651   2.30137675] REAL [0.49297446] FAKE [0.5005274] 
493 epoch LOSS [-1.37330125] Parameters [ 1.52383262  1.39231644  0.02654244  2.38416724  1.6926048   1.5634583
 -0.02831119  2.30103441] REAL [0.50671755] FAKE [0.50017624] 
494 epoch LOSS [-1.38041707] Parameters [ 1.52382858  1.39231144  0.0272997   2.38399493  1.69260469  1.56346394
 -0.02820691  2.30076952] REAL [0.50333485] FAKE [0.50038498] 
495 epoch LOSS [-1.39853418] Parameters [ 1.52382616  1.39231614  0.02751913  2.3837965   1.69259917  1.56346842
 -0.02791727  2.30054413] REAL [0.49455993] FAKE [0.50064961] 
496 epoch LOSS [-1.367673] Parameters [ 1.52381762  1.39231808  0.02712286  2.38362765  1.69259092  1.56346451
 -0.02797476  2.3003102 ] REAL [0.50935032] FAKE [0.49995328] 
497 epoch LOSS [-1.3618906] Parameters [ 1.5238256   1.39232091  0.02736232  2.38353473  1.69259382  1.56346138
 -0.02824389  2.3002346 ] REAL [0.51180071] FAKE [0.49946144] 
498 epoch LOSS [-1.37935044] Parameters [ 1.52382782  1.39232944  0.02761625  2.38340457  1.69259624  1.56345697
 -0.02805443  2.30010457] REAL [0.50227761] FAKE [0.49879904] 
499 epoch LOSS [-1.36714912] Parameters [ 1.52382271  1.3923304   0.02781798  2.38339897  1.69259289  1.56345581
 -0.02813855  2.30001109] REAL [0.50866695] FAKE [0.49901911] 
500 epoch LOSS [-1.38642845] Parameters [ 1.52382802  1.39233719  0.02764923  2.38333706  1.69259095  1.56346266
 -0.02820307  2.29988564] REAL [0.49879783] FAKE [0.49886213] 
501 epoch LOSS [-1.39548023] Parameters [ 1.52382964  1.39233955  0.02761353  2.38324586  1.69259912  1.56346095
 -0.02826337  2.29972408] REAL [0.49461144] FAKE [0.49917444] 
502 epoch LOSS [-1.36773718] Parameters [ 1.52383418  1.39233699  0.027614    2.38325089  1.69259611  1.56346323
 -0.02836759  2.29972824] REAL [0.50763338] FAKE [0.4982942] 
503 epoch LOSS [-1.40900886] Parameters [ 1.52383434  1.39233517  0.02798515  2.38334843  1.69259517  1.56345255
 -0.02800769  2.2997835 ] REAL [0.48724936] FAKE [0.49843878] 
504 epoch LOSS [-1.39546301] Parameters [ 1.52383733  1.39233177  0.02818275  2.38346072  1.69259037  1.56344783
 -0.02804518  2.29994007] REAL [0.49427614] FAKE [0.49882608] 
505 epoch LOSS [-1.37623313] Parameters [ 1.5238383   1.39233569  0.02829541  2.38358322  1.69258636  1.56344356
 -0.02773178  2.30012026] REAL [0.5030843] FAKE [0.49804038] 
506 epoch LOSS [-1.39519168] Parameters [ 1.52384229  1.39233344  0.02828541  2.38363987  1.69258004  1.56344446
 -0.02781146  2.3001798 ] REAL [0.49423231] FAKE [0.49864562] 
507 epoch LOSS [-1.36841134] Parameters [ 1.52384602  1.39233551  0.02842306  2.38377394  1.69257888  1.56344614
 -0.02792251  2.30024865] REAL [0.50744005] FAKE [0.4984413] 
508 epoch LOSS [-1.38125576] Parameters [ 1.52384645  1.39233268  0.0287229   2.38382269  1.6925807   1.56344741
 -0.02766566  2.30029321] REAL [0.50186623] FAKE [0.49934303] 
509 epoch LOSS [-1.36127956] Parameters [ 1.52384498  1.39233332  0.02835029  2.38402411  1.69257364  1.5634423
 -0.02783489  2.30044987] REAL [0.51145696] FAKE [0.49881888] 
510 epoch LOSS [-1.36551601] Parameters [ 1.52383733  1.39233424  0.02807474  2.38431158  1.69257217  1.56344737
 -0.02783602  2.30081923] REAL [0.50904322] FAKE [0.4985712] 
511 epoch LOSS [-1.39290235] Parameters [ 1.5238351   1.39233741  0.02853443  2.38450485  1.69257309  1.56344504
 -0.02798387  2.30103866] REAL [0.49460817] FAKE [0.4978784] 
512 epoch LOSS [-1.39595035] Parameters [ 1.52383469  1.39233452  0.02860651  2.38477932  1.69257358  1.56345046
 -0.02808079  2.30131191] REAL [0.49400865] FAKE [0.49879902] 
513 epoch LOSS [-1.35267658] Parameters [ 1.52383752  1.39233512  0.02872418  2.38503251  1.69256166  1.56344014
 -0.02780514  2.30148995] REAL [0.51616892] FAKE [0.49910329] 
514 epoch LOSS [-1.38700373] Parameters [ 1.52383463  1.39234154  0.02895405  2.38528147  1.69255976  1.56343817
 -0.02741971  2.3017662 ] REAL [0.49906307] FAKE [0.49941653] 
515 epoch LOSS [-1.41108629] Parameters [ 1.52383745  1.39234366  0.02891138  2.38563139  1.69255856  1.5634327
 -0.02714435  2.30207674] REAL [0.48718725] FAKE [0.49941585] 
516 epoch LOSS [-1.35979814] Parameters [ 1.52384241  1.39234366  0.02883684  2.38603105  1.69255829  1.56342574
 -0.02736965  2.30247915] REAL [0.51234833] FAKE [0.4989491] 
517 epoch LOSS [-1.39115636] Parameters [ 1.52384843  1.39234214  0.02875471  2.38640982  1.69256116  1.56342661
 -0.02726395  2.30286194] REAL [0.49643417] FAKE [0.49885107] 
518 epoch LOSS [-1.3812397] Parameters [ 1.52384692  1.39234615  0.02904915  2.38683146  1.69257167  1.56342687
 -0.02721971  2.3032398 ] REAL [0.50173042] FAKE [0.49919946] 
519 epoch LOSS [-1.38116976] Parameters [ 1.52384588  1.39234478  0.02916994  2.38730915  1.69257351  1.56343003
 -0.02701304  2.30361798] REAL [0.50074695] FAKE [0.49818079] 
520 epoch LOSS [-1.37442321] Parameters [ 1.52384929  1.39234433  0.02925044  2.38772424  1.69256857  1.56342835
 -0.02689799  2.30412637] REAL [0.50434772] FAKE [0.49839076] 
521 epoch LOSS [-1.4105106] Parameters [ 1.52384805  1.39234235  0.02893339  2.38808824  1.69256835  1.56343147
 -0.02746685  2.30447401] REAL [0.48723465] FAKE [0.49917631] 
522 epoch LOSS [-1.37299672] Parameters [ 1.52384315  1.39234635  0.02878294  2.38850953  1.69256048  1.56343529
 -0.02764336  2.30491039] REAL [0.50645508] FAKE [0.49976489] 
523 epoch LOSS [-1.36381869] Parameters [ 1.52384598  1.39234913  0.02881849  2.3889746   1.69255962  1.56342313
 -0.02787469  2.30538768] REAL [0.51154955] FAKE [0.50018031] 
524 epoch LOSS [-1.39861921] Parameters [ 1.52384069  1.39235383  0.02908187  2.38957307  1.69255764  1.56342553
 -0.02792971  2.30599849] REAL [0.49343649] FAKE [0.49955526] 
525 epoch LOSS [-1.39991664] Parameters [ 1.52383246  1.39235377  0.02899548  2.39011478  1.69256759  1.56342921
 -0.02805029  2.30649226] REAL [0.49263423] FAKE [0.4993902] 
526 epoch LOSS [-1.41560254] Parameters [ 1.52383172  1.392349    0.02956927  2.39069734  1.69256185  1.56343085
 -0.02784354  2.30706321] REAL [0.4858869] FAKE [0.50033786] 
527 epoch LOSS [-1.40443706] Parameters [ 1.52383603  1.39234609  0.02940664  2.39121534  1.69254904  1.56343512
 -0.02796076  2.30754807] REAL [0.49055277] FAKE [0.49953351] 
528 epoch LOSS [-1.40130636] Parameters [ 1.52383594  1.39233028  0.0286485   2.39170868  1.69254807  1.56344639
 -0.02837456  2.30804881] REAL [0.49195512] FAKE [0.49939533] 
529 epoch LOSS [-1.37529242] Parameters [ 1.52383795  1.39233593  0.02890132  2.39220775  1.69253999  1.56345218
 -0.02838968  2.30861946] REAL [0.50423247] FAKE [0.49871204] 
530 epoch LOSS [-1.36175722] Parameters [ 1.52384302  1.39233243  0.02868118  2.39273407  1.69253794  1.56344693
 -0.02829293  2.30909973] REAL [0.5108527] FAKE [0.49846568] 
531 epoch LOSS [-1.38009484] Parameters [ 1.52383345  1.39234156  0.02898564  2.39320254  1.6925402   1.56344087
 -0.02828106  2.30956035] REAL [0.50227356] FAKE [0.49916795] 
532 epoch LOSS [-1.38818501] Parameters [ 1.52382825  1.39234822  0.02848324  2.39364086  1.69253447  1.56344236
 -0.0283823   2.30997553] REAL [0.49806839] FAKE [0.49900899] 
533 epoch LOSS [-1.3915843] Parameters [ 1.52384064  1.39234816  0.02853457  2.39419717  1.69253976  1.56344017
 -0.02832184  2.31043381] REAL [0.49623769] FAKE [0.49886715] 
534 epoch LOSS [-1.3792227] Parameters [ 1.52384021  1.39234027  0.0280738   2.39467271  1.69253908  1.56344253
 -0.02838598  2.31097389] REAL [0.50222619] FAKE [0.49868369] 
535 epoch LOSS [-1.37218828] Parameters [ 1.52385219  1.39233068  0.02850058  2.39522105  1.69251868  1.56344097
 -0.02799576  2.31154449] REAL [0.50561086] FAKE [0.4985244] 
536 epoch LOSS [-1.36661853] Parameters [ 1.52384977  1.39233086  0.02885341  2.39574383  1.69252946  1.56343515
 -0.02793276  2.31201746] REAL [0.50785879] FAKE [0.49795558] 
537 epoch LOSS [-1.38613149] Parameters [ 1.52385075  1.39232543  0.02926972  2.39631261  1.69252643  1.5634316
 -0.02788425  2.31247099] REAL [0.4975305] FAKE [0.49743639] 
538 epoch LOSS [-1.38990842] Parameters [ 1.5238306   1.39232428  0.02977792  2.39671778  1.69252735  1.56343136
 -0.02758561  2.31289127] REAL [0.49635043] FAKE [0.49814063] 
539 epoch LOSS [-1.4063827] Parameters [ 1.52382659  1.39231525  0.02975913  2.39718403  1.6925278   1.5634338
 -0.02710818  2.31333594] REAL [0.48948002] FAKE [0.49941159] 
540 epoch LOSS [-1.39838704] Parameters [ 1.52382303  1.39231196  0.02961929  2.39757329  1.69253004  1.56343747
 -0.02721068  2.31369361] REAL [0.49332673] FAKE [0.49932769] 
541 epoch LOSS [-1.37675311] Parameters [ 1.52381767  1.39230867  0.02951135  2.39792784  1.69253157  1.56343281
 -0.02686053  2.31406269] REAL [0.50364885] FAKE [0.49886368] 
542 epoch LOSS [-1.36588191] Parameters [ 1.52382449  1.39230446  0.02887532  2.39828234  1.6925255   1.56343377
 -0.02733609  2.31448289] REAL [0.50936929] FAKE [0.4990755] 
543 epoch LOSS [-1.37532921] Parameters [ 1.5238103   1.39231045  0.0290866   2.39868939  1.69253538  1.56343066
 -0.02710329  2.31495873] REAL [0.50355131] FAKE [0.4980524] 
544 epoch LOSS [-1.38817909] Parameters [ 1.52380974  1.39230895  0.02907547  2.39897409  1.69253792  1.56343452
 -0.02697874  2.31532566] REAL [0.49760024] FAKE [0.49853468] 
545 epoch LOSS [-1.40040107] Parameters [ 1.52381553  1.39231453  0.02951692  2.39939032  1.69253298  1.56343627
 -0.02685953  2.31575305] REAL [0.49132793] FAKE [0.49830232] 
546 epoch LOSS [-1.40456973] Parameters [ 1.52381439  1.3923162   0.02930037  2.39978426  1.69253639  1.5634368
 -0.02695712  2.3160685 ] REAL [0.48977635] FAKE [0.49880664] 
547 epoch LOSS [-1.366089] Parameters [ 1.52380826  1.39231195  0.02896625  2.40003613  1.69253924  1.56343006
 -0.02724755  2.31640477] REAL [0.50930107] FAKE [0.49911215] 
548 epoch LOSS [-1.41188543] Parameters [ 1.52381788  1.39229992  0.02943239  2.40045963  1.69253799  1.56343702
 -0.02685299  2.31680744] REAL [0.48659535] FAKE [0.4992073] 
549 epoch LOSS [-1.36008809] Parameters [ 1.5238247   1.39229321  0.02934737  2.40086878  1.69253653  1.56343181
 -0.02713106  2.31724352] REAL [0.51253149] FAKE [0.49927336] 
