RUN 10_12_2021__22_44_25 
0 epoch LOSS [-1.71394715] Parameters [1.60388037 1.46310886 1.68231229 1.39017327 1.57594473 1.51405419
 1.46829841 1.50726481] REAL [0.22345708] FAKE [0.19379018] 
1 epoch LOSS [-1.55483788] Parameters [1.60388118 1.46310727 1.68236042 1.39058164 1.57594537 1.5140558
 1.46835278 1.50765914] REAL [0.27524316] FAKE [0.23259264] 
2 epoch LOSS [-1.44238002] Parameters [1.60388201 1.46310628 1.68242181 1.39094358 1.57594667 1.51405398
 1.46840675 1.50801485] REAL [0.32299129] FAKE [0.26820152] 
3 epoch LOSS [-1.37733917] Parameters [1.60388468 1.46310624 1.68247541 1.39122424 1.57594825 1.51405336
 1.46842847 1.50828963] REAL [0.36010771] FAKE [0.29951832] 
4 epoch LOSS [-1.32057988] Parameters [1.60388626 1.46310599 1.68250573 1.39138624 1.57594857 1.51405402
 1.46847318 1.50845038] REAL [0.39588457] FAKE [0.32561039] 
5 epoch LOSS [-1.27815321] Parameters [1.60388622 1.46310565 1.68255577 1.39142319 1.57594861 1.51405364
 1.4685868  1.50848657] REAL [0.42653853] FAKE [0.34694938] 
6 epoch LOSS [-1.24069186] Parameters [1.6038857  1.4631057  1.68262367 1.39133123 1.57594868 1.51405455
 1.46865947 1.50838792] REAL [0.45447327] FAKE [0.363694] 
7 epoch LOSS [-1.22228656] Parameters [1.60388564 1.46310327 1.68260931 1.39109165 1.57594769 1.51405225
 1.46868524 1.50815423] REAL [0.47280642] FAKE [0.37700534] 
8 epoch LOSS [-1.19816435] Parameters [1.60388651 1.46310579 1.68275977 1.39072036 1.57594599 1.51405022
 1.46890222 1.50777781] REAL [0.49239515] FAKE [0.38718404] 
9 epoch LOSS [-1.17889378] Parameters [1.6038872  1.46310967 1.68292008 1.39018453 1.57594511 1.51405159
 1.46904208 1.50723888] REAL [0.50826064] FAKE [0.39476163] 
10 epoch LOSS [-1.17320321] Parameters [1.6038846  1.46310744 1.68318507 1.38953489 1.57594971 1.5140531
 1.46923244 1.50657213] REAL [0.51625352] FAKE [0.40073171] 
11 epoch LOSS [-1.15089444] Parameters [1.60388412 1.46311171 1.6832934  1.38870446 1.57595249 1.51405642
 1.46947238 1.50575843] REAL [0.53099153] FAKE [0.40422085] 
12 epoch LOSS [-1.13621646] Parameters [1.60388529 1.46311625 1.68351188 1.38775663 1.57595547 1.51405132
 1.46962789 1.50480912] REAL [0.54090047] FAKE [0.40648718] 
13 epoch LOSS [-1.12944324] Parameters [1.60388996 1.46311805 1.68373341 1.38658958 1.57595445 1.51405542
 1.46978271 1.50365268] REAL [0.54593313] FAKE [0.407962] 
14 epoch LOSS [-1.10444726] Parameters [1.60389394 1.46312381 1.6840406  1.3853206  1.57595789 1.51404747
 1.47006852 1.50241913] REAL [0.55996503] FAKE [0.40818803] 
15 epoch LOSS [-1.10604964] Parameters [1.60390098 1.46313927 1.6842942  1.38390356 1.57595616 1.51404123
 1.4704244  1.50100434] REAL [0.55874111] FAKE [0.40784129] 
16 epoch LOSS [-1.09818656] Parameters [1.6039135  1.46315224 1.68483739 1.38236985 1.57595929 1.51404582
 1.47084769 1.49949815] REAL [0.56181443] FAKE [0.40643164] 
17 epoch LOSS [-1.0836408] Parameters [1.60390789 1.46315133 1.68515026 1.38073242 1.57596118 1.51403871
 1.47119845 1.49786221] REAL [0.56848794] FAKE [0.40480465] 
18 epoch LOSS [-1.05741547] Parameters [1.60391813 1.46315459 1.68525728 1.37902142 1.5759542  1.51404741
 1.47145099 1.49609315] REAL [0.58167352] FAKE [0.4028396] 
19 epoch LOSS [-1.05545033] Parameters [1.60390443 1.46315368 1.68559895 1.3771259  1.57596637 1.51403528
 1.47192645 1.49410501] REAL [0.58079937] FAKE [0.4007644] 
20 epoch LOSS [-1.04924528] Parameters [1.60389713 1.46316379 1.68612253 1.37503727 1.57597573 1.51403833
 1.47254001 1.4920289 ] REAL [0.58232863] FAKE [0.398618] 
21 epoch LOSS [-1.02991167] Parameters [1.60390099 1.46316644 1.68651265 1.37289229 1.57598003 1.51403176
 1.47296178 1.48988643] REAL [0.59071898] FAKE [0.39558655] 
22 epoch LOSS [-1.02442766] Parameters [1.60390283 1.4631689  1.68705849 1.37046263 1.57598837 1.5140457
 1.47347668 1.48749681] REAL [0.59176207] FAKE [0.39333409] 
23 epoch LOSS [-1.00309412] Parameters [1.60389864 1.46318697 1.68758507 1.3679829  1.57596945 1.51404935
 1.47393825 1.48502321] REAL [0.60117004] FAKE [0.38995141] 
24 epoch LOSS [-1.00637546] Parameters [1.6039038  1.46316686 1.68804928 1.36530365 1.57597395 1.51404693
 1.47435343 1.4823646 ] REAL [0.59635755] FAKE [0.38704306] 
25 epoch LOSS [-0.99520288] Parameters [1.60390615 1.46316044 1.68862127 1.36257158 1.57598291 1.51405396
 1.47485298 1.47954418] REAL [0.60022164] FAKE [0.38414676] 
26 epoch LOSS [-0.97107496] Parameters [1.60391924 1.46316108 1.68936574 1.35954564 1.57597869 1.51406051
 1.47550005 1.47649683] REAL [0.61138092] FAKE [0.38062222] 
27 epoch LOSS [-0.95908366] Parameters [1.60393377 1.46315355 1.6897098  1.35629836 1.57597003 1.51406709
 1.47601271 1.47329166] REAL [0.6160006] FAKE [0.3778514] 
28 epoch LOSS [-0.94985548] Parameters [1.60392192 1.46314653 1.69050108 1.3530086  1.57594623 1.51405376
 1.47671991 1.4699281 ] REAL [0.61890465] FAKE [0.37502987] 
29 epoch LOSS [-0.95291958] Parameters [1.60393404 1.46315616 1.69113241 1.34935255 1.57593914 1.5140572
 1.47730887 1.46626837] REAL [0.61393407] FAKE [0.37189746] 
30 epoch LOSS [-0.93978624] Parameters [1.60394704 1.46313206 1.69218305 1.34559207 1.57594103 1.51405855
 1.47830333 1.46249259] REAL [0.61811519] FAKE [0.36789881] 
31 epoch LOSS [-0.93192981] Parameters [1.60394261 1.46314288 1.69311916 1.34170894 1.57595006 1.51405449
 1.47901572 1.45859526] REAL [0.62017925] FAKE [0.36503353] 
32 epoch LOSS [-0.9046387] Parameters [1.60389286 1.4631349  1.69396793 1.33767426 1.57594933 1.51404078
 1.47968739 1.45458616] REAL [0.63424108] FAKE [0.36193336] 
33 epoch LOSS [-0.90808146] Parameters [1.60384499 1.46311358 1.69460482 1.33343831 1.57597519 1.51402389
 1.48030266 1.45027077] REAL [0.62872887] FAKE [0.35855145] 
34 epoch LOSS [-0.8841451] Parameters [1.60384982 1.46312863 1.69567072 1.3290541  1.57596114 1.51398535
 1.48135512 1.44584679] REAL [0.64112554] FAKE [0.35571565] 
35 epoch LOSS [-0.89585895] Parameters [1.60387434 1.46311686 1.69667225 1.32437215 1.57596896 1.51398477
 1.48210715 1.44133069] REAL [0.63035413] FAKE [0.35233742] 
36 epoch LOSS [-0.86285281] Parameters [1.60388338 1.46310134 1.69790504 1.3194376  1.57601146 1.51395149
 1.48319741 1.4365526 ] REAL [0.64868631] FAKE [0.34952134] 
37 epoch LOSS [-0.85486565] Parameters [1.60388894 1.4630905  1.69924311 1.31433045 1.57599688 1.51393713
 1.48457492 1.43148955] REAL [0.64981201] FAKE [0.34544095] 
38 epoch LOSS [-0.85293929] Parameters [1.60390785 1.46310945 1.70046545 1.30903386 1.57598463 1.51395426
 1.48583129 1.4262042 ] REAL [0.64868373] FAKE [0.34303812] 
39 epoch LOSS [-0.82755707] Parameters [1.60396655 1.46311112 1.70181024 1.30356818 1.57599638 1.51394546
 1.48693536 1.42068681] REAL [0.66184626] FAKE [0.33955081] 
40 epoch LOSS [-0.82403664] Parameters [1.603971   1.46310261 1.70319091 1.29773506 1.57600629 1.51390388
 1.48825153 1.41481104] REAL [0.66053079] FAKE [0.3359017] 
41 epoch LOSS [-0.80762304] Parameters [1.60396355 1.46311308 1.70483047 1.29172899 1.57604409 1.51389243
 1.4899766  1.40892558] REAL [0.66806687] FAKE [0.3325268] 
42 epoch LOSS [-0.82740011] Parameters [1.60395681 1.46310345 1.70635539 1.28535449 1.57607026 1.51383955
 1.49132875 1.40271575] REAL [0.65310346] FAKE [0.33060461] 
43 epoch LOSS [-0.80376813] Parameters [1.60395471 1.46310284 1.70788502 1.27874033 1.57607909 1.51384892
 1.49310152 1.39608521] REAL [0.66573517] FAKE [0.32760196] 
44 epoch LOSS [-0.80739036] Parameters [1.60396105 1.46313664 1.70986896 1.2720623  1.57609292 1.51389011
 1.49510379 1.38944664] REAL [0.65897863] FAKE [0.32316394] 
45 epoch LOSS [-0.78296851] Parameters [1.60393643 1.46316941 1.71193908 1.26515359 1.57605178 1.51393422
 1.49704814 1.38243854] REAL [0.67280015] FAKE [0.32067904] 
46 epoch LOSS [-0.78084993] Parameters [1.60395378 1.46317217 1.71411405 1.2577132  1.57606638 1.51393904
 1.49934553 1.37493485] REAL [0.67328462] FAKE [0.31972816] 
47 epoch LOSS [-0.7830763] Parameters [1.60394352 1.46316821 1.71629749 1.25005835 1.57603969 1.5139272
 1.5015957  1.36735219] REAL [0.66781231] FAKE [0.31567901] 
48 epoch LOSS [-0.74709972] Parameters [1.60389565 1.46318854 1.71861346 1.24205018 1.57608948 1.51395811
 1.50390769 1.35928536] REAL [0.68801973] FAKE [0.31144629] 
49 epoch LOSS [-0.73673307] Parameters [1.60387561 1.46318407 1.72185938 1.23382598 1.57604657 1.51401307
 1.50696658 1.35094786] REAL [0.69362862] FAKE [0.30989704] 
50 epoch LOSS [-0.74641873] Parameters [1.60386431 1.46320219 1.7249334  1.22486311 1.57602334 1.51396479
 1.50980563 1.34201347] REAL [0.68488104] FAKE [0.30781956] 
51 epoch LOSS [-0.75333789] Parameters [1.60387612 1.46323859 1.72812873 1.21583316 1.57605634 1.51396629
 1.51322319 1.33294064] REAL [0.67680647] FAKE [0.30439129] 
52 epoch LOSS [-0.71117335] Parameters [1.60387075 1.46326049 1.73178113 1.20626564 1.57607684 1.51388947
 1.51710422 1.32339921] REAL [0.70249614] FAKE [0.30096746] 
53 epoch LOSS [-0.71562744] Parameters [1.60387454 1.46327556 1.73527427 1.1962043  1.57612811 1.51382668
 1.52062374 1.31351592] REAL [0.69907663] FAKE [0.30066998] 
54 epoch LOSS [-0.72050147] Parameters [1.60390439 1.46331487 1.73928577 1.18589377 1.57609929 1.51382495
 1.52442763 1.30309842] REAL [0.6910835] FAKE [0.29602107] 
55 epoch LOSS [-0.69570546] Parameters [1.603898   1.46325427 1.7436817  1.17516298 1.57608734 1.51380703
 1.52905859 1.29246396] REAL [0.70702217] FAKE [0.29461548] 
56 epoch LOSS [-0.68522727] Parameters [1.6038972  1.46321097 1.74830917 1.16405944 1.57606887 1.51369214
 1.53393094 1.28147056] REAL [0.71206741] FAKE [0.292236] 
57 epoch LOSS [-0.67893584] Parameters [1.60392784 1.46320195 1.75381256 1.15257476 1.57611764 1.51371147
 1.53929727 1.26981397] REAL [0.71217856] FAKE [0.28788028] 
58 epoch LOSS [-0.70200763] Parameters [1.60394954 1.4632129  1.75962141 1.1408599  1.57613896 1.51362613
 1.54459242 1.25789163] REAL [0.69647372] FAKE [0.28843066] 
59 epoch LOSS [-0.68620035] Parameters [1.60395287 1.4631498  1.76491596 1.12833704 1.57614918 1.51362683
 1.55031209 1.24538396] REAL [0.70443879] FAKE [0.28526721] 
60 epoch LOSS [-0.66212449] Parameters [1.60397846 1.46318113 1.77137887 1.11522599 1.57610401 1.51373083
 1.55674151 1.2323143 ] REAL [0.71824638] FAKE [0.28192543] 
61 epoch LOSS [-0.65109269] Parameters [1.60398484 1.46312745 1.77828997 1.10184589 1.57613701 1.5137433
 1.56348028 1.21883945] REAL [0.72361994] FAKE [0.27935145] 
62 epoch LOSS [-0.64919966] Parameters [1.60398143 1.46323826 1.78581378 1.08780242 1.57614645 1.51373629
 1.57096124 1.20469024] REAL [0.7260115] FAKE [0.28036434] 
63 epoch LOSS [-0.64209091] Parameters [1.60404041 1.46335277 1.79385575 1.07342076 1.57611044 1.51372651
 1.57948247 1.19029886] REAL [0.73020222] FAKE [0.27938996] 
64 epoch LOSS [-0.64165212] Parameters [1.60408081 1.46338687 1.80266715 1.0580084  1.57609051 1.51373305
 1.58828644 1.1750584 ] REAL [0.72637732] FAKE [0.27527749] 
65 epoch LOSS [-0.63715663] Parameters [1.60421966 1.46338393 1.81254492 1.04259445 1.57619206 1.51363086
 1.59837458 1.15962276] REAL [0.72813655] FAKE [0.27377105] 
66 epoch LOSS [-0.64730051] Parameters [1.60412215 1.46352348 1.82305167 1.02639227 1.57620272 1.51359107
 1.60893802 1.1434313 ] REAL [0.72171972] FAKE [0.27470884] 
67 epoch LOSS [-0.64723184] Parameters [1.60415112 1.463542   1.83500263 1.00978796 1.57624457 1.51362313
 1.62089193 1.12669912] REAL [0.71955521] FAKE [0.27247711] 
68 epoch LOSS [-0.64484338] Parameters [1.60420497 1.46352903 1.84753768 0.99260137 1.57629214 1.51355416
 1.63343326 1.1093951 ] REAL [0.72220257] FAKE [0.27341061] 
69 epoch LOSS [-0.62128216] Parameters [1.60431957 1.4635733  1.86164482 0.97471253 1.57629432 1.51345791
 1.64787386 1.09163742] REAL [0.74118079] FAKE [0.27513617] 
70 epoch LOSS [-0.63742783] Parameters [1.60445947 1.46364361 1.87707922 0.95602068 1.57631337 1.51356402
 1.6627457  1.07322307] REAL [0.72794458] FAKE [0.27377651] 
71 epoch LOSS [-0.63295822] Parameters [1.60444941 1.46378262 1.89369236 0.93725561 1.57642727 1.51355376
 1.67966108 1.05464974] REAL [0.72428195] FAKE [0.26683441] 
72 epoch LOSS [-0.62046574] Parameters [1.60440173 1.46362685 1.91208622 0.91770242 1.57625343 1.51373572
 1.69791808 1.03514075] REAL [0.73966774] FAKE [0.27306015] 
73 epoch LOSS [-0.61636037] Parameters [1.60447339 1.46372308 1.93216539 0.89769092 1.5762641  1.51370369
 1.71770552 1.01549483] REAL [0.73801779] FAKE [0.26843779] 
74 epoch LOSS [-0.61694142] Parameters [1.60463835 1.46396634 1.95412183 0.87723831 1.57600817 1.51396843
 1.7392209  0.99482331] REAL [0.7423264] FAKE [0.27310641] 
75 epoch LOSS [-0.63690378] Parameters [1.60465442 1.46402011 1.97762809 0.85616079 1.57595455 1.51391802
 1.76313838 0.97369975] REAL [0.73120985] FAKE [0.27664054] 
76 epoch LOSS [-0.63710162] Parameters [1.60481978 1.46397797 2.00504404 0.83450403 1.57583633 1.51360589
 1.7906721  0.95221437] REAL [0.7270006] FAKE [0.27259628] 
77 epoch LOSS [-0.66902191] Parameters [1.60506118 1.46393744 2.03426519 0.81270604 1.57591087 1.51365282
 1.82005764 0.93058435] REAL [0.71353859] FAKE [0.28215611] 
78 epoch LOSS [-0.62542637] Parameters [1.60505372 1.46386654 2.06650371 0.79031876 1.57580069 1.51373892
 1.85238375 0.90821652] REAL [0.74165619] FAKE [0.27859666] 
79 epoch LOSS [-0.66924341] Parameters [1.60503637 1.46376943 2.10298267 0.76725817 1.57552221 1.51357274
 1.88859705 0.88547028] REAL [0.7181331] FAKE [0.28690673] 
80 epoch LOSS [-0.65488228] Parameters [1.60510455 1.46394251 2.14279673 0.74467086 1.57536483 1.51383294
 1.92735202 0.86275008] REAL [0.73130982] FAKE [0.28962636] 
81 epoch LOSS [-0.69701517] Parameters [1.60499338 1.46358921 2.18683223 0.72196781 1.5752562  1.51410185
 1.97093779 0.83991932] REAL [0.70722132] FAKE [0.2957371] 
82 epoch LOSS [-0.70556551] Parameters [1.60482586 1.4636922  2.23507025 0.69950065 1.57490821 1.5141843
 2.01886369 0.8176628 ] REAL [0.71586184] FAKE [0.31016125] 
83 epoch LOSS [-0.72645516] Parameters [1.60470165 1.46330099 2.28704283 0.67742381 1.57505386 1.51411441
 2.07067996 0.79570583] REAL [0.7122027] FAKE [0.32095131] 
84 epoch LOSS [-0.78363289] Parameters [1.60445047 1.46358411 2.34381545 0.65625806 1.5747413  1.5142504
 2.12731341 0.77455315] REAL [0.67935953] FAKE [0.32768486] 
85 epoch LOSS [-0.81114423] Parameters [1.60431273 1.46352317 2.40422024 0.63614677 1.57447968 1.51339071
 2.18825284 0.75509144] REAL [0.68705157] FAKE [0.35325184] 
86 epoch LOSS [-0.82876946] Parameters [1.60404986 1.46327339 2.46736525 0.61855877 1.57449154 1.51355122
 2.25088525 0.73748148] REAL [0.67216698] FAKE [0.35047956] 
87 epoch LOSS [-0.84605239] Parameters [1.60355775 1.46381169 2.53282696 0.60373333 1.57439103 1.51363871
 2.31632683 0.72273908] REAL [0.67696679] FAKE [0.36613503] 
88 epoch LOSS [-0.94114494] Parameters [1.60401555 1.46451184 2.59771831 0.59188271 1.57413272 1.5130974
 2.38108499 0.71103286] REAL [0.63816594] FAKE [0.3885903] 
89 epoch LOSS [-1.01946403] Parameters [1.60347014 1.4645431  2.66177566 0.58417812 1.57433533 1.51297497
 2.44532306 0.7031149 ] REAL [0.60601642] FAKE [0.40465597] 
90 epoch LOSS [-1.04975665] Parameters [1.60428559 1.46394189 2.72444875 0.58051236 1.57428104 1.51356765
 2.5079551  0.70010728] REAL [0.61317692] FAKE [0.42916488] 
91 epoch LOSS [-1.06289234] Parameters [1.60409807 1.46384391 2.78424561 0.58066032 1.57408843 1.51341989
 2.56773701 0.7009437 ] REAL [0.61290489] FAKE [0.43636411] 
92 epoch LOSS [-1.09244298] Parameters [1.60336162 1.46304329 2.84013775 0.58527446 1.57449358 1.51369696
 2.62356033 0.70535796] REAL [0.60836137] FAKE [0.44868931] 
93 epoch LOSS [-1.17791166] Parameters [1.60326352 1.46241829 2.89070458 0.59332382 1.57473718 1.51333821
 2.67415447 0.71354106] REAL [0.57049791] FAKE [0.460259] 
94 epoch LOSS [-1.21254241] Parameters [1.60329831 1.46280034 2.93664473 0.60400261 1.57468252 1.51375731
 2.72073163 0.72400628] REAL [0.54697725] FAKE [0.45621119] 
95 epoch LOSS [-1.2603729] Parameters [1.60329662 1.46307753 2.97903869 0.6166293  1.57473822 1.51339861
 2.76308836 0.7366315 ] REAL [0.53670476] FAKE [0.47168668] 
96 epoch LOSS [-1.28108781] Parameters [1.6032617  1.46321496 3.01600006 0.63105543 1.57467896 1.51335135
 2.79995317 0.75165644] REAL [0.54097572] FAKE [0.48660356] 
97 epoch LOSS [-1.33361399] Parameters [1.6034592  1.46305532 3.04900999 0.64724684 1.57450542 1.51327794
 2.83284863 0.76787121] REAL [0.51306656] FAKE [0.48637626] 
98 epoch LOSS [-1.34636123] Parameters [1.60335561 1.46286272 3.07858764 0.66463224 1.57440322 1.51318785
 2.86212532 0.78534189] REAL [0.50788352] FAKE [0.48770676] 
99 epoch LOSS [-1.3856038] Parameters [1.6032935  1.46282054 3.10502595 0.68294676 1.57444793 1.51291895
 2.88814604 0.80328004] REAL [0.49065271] FAKE [0.49012266] 
100 epoch LOSS [-1.34175455] Parameters [1.60317632 1.46264941 3.12738529 0.70170075 1.57450686 1.51292849
 2.90986151 0.82173834] REAL [0.51717774] FAKE [0.4945903] 
101 epoch LOSS [-1.31539043] Parameters [1.60272189 1.46260055 3.14625132 0.72067067 1.57433054 1.51273767
 2.92811621 0.84072028] REAL [0.53258706] FAKE [0.49610206] 
102 epoch LOSS [-1.37519014] Parameters [1.60261674 1.46282825 3.16210934 0.73989252 1.5741454  1.5127498
 2.94413581 0.85977185] REAL [0.50472826] FAKE [0.49915322] 
103 epoch LOSS [-1.35372028] Parameters [1.60246453 1.46280943 3.17625087 0.75864865 1.57416412 1.51280942
 2.95814931 0.87850901] REAL [0.51898431] FAKE [0.50234024] 
104 epoch LOSS [-1.3661153] Parameters [1.60246812 1.46275965 3.18954632 0.77712252 1.57418332 1.51286152
 2.97099633 0.89705358] REAL [0.51253143] FAKE [0.50228222] 
105 epoch LOSS [-1.37856767] Parameters [1.60234981 1.46271344 3.19910715 0.79522351 1.57418272 1.51269777
 2.98101792 0.91527654] REAL [0.50762015] FAKE [0.50368567] 
106 epoch LOSS [-1.34583] Parameters [1.60223654 1.46252022 3.2079852  0.81276898 1.57418339 1.51276193
 2.98903503 0.93285289] REAL [0.53055582] FAKE [0.50933806] 
107 epoch LOSS [-1.41105077] Parameters [1.60228678 1.46254388 3.21524446 0.82994861 1.57428656 1.51276201
 2.99677935 0.95003238] REAL [0.49789738] FAKE [0.51016637] 
108 epoch LOSS [-1.45048559] Parameters [1.60227512 1.46256781 3.22216095 0.84633428 1.57428461 1.51269267
 3.00381679 0.96632894] REAL [0.48111835] FAKE [0.51268454] 
109 epoch LOSS [-1.4432262] Parameters [1.60229176 1.46259072 3.22649775 0.86178722 1.57433058 1.51281076
 3.00789635 0.98185437] REAL [0.48581334] FAKE [0.51387787] 
110 epoch LOSS [-1.37197352] Parameters [1.60231711 1.46263837 3.2308071  0.87640881 1.57427117 1.51285116
 3.01074353 0.99657427] REAL [0.52267342] FAKE [0.51479077] 
111 epoch LOSS [-1.43378627] Parameters [1.60250097 1.46259993 3.23402736 0.89015153 1.57417027 1.51275367
 3.01363059 1.01036993] REAL [0.48918414] FAKE [0.51264865] 
112 epoch LOSS [-1.42001961] Parameters [1.60251761 1.46270316 3.23695239 0.90294065 1.57418395 1.5126539
 3.0167241  1.02313039] REAL [0.49716212] FAKE [0.51382202] 
113 epoch LOSS [-1.43335726] Parameters [1.60258898 1.46271022 3.23834877 0.91472759 1.57417048 1.51270636
 3.0180299  1.03509342] REAL [0.49152358] FAKE [0.51476011] 
114 epoch LOSS [-1.43382011] Parameters [1.60252646 1.46269333 3.24050935 0.9258892  1.57422795 1.51264878
 3.02085099 1.04621394] REAL [0.49001104] FAKE [0.51348754] 
115 epoch LOSS [-1.37800678] Parameters [1.60254225 1.46266848 3.24267137 0.93593358 1.57429233 1.51266971
 3.02326237 1.05642716] REAL [0.51764346] FAKE [0.51302291] 
116 epoch LOSS [-1.45905228] Parameters [1.60256447 1.462743   3.24392649 0.94513316 1.57433774 1.51264619
 3.0248282  1.06561588] REAL [0.47917401] FAKE [0.51488088] 
117 epoch LOSS [-1.46320889] Parameters [1.60259877 1.4627477  3.24456749 0.95334916 1.57437272 1.51265761
 3.02542556 1.07382912] REAL [0.47845107] FAKE [0.51616317] 
118 epoch LOSS [-1.39679662] Parameters [1.60261145 1.46274471 3.24471825 0.96066344 1.57436292 1.51271239
 3.02567867 1.08117195] REAL [0.51169027] FAKE [0.5165275] 
119 epoch LOSS [-1.4008458] Parameters [1.60259565 1.46274325 3.24595003 0.96702445 1.5743461  1.51274113
 3.0261666  1.08736856] REAL [0.50752266] FAKE [0.51452714] 
120 epoch LOSS [-1.45357433] Parameters [1.60255692 1.4627514  3.24814908 0.97242671 1.57430378 1.51276206
 3.02796009 1.09271684] REAL [0.48000029] FAKE [0.51305581] 
121 epoch LOSS [-1.34329978] Parameters [1.60254151 1.46273451 3.24832194 0.97712184 1.5742834  1.51275
 3.02790557 1.09736711] REAL [0.531186] FAKE [0.50867858] 
122 epoch LOSS [-1.3408632] Parameters [1.60252742 1.46274196 3.24819072 0.98095662 1.57428516 1.51274528
 3.02834892 1.10119673] REAL [0.5322587] FAKE [0.50847259] 
123 epoch LOSS [-1.36284151] Parameters [1.60251568 1.46275577 3.24810094 0.9838247  1.57428718 1.51276177
 3.02833456 1.10409715] REAL [0.52079436] FAKE [0.50857281] 
124 epoch LOSS [-1.44725507] Parameters [1.60251826 1.4627559  3.24919748 0.98598499 1.5743084  1.51276576
 3.02880335 1.10625897] REAL [0.47959689] FAKE [0.50955676] 
125 epoch LOSS [-1.38720888] Parameters [1.60251329 1.46275567 3.24980279 0.98736379 1.57431742 1.51277171
 3.02968064 1.1076753 ] REAL [0.50814204] FAKE [0.50846131] 
126 epoch LOSS [-1.37579126] Parameters [1.60252601 1.46276506 3.25055123 0.98785978 1.57430423 1.51277989
 3.03025965 1.108126  ] REAL [0.51206178] FAKE [0.50662279] 
127 epoch LOSS [-1.4203676] Parameters [1.60251442 1.46278442 3.24947666 0.98754459 1.57428871 1.51276833
 3.02903955 1.10780577] REAL [0.49028567] FAKE [0.50717471] 
128 epoch LOSS [-1.34000109] Parameters [1.60255468 1.46278849 3.25031161 0.98647855 1.57431951 1.51274771
 3.02986187 1.10667576] REAL [0.52740657] FAKE [0.50352271] 
129 epoch LOSS [-1.4137825] Parameters [1.60254153 1.46281342 3.25017434 0.98488023 1.57431744 1.51275038
 3.02973351 1.10506807] REAL [0.49049578] FAKE [0.5041312] 
130 epoch LOSS [-1.33408261] Parameters [1.60253903 1.46281513 3.25010071 0.98237843 1.57432313 1.51277537
 3.02952045 1.10254729] REAL [0.52841784] FAKE [0.50153139] 
131 epoch LOSS [-1.37046421] Parameters [1.60254673 1.46278459 3.25015299 0.97923347 1.57429945 1.5127486
 3.02997502 1.09944364] REAL [0.50876911] FAKE [0.50077742] 
132 epoch LOSS [-1.32141668] Parameters [1.60253175 1.46279506 3.25090905 0.97534668 1.57429532 1.51283584
 3.03056677 1.09556199] REAL [0.53249628] FAKE [0.49904415] 
133 epoch LOSS [-1.3657875] Parameters [1.60249105 1.46278372 3.25037519 0.97077759 1.57435132 1.512831
 3.03106469 1.09096917] REAL [0.50869677] FAKE [0.49836591] 
134 epoch LOSS [-1.34189164] Parameters [1.60247317 1.46280303 3.25003921 0.96557676 1.57440219 1.51281732
 3.03108491 1.08576309] REAL [0.51990385] FAKE [0.49730933] 
135 epoch LOSS [-1.37121094] Parameters [1.6025021  1.4627486  3.2506352  0.95975083 1.57437456 1.51277035
 3.0315881  1.07996726] REAL [0.50551783] FAKE [0.49794167] 
136 epoch LOSS [-1.30888926] Parameters [1.60247862 1.46275992 3.25109272 0.95324784 1.57433634 1.51279911
 3.0325352  1.07347156] REAL [0.53619857] FAKE [0.49623155] 
137 epoch LOSS [-1.36454827] Parameters [1.60252646 1.46273907 3.25091407 0.9461807  1.57435167 1.51286339
 3.03278841 1.0663935 ] REAL [0.50720843] FAKE [0.49627007] 
138 epoch LOSS [-1.37838607] Parameters [1.60252022 1.46276187 3.25066335 0.93845517 1.57439885 1.51289006
 3.03278354 1.05870866] REAL [0.50264825] FAKE [0.49868539] 
139 epoch LOSS [-1.34973446] Parameters [1.60253363 1.46285296 3.24941274 0.93007457 1.57447591 1.51288381
 3.03194659 1.05033133] REAL [0.51546268] FAKE [0.49693913] 
140 epoch LOSS [-1.33856937] Parameters [1.60254109 1.46287816 3.24920029 0.9211418  1.574476   1.51284454
 3.03225283 1.04138169] REAL [0.52194838] FAKE [0.49761212] 
141 epoch LOSS [-1.41082] Parameters [1.60250913 1.46288732 3.24979742 0.9116453  1.57443728 1.51285596
 3.03267567 1.03193833] REAL [0.48461358] FAKE [0.49662333] 
142 epoch LOSS [-1.37949723] Parameters [1.60251452 1.46287026 3.25005873 0.90172659 1.57440291 1.51287526
 3.03199426 1.02192673] REAL [0.49807168] FAKE [0.49464086] 
143 epoch LOSS [-1.31027444] Parameters [1.60245366 1.4628715  3.24961158 0.89128354 1.57432488 1.51271158
 3.03150469 1.01157108] REAL [0.53095028] FAKE [0.49195617] 
144 epoch LOSS [-1.30960623] Parameters [1.60256779 1.4628609  3.2501933  0.88056506 1.57443563 1.51267061
 3.03234217 1.00081455] REAL [0.53425897] FAKE [0.49476502] 
145 epoch LOSS [-1.30728827] Parameters [1.60251599 1.46300556 3.25027059 0.86939616 1.5744675  1.51262811
 3.03265066 0.98968971] REAL [0.53381233] FAKE [0.49316883] 
146 epoch LOSS [-1.33320597] Parameters [1.60260105 1.46302043 3.2500796  0.85787695 1.5745895  1.51259705
 3.03238203 0.97819074] REAL [0.52321617] FAKE [0.49613425] 
147 epoch LOSS [-1.30698004] Parameters [1.60263184 1.46301143 3.24949319 0.8460591  1.57450744 1.51262902
 3.03207321 0.96630724] REAL [0.53373522] FAKE [0.49293934] 
148 epoch LOSS [-1.30977139] Parameters [1.60262506 1.46303777 3.24954586 0.8339459  1.57454495 1.51264097
 3.03229083 0.9542042 ] REAL [0.53393572] FAKE [0.49454262] 
149 epoch LOSS [-1.30260824] Parameters [1.60259936 1.46309198 3.24908368 0.82149177 1.57456497 1.51264249
 3.03180841 0.94182213] REAL [0.53795637] FAKE [0.49471387] 
150 epoch LOSS [-1.34740595] Parameters [1.60259858 1.46319447 3.25039162 0.80905921 1.57455131 1.51261104
 3.03243144 0.92936296] REAL [0.51697441] FAKE [0.49724085] 
151 epoch LOSS [-1.31271593] Parameters [1.60265353 1.46320578 3.2505677  0.79649307 1.57459124 1.51269853
 3.03295243 0.91677502] REAL [0.53206686] FAKE [0.4942586] 
152 epoch LOSS [-1.40074939] Parameters [1.60260832 1.46315277 3.25067441 0.78386621 1.57454256 1.51280602
 3.03325763 0.9041535 ] REAL [0.4892131] FAKE [0.496309] 
153 epoch LOSS [-1.34802812] Parameters [1.60259992 1.46310979 3.25069465 0.7712097  1.57454764 1.51274826
 3.03279096 0.89153776] REAL [0.51555917] FAKE [0.49617431] 
154 epoch LOSS [-1.3134427] Parameters [1.60259581 1.46313481 3.25075823 0.75856713 1.57456094 1.51276569
 3.03270367 0.87897063] REAL [0.53304821] FAKE [0.49555643] 
155 epoch LOSS [-1.40503067] Parameters [1.60269534 1.46308305 3.25100987 0.74594778 1.57452137 1.51271515
 3.03288804 0.86634391] REAL [0.49037377] FAKE [0.49964793] 
156 epoch LOSS [-1.43300871] Parameters [1.60269091 1.4629739  3.25079202 0.73348711 1.57457148 1.51274257
 3.03286761 0.85401787] REAL [0.4788535] FAKE [0.50174742] 
157 epoch LOSS [-1.37107052] Parameters [1.60267646 1.46290098 3.25076357 0.72114812 1.57459494 1.5127444
 3.03279852 0.84186301] REAL [0.50775109] FAKE [0.5000797] 
158 epoch LOSS [-1.402474] Parameters [1.60262368 1.46294652 3.25132612 0.7093168  1.57458037 1.5127738
 3.03323143 0.82993594] REAL [0.4933511] FAKE [0.50139437] 
159 epoch LOSS [-1.38745076] Parameters [1.60255636 1.46296117 3.25094351 0.6975723  1.57457002 1.512762
 3.03288652 0.81820654] REAL [0.49805793] FAKE [0.49863048] 
160 epoch LOSS [-1.40617244] Parameters [1.60247026 1.46291737 3.25215394 0.68623937 1.57455697 1.5127058
 3.0340396  0.80695084] REAL [0.49170097] FAKE [0.5015679] 
161 epoch LOSS [-1.34923556] Parameters [1.60243286 1.4629363  3.25161425 0.67523413 1.5745224  1.51274008
 3.03379692 0.79600315] REAL [0.51849881] FAKE [0.49963528] 
162 epoch LOSS [-1.41782649] Parameters [1.60244385 1.4629697  3.25146495 0.66470095 1.57461666 1.51265394
 3.03440833 0.78549105] REAL [0.48411675] FAKE [0.49962492] 
163 epoch LOSS [-1.36970751] Parameters [1.60246526 1.46295679 3.25034679 0.65444193 1.57465672 1.51262222
 3.0330628  0.77529461] REAL [0.50880079] FAKE [0.50043063] 
164 epoch LOSS [-1.42027485] Parameters [1.60246621 1.46289597 3.25069776 0.64478794 1.57463985 1.51262445
 3.03325076 0.76553417] REAL [0.48295815] FAKE [0.49965107] 
165 epoch LOSS [-1.35293951] Parameters [1.60244791 1.46290889 3.25023718 0.63547288 1.57465097 1.51263575
 3.03249356 0.75627243] REAL [0.51559183] FAKE [0.49867449] 
166 epoch LOSS [-1.38620553] Parameters [1.60239366 1.46292501 3.25017634 0.62676261 1.57457919 1.51266214
 3.03236187 0.74757237] REAL [0.49942617] FAKE [0.49938104] 
167 epoch LOSS [-1.37361707] Parameters [1.60237936 1.46292078 3.2495713  0.61857868 1.57457017 1.5127049
 3.03231273 0.73940415] REAL [0.50628971] FAKE [0.49991182] 
168 epoch LOSS [-1.36711642] Parameters [1.60237196 1.46294974 3.2502259  0.61085312 1.57458114 1.51269809
 3.03244363 0.73173289] REAL [0.51089965] FAKE [0.50119216] 
169 epoch LOSS [-1.38810847] Parameters [1.60234147 1.46293804 3.25080285 0.60364087 1.5745633  1.51270883
 3.03284133 0.72454682] REAL [0.49808628] FAKE [0.49898864] 
170 epoch LOSS [-1.40550521] Parameters [1.60231655 1.46292803 3.25101582 0.59699427 1.57455375 1.51269735
 3.03254617 0.71797057] REAL [0.48735663] FAKE [0.49678919] 
171 epoch LOSS [-1.34957604] Parameters [1.60227473 1.46293916 3.25139745 0.59099504 1.57457233 1.51274841
 3.03230367 0.7119869 ] REAL [0.51657069] FAKE [0.49793862] 
172 epoch LOSS [-1.39267604] Parameters [1.60226221 1.46296355 3.25134974 0.58571424 1.5746351  1.51275953
 3.03214716 0.70662048] REAL [0.49595142] FAKE [0.49912502] 
173 epoch LOSS [-1.45424901] Parameters [1.60224822 1.46296042 3.25214102 0.5807426  1.5746069  1.51272584
 3.03282872 0.70168306] REAL [0.46812145] FAKE [0.50103608] 
174 epoch LOSS [-1.40750859] Parameters [1.6022305  1.46297766 3.25246441 0.57655519 1.57460442 1.51271637
 3.03321435 0.69731751] REAL [0.48775797] FAKE [0.49820952] 
175 epoch LOSS [-1.33439529] Parameters [1.6022453  1.46297298 3.25209944 0.57276971 1.57456817 1.51272368
 3.03288289 0.69352451] REAL [0.52537495] FAKE [0.49880108] 
176 epoch LOSS [-1.33915795] Parameters [1.60224049 1.46296288 3.25217772 0.5694931  1.57457144 1.51272737
 3.03258734 0.6902924 ] REAL [0.52023298] FAKE [0.49625214] 
177 epoch LOSS [-1.42024631] Parameters [1.60224644 1.46296814 3.25267585 0.56673015 1.5745669  1.51272152
 3.03244368 0.68752245] REAL [0.47998341] FAKE [0.49653576] 
178 epoch LOSS [-1.32961106] Parameters [1.60225366 1.46297077 3.25188069 0.56461195 1.57457461 1.51272208
 3.03179117 0.68545927] REAL [0.52318161] FAKE [0.49428623] 
179 epoch LOSS [-1.37149549] Parameters [1.60226349 1.46297977 3.2512388  0.56314134 1.57458507 1.51272913
 3.03125199 0.68390955] REAL [0.50233328] FAKE [0.49490261] 
180 epoch LOSS [-1.33401914] Parameters [1.60226381 1.46298203 3.2510198  0.56205352 1.57458167 1.5127343
 3.03184488 0.68284071] REAL [0.52152939] FAKE [0.49491547] 
181 epoch LOSS [-1.41405132] Parameters [1.60226852 1.46297122 3.25041785 0.56162171 1.57459366 1.51273813
 3.03183001 0.68242517] REAL [0.48120348] FAKE [0.49469156] 
182 epoch LOSS [-1.43335148] Parameters [1.60227875 1.46295802 3.25016766 0.5616046  1.57460261 1.51273362
 3.03098559 0.68243572] REAL [0.47050057] FAKE [0.49307559] 
183 epoch LOSS [-1.39283621] Parameters [1.60225001 1.46291043 3.25118586 0.56220068 1.57460101 1.51273263
 3.03183834 0.68303286] REAL [0.48834712] FAKE [0.4914071] 
184 epoch LOSS [-1.40797206] Parameters [1.60227242 1.46290708 3.2518283  0.5633533  1.57463242 1.51272363
 3.03202252 0.68420303] REAL [0.48155671] FAKE [0.49198321] 
185 epoch LOSS [-1.42100936] Parameters [1.60226427 1.4629187  3.25142165 0.56501835 1.57462144 1.51272368
 3.03214642 0.6858363 ] REAL [0.47467013] FAKE [0.49128848] 
186 epoch LOSS [-1.37430603] Parameters [1.60231391 1.46288845 3.25036576 0.5671017  1.57459645 1.51267801
 3.03160567 0.68796546] REAL [0.49569353] FAKE [0.48957349] 
187 epoch LOSS [-1.37843866] Parameters [1.60229642 1.46286284 3.24999023 0.56979088 1.57459592 1.51267024
 3.03096938 0.69070677] REAL [0.49202565] FAKE [0.48788918] 
188 epoch LOSS [-1.42310386] Parameters [1.60233246 1.46287215 3.25040033 0.57295291 1.57459023 1.5126677
 3.03188197 0.69380348] REAL [0.47265738] FAKE [0.49019112] 
189 epoch LOSS [-1.36020534] Parameters [1.60234604 1.46285957 3.24985725 0.57641318 1.57460067 1.51269434
 3.03116412 0.69723979] REAL [0.50511709] FAKE [0.49198298] 
190 epoch LOSS [-1.36931499] Parameters [1.60234758 1.46281848 3.24944828 0.58042812 1.57464554 1.51271034
 3.03066472 0.70131434] REAL [0.4992355] FAKE [0.49065905] 
191 epoch LOSS [-1.40970844] Parameters [1.60231074 1.46279754 3.25028996 0.58476996 1.574609   1.5126917
 3.03158439 0.70568644] REAL [0.48044187] FAKE [0.49168777] 
192 epoch LOSS [-1.3563436] Parameters [1.60229397 1.46282018 3.25014603 0.58951928 1.57458574 1.51265574
 3.03144367 0.71041712] REAL [0.50493372] FAKE [0.48983215] 
193 epoch LOSS [-1.43642706] Parameters [1.60226153 1.46287883 3.24954169 0.59464303 1.57457448 1.51270569
 3.0311523  0.7156004 ] REAL [0.46791385] FAKE [0.49183851] 
194 epoch LOSS [-1.3652202] Parameters [1.6022982  1.46286815 3.24959645 0.60021842 1.57457923 1.51270383
 3.03139145 0.72120594] REAL [0.50423304] FAKE [0.493638] 
195 epoch LOSS [-1.32784199] Parameters [1.60229336 1.46293613 3.25014767 0.60616093 1.57454395 1.51269598
 3.03122754 0.72714919] REAL [0.52072817] FAKE [0.49100387] 
196 epoch LOSS [-1.39422845] Parameters [1.60225843 1.4629555  3.25057303 0.61237414 1.57450849 1.51271794
 3.03203924 0.73341718] REAL [0.4876019] FAKE [0.49133848] 
197 epoch LOSS [-1.41622796] Parameters [1.60230819 1.46289669 3.25015622 0.61895786 1.5745013  1.51277432
 3.03152268 0.73991193] REAL [0.4773073] FAKE [0.49167446] 
198 epoch LOSS [-1.37061093] Parameters [1.60231823 1.46287301 3.25078424 0.6258059  1.5744178  1.5126751
 3.03241345 0.74678858] REAL [0.49697397] FAKE [0.48900388] 
199 epoch LOSS [-1.36083064] Parameters [1.60236735 1.46286889 3.25053655 0.63288068 1.57449534 1.51273852
 3.03200121 0.75387939] REAL [0.50237965] FAKE [0.48953411] 
200 epoch LOSS [-1.40015153] Parameters [1.60236905 1.46285009 3.25013159 0.64015866 1.57453772 1.51275004
 3.03191861 0.761192  ] REAL [0.485005] FAKE [0.49163493] 
201 epoch LOSS [-1.38220071] Parameters [1.60243816 1.46289129 3.25065128 0.64754473 1.57456744 1.51282474
 3.03229217 0.7686464 ] REAL [0.49431217] FAKE [0.4921721] 
202 epoch LOSS [-1.32320232] Parameters [1.6023134  1.46283658 3.2504448  0.65521556 1.57458008 1.51281823
 3.03195449 0.77640981] REAL [0.52664095] FAKE [0.49437806] 
203 epoch LOSS [-1.41190627] Parameters [1.60233454 1.46275039 3.25011622 0.66292466 1.57460681 1.51274316
 3.03194708 0.7841655 ] REAL [0.4828855] FAKE [0.49537039] 
204 epoch LOSS [-1.38595265] Parameters [1.6023491  1.46276323 3.24991046 0.67084538 1.57458781 1.51275907
 3.03181179 0.79203663] REAL [0.49348959] FAKE [0.49323057] 
205 epoch LOSS [-1.32818727] Parameters [1.60231354 1.46273025 3.249839   0.67889926 1.57461686 1.51274927
 3.03164691 0.80016029] REAL [0.52554836] FAKE [0.49584635] 
206 epoch LOSS [-1.32347407] Parameters [1.60227719 1.46275311 3.24964297 0.68689737 1.57459067 1.51274854
 3.03153659 0.80823543] REAL [0.52459161] FAKE [0.49254075] 
207 epoch LOSS [-1.3172264] Parameters [1.60236443 1.46267643 3.25008792 0.69492084 1.5745178  1.51268908
 3.03129366 0.81624295] REAL [0.5277228] FAKE [0.49239021] 
208 epoch LOSS [-1.44386011] Parameters [1.60236897 1.46274844 3.24978732 0.70299168 1.57452402 1.51270716
 3.03165062 0.82421181] REAL [0.4679872] FAKE [0.49568075] 
209 epoch LOSS [-1.34345119] Parameters [1.60244907 1.46271836 3.25033503 0.71100343 1.57445532 1.51269705
 3.03195203 0.8322185 ] REAL [0.51607907] FAKE [0.49437293] 
210 epoch LOSS [-1.39677575] Parameters [1.60249441 1.46262477 3.25036047 0.71895463 1.57440763 1.5126578
 3.03242395 0.84027369] REAL [0.49188835] FAKE [0.49705388] 
211 epoch LOSS [-1.39151841] Parameters [1.60260706 1.46262829 3.25046694 0.72659044 1.57435357 1.5126859
 3.03244695 0.84796033] REAL [0.49574383] FAKE [0.49833487] 
212 epoch LOSS [-1.39035104] Parameters [1.60259101 1.46261233 3.24978053 0.73425533 1.57429766 1.51263827
 3.03170082 0.85571937] REAL [0.49390458] FAKE [0.49587856] 
213 epoch LOSS [-1.38534578] Parameters [1.60260656 1.46268572 3.25070801 0.74187424 1.5742369  1.51266337
 3.0322485  0.86335442] REAL [0.49668976] FAKE [0.49619001] 
214 epoch LOSS [-1.39423412] Parameters [1.60253301 1.46271702 3.2503232  0.74926842 1.57418656 1.51267219
 3.03208163 0.87076609] REAL [0.49557403] FAKE [0.49952398] 
215 epoch LOSS [-1.33207357] Parameters [1.60246899 1.46269538 3.2506404  0.7564035  1.57422068 1.51262798
 3.03290197 0.8779182 ] REAL [0.52460367] FAKE [0.4968975] 
216 epoch LOSS [-1.36937197] Parameters [1.6024387  1.46271237 3.25065223 0.76336505 1.57417807 1.51261027
 3.03265684 0.8848203 ] REAL [0.50652563] FAKE [0.4980183] 
217 epoch LOSS [-1.33760901] Parameters [1.60238937 1.46273271 3.24987202 0.76997159 1.57417013 1.51259415
 3.03178956 0.89135493] REAL [0.52482753] FAKE [0.49988811] 
218 epoch LOSS [-1.41882937] Parameters [1.60241985 1.46278431 3.25014348 0.77627421 1.57416068 1.51259214
 3.03208041 0.89771636] REAL [0.48517918] FAKE [0.5012211] 
219 epoch LOSS [-1.4059666] Parameters [1.60244865 1.46279878 3.24923747 0.78221586 1.57417696 1.51258128
 3.0317827  0.90353924] REAL [0.49168383] FAKE [0.50144791] 
220 epoch LOSS [-1.41091848] Parameters [1.60247568 1.46277103 3.24931641 0.78796556 1.57418972 1.5126195
 3.03155269 0.9091892 ] REAL [0.48745199] FAKE [0.49960376] 
221 epoch LOSS [-1.36094754] Parameters [1.60243391 1.46272297 3.24904704 0.79316069 1.57416271 1.51261667
 3.03188761 0.91445655] REAL [0.51116993] FAKE [0.49837093] 
222 epoch LOSS [-1.36621558] Parameters [1.60244315 1.46270761 3.24904794 0.79814046 1.57413869 1.51263475
 3.03146673 0.91943808] REAL [0.50968346] FAKE [0.49955129] 
223 epoch LOSS [-1.35152635] Parameters [1.6024138  1.46273413 3.24929238 0.80277213 1.5741343  1.51263033
 3.0312722  0.9241104 ] REAL [0.51514249] FAKE [0.49752762] 
224 epoch LOSS [-1.40599764] Parameters [1.60242142 1.46280075 3.24918786 0.80708605 1.57411357 1.51263009
 3.03168912 0.92842847] REAL [0.49003066] FAKE [0.49978153] 
225 epoch LOSS [-1.42365409] Parameters [1.6024065  1.46278606 3.24891558 0.81093783 1.57411574 1.51265014
 3.03183469 0.93232872] REAL [0.48293912] FAKE [0.50131937] 
226 epoch LOSS [-1.36175308] Parameters [1.60241844 1.46274319 3.24893892 0.81445781 1.57412682 1.51265393
 3.03139587 0.93585492] REAL [0.51523496] FAKE [0.50272935] 
227 epoch LOSS [-1.3520836] Parameters [1.60242872 1.46274094 3.24927948 0.81768243 1.57411434 1.51263616
 3.03144147 0.93912567] REAL [0.51972749] FAKE [0.50223786] 
228 epoch LOSS [-1.39708313] Parameters [1.60241461 1.46274155 3.25001716 0.82032961 1.57413268 1.51263853
 3.03215454 0.94177051] REAL [0.49816699] FAKE [0.50354538] 
229 epoch LOSS [-1.39359283] Parameters [1.60242901 1.46274567 3.24939768 0.8226802  1.57412016 1.51263846
 3.03168346 0.94418892] REAL [0.49986464] FAKE [0.50350154] 
230 epoch LOSS [-1.34611904] Parameters [1.60243962 1.46274954 3.2503282  0.82460738 1.57411151 1.51265637
 3.03196818 0.946083  ] REAL [0.5227915] FAKE [0.50219482] 
231 epoch LOSS [-1.34647292] Parameters [1.60242999 1.46276312 3.25040296 0.82619342 1.57411291 1.51265581
 3.03188592 0.94765325] REAL [0.52112312] FAKE [0.50077779] 
232 epoch LOSS [-1.398626] Parameters [1.60243004 1.46275607 3.25052645 0.82750871 1.57410952 1.51265544
 3.03183601 0.94891578] REAL [0.49383187] FAKE [0.49995932] 
233 epoch LOSS [-1.39112002] Parameters [1.60243218 1.46275679 3.25034569 0.82825371 1.57412459 1.51266245
 3.03233708 0.94969489] REAL [0.49652059] FAKE [0.49892009] 
234 epoch LOSS [-1.41198994] Parameters [1.60244193 1.46275947 3.24997788 0.82862065 1.57412685 1.51266195
 3.03238899 0.95014072] REAL [0.48565808] FAKE [0.49829325] 
235 epoch LOSS [-1.44028046] Parameters [1.60244554 1.46275604 3.24979807 0.82867844 1.57413627 1.51267526
 3.0331189  0.95016525] REAL [0.47320254] FAKE [0.49945044] 
236 epoch LOSS [-1.41153567] Parameters [1.60246206 1.46276221 3.24945507 0.82844382 1.57412663 1.51267972
 3.03346144 0.94986945] REAL [0.48855065] FAKE [0.5010371] 
237 epoch LOSS [-1.35368605] Parameters [1.60245482 1.46274501 3.24849645 0.8277072  1.57413072 1.51266473
 3.03314308 0.94910415] REAL [0.51899556] FAKE [0.50233399] 
238 epoch LOSS [-1.33414216] Parameters [1.60244853 1.46273456 3.24959572 0.82660612 1.57412215 1.51267064
 3.03443195 0.94802155] REAL [0.52743222] FAKE [0.50062963] 
239 epoch LOSS [-1.37419923] Parameters [1.60247113 1.46274239 3.24888861 0.82509984 1.57412108 1.51266974
 3.03394867 0.94655446] REAL [0.50532849] FAKE [0.49925217] 
240 epoch LOSS [-1.37320792] Parameters [1.60247689 1.46272487 3.24900026 0.82346309 1.57408684 1.51266399
 3.03531499 0.94487834] REAL [0.50436893] FAKE [0.49780191] 
241 epoch LOSS [-1.32473542] Parameters [1.60248959 1.462771   3.24840921 0.821272   1.57411954 1.51263437
 3.03540227 0.94258986] REAL [0.52903091] FAKE [0.49743335] 
242 epoch LOSS [-1.34478308] Parameters [1.60247799 1.46278826 3.24786071 0.81895668 1.57409789 1.5126516
 3.03506268 0.94028241] REAL [0.51984771] FAKE [0.49870659] 
243 epoch LOSS [-1.37184417] Parameters [1.60247462 1.46279301 3.24831893 0.81640792 1.57408798 1.5126312
 3.03531044 0.93772327] REAL [0.5046218] FAKE [0.49736858] 
244 epoch LOSS [-1.3192463] Parameters [1.60250661 1.46278497 3.24791114 0.81359892 1.57409372 1.5126151
 3.0348869  0.93504999] REAL [0.53331624] FAKE [0.49872759] 
245 epoch LOSS [-1.4020736] Parameters [1.60248049 1.46278121 3.2476288  0.81044399 1.57414017 1.51260167
 3.03492723 0.93199579] REAL [0.49005592] FAKE [0.49784067] 
246 epoch LOSS [-1.36195886] Parameters [1.60252957 1.46279084 3.24779096 0.8071205  1.5741385  1.51259326
 3.03497181 0.92866657] REAL [0.51028694] FAKE [0.49801085] 
247 epoch LOSS [-1.3917942] Parameters [1.60252756 1.46278137 3.24649065 0.80345386 1.57414317 1.51257271
 3.03431485 0.92505722] REAL [0.49593041] FAKE [0.49866189] 
248 epoch LOSS [-1.37797095] Parameters [1.60256558 1.46276926 3.24578383 0.79967746 1.57412949 1.51254695
 3.03332376 0.92119699] REAL [0.50465458] FAKE [0.50047113] 
249 epoch LOSS [-1.3753257] Parameters [1.60259535 1.46276865 3.24533356 0.79550956 1.57416467 1.51254817
 3.0327459  0.917004  ] REAL [0.50428057] FAKE [0.49877652] 
250 epoch LOSS [-1.35628223] Parameters [1.60263464 1.46276594 3.24700075 0.79116121 1.5741946  1.51255112
 3.03350385 0.91262169] REAL [0.51117944] FAKE [0.49603458] 
251 epoch LOSS [-1.39529044] Parameters [1.60266319 1.46272618 3.24676249 0.78690273 1.57421991 1.51251323
 3.03353195 0.90841469] REAL [0.49080532] FAKE [0.49519483] 
252 epoch LOSS [-1.38604416] Parameters [1.60263459 1.46269097 3.24636744 0.78249568 1.57421332 1.51255242
 3.03300637 0.90402837] REAL [0.49620007] FAKE [0.49604489] 
253 epoch LOSS [-1.32188596] Parameters [1.60266155 1.46265448 3.2462697  0.77790964 1.57422894 1.51254058
 3.03304911 0.89948389] REAL [0.52797273] FAKE [0.49498912] 
254 epoch LOSS [-1.37228017] Parameters [1.60267552 1.46267429 3.24639823 0.77331201 1.57420572 1.51250777
 3.0330413  0.89487702] REAL [0.50355143] FAKE [0.49651973] 
255 epoch LOSS [-1.39171137] Parameters [1.60267722 1.46273827 3.24701924 0.76853505 1.5742698  1.51249467
 3.03375593 0.89008945] REAL [0.49585386] FAKE [0.49854296] 
256 epoch LOSS [-1.40475865] Parameters [1.60265148 1.46272702 3.24708742 0.76358013 1.57431967 1.51245934
 3.03421574 0.88518229] REAL [0.48893321] FAKE [0.4980372] 
257 epoch LOSS [-1.42320232] Parameters [1.60266116 1.46270614 3.24721664 0.75854051 1.57432901 1.51249032
 3.03376584 0.88025527] REAL [0.47980753] FAKE [0.49783779] 
258 epoch LOSS [-1.34086692] Parameters [1.60263826 1.46270963 3.24712179 0.75354811 1.57433926 1.5125072
 3.03401145 0.87526064] REAL [0.51905] FAKE [0.49596616] 
259 epoch LOSS [-1.3237612] Parameters [1.60265889 1.46271945 3.24792304 0.74857976 1.57436383 1.51249119
 3.03534314 0.87035424] REAL [0.52731013] FAKE [0.49530187] 
260 epoch LOSS [-1.38550399] Parameters [1.60269205 1.46269894 3.24812033 0.7436611  1.57438362 1.51249777
 3.03526246 0.86549344] REAL [0.49784758] FAKE [0.49744122] 
261 epoch LOSS [-1.36623681] Parameters [1.60271054 1.46265247 3.24820863 0.73876002 1.57439833 1.51247546
 3.03537794 0.8606442 ] REAL [0.50731286] FAKE [0.49722344] 
262 epoch LOSS [-1.34238681] Parameters [1.60273894 1.46264792 3.24843474 0.73381482 1.57433728 1.51239626
 3.03553854 0.85571895] REAL [0.5189036] FAKE [0.49658965] 
263 epoch LOSS [-1.3903635] Parameters [1.60279071 1.46263478 3.24807703 0.72914338 1.57433578 1.51239435
 3.03544768 0.85107064] REAL [0.4943831] FAKE [0.49637278] 
264 epoch LOSS [-1.39702655] Parameters [1.60278882 1.46261927 3.24786347 0.72437846 1.57433024 1.51243529
 3.03489512 0.84636331] REAL [0.49097066] FAKE [0.49624017] 
265 epoch LOSS [-1.31959749] Parameters [1.60279795 1.46258302 3.24727479 0.71969098 1.57430853 1.51247794
 3.03426474 0.84174331] REAL [0.53160007] FAKE [0.4972859] 
266 epoch LOSS [-1.37989832] Parameters [1.6027853  1.46262089 3.24754047 0.71511427 1.57434032 1.51247843
 3.03470118 0.83712201] REAL [0.50222105] FAKE [0.49901714] 
267 epoch LOSS [-1.4250594] Parameters [1.60279157 1.46262402 3.24737724 0.71065763 1.57434528 1.51249082
 3.0343258  0.8326391 ] REAL [0.48241477] FAKE [0.50147841] 
268 epoch LOSS [-1.37607083] Parameters [1.60277724 1.46261287 3.24826622 0.70633564 1.5743217  1.51251933
 3.0343501  0.82836944] REAL [0.50408351] FAKE [0.49895406] 
269 epoch LOSS [-1.3483841] Parameters [1.60282138 1.46261128 3.24777847 0.70221424 1.5743368  1.51249717
 3.03385285 0.82418842] REAL [0.51610867] FAKE [0.49688985] 
270 epoch LOSS [-1.38744092] Parameters [1.60283522 1.46258565 3.24837762 0.69824159 1.57434516 1.51248642
 3.03417651 0.82025438] REAL [0.49683223] FAKE [0.49738864] 
271 epoch LOSS [-1.33178217] Parameters [1.60283362 1.46256234 3.2478956  0.69441461 1.57434718 1.51252078
 3.03407667 0.81653581] REAL [0.52480001] FAKE [0.49693915] 
272 epoch LOSS [-1.44131783] Parameters [1.60283275 1.46257006 3.24795786 0.69082162 1.57438366 1.51250491
 3.03355421 0.81295387] REAL [0.47030015] FAKE [0.49688356] 
273 epoch LOSS [-1.44219213] Parameters [1.60283107 1.46257193 3.24755682 0.68745054 1.57437538 1.51251931
 3.03353113 0.80958096] REAL [0.47218148] FAKE [0.49932609] 
274 epoch LOSS [-1.35560485] Parameters [1.60283924 1.46257673 3.24772903 0.68418831 1.57437608 1.51250349
 3.0336003  0.80628263] REAL [0.51446694] FAKE [0.49891567] 
275 epoch LOSS [-1.43523445] Parameters [1.60283684 1.46255971 3.24741815 0.68117179 1.57438021 1.51250495
 3.03263861 0.80327989] REAL [0.47548667] FAKE [0.49933498] 
276 epoch LOSS [-1.35253758] Parameters [1.60286185 1.46254704 3.2468449  0.67823112 1.57436942 1.51249891
 3.03194549 0.80048005] REAL [0.51385548] FAKE [0.49677826] 
277 epoch LOSS [-1.32567328] Parameters [1.60285433 1.46253872 3.24687768 0.67560669 1.57436508 1.51250627
 3.03190935 0.79793009] REAL [0.52841667] FAKE [0.49732081] 
278 epoch LOSS [-1.34114833] Parameters [1.60284149 1.46254359 3.24637717 0.67310455 1.57435843 1.51251025
 3.03248342 0.79545006] REAL [0.52031708] FAKE [0.49733506] 
279 epoch LOSS [-1.32985367] Parameters [1.60283561 1.46254344 3.24652262 0.67092815 1.5743469  1.51250124
 3.03315389 0.79331131] REAL [0.52411359] FAKE [0.49530795] 
280 epoch LOSS [-1.37693681] Parameters [1.60284301 1.46252706 3.24697621 0.66902516 1.57433082 1.51249716
 3.03366449 0.79154543] REAL [0.49998459] FAKE [0.49528371] 
281 epoch LOSS [-1.40567415] Parameters [1.60283909 1.46250614 3.24671974 0.66734366 1.57433523 1.51249737
 3.03350746 0.7898926 ] REAL [0.48738412] FAKE [0.49690257] 
282 epoch LOSS [-1.32903508] Parameters [1.60283594 1.46250575 3.2460123  0.66585957 1.57432592 1.51248621
 3.0327104  0.788431  ] REAL [0.52595557] FAKE [0.49666359] 
283 epoch LOSS [-1.39711149] Parameters [1.60283503 1.4624984  3.24642593 0.66473919 1.57434086 1.51247724
 3.03328501 0.78714848] REAL [0.49122675] FAKE [0.49654555] 
284 epoch LOSS [-1.38135314] Parameters [1.60282808 1.4624988  3.24641854 0.66367995 1.5743602  1.51247761
 3.03353031 0.78616474] REAL [0.49779105] FAKE [0.49529353] 
285 epoch LOSS [-1.42695429] Parameters [1.60284007 1.46250256 3.2465895  0.66293278 1.57436615 1.51248001
 3.03402219 0.78539136] REAL [0.47708933] FAKE [0.49686802] 
286 epoch LOSS [-1.35861308] Parameters [1.6028449  1.46250665 3.24614931 0.66233835 1.5743585  1.51248763
 3.0340773  0.78478058] REAL [0.50888274] FAKE [0.49493868] 
287 epoch LOSS [-1.44917619] Parameters [1.60285864 1.46250295 3.24705405 0.66200538 1.57436441 1.5124749
 3.03510335 0.78449671] REAL [0.46515788] FAKE [0.49530338] 
288 epoch LOSS [-1.36631386] Parameters [1.60285733 1.46249782 3.24712275 0.66199102 1.57437028 1.51247948
 3.03529542 0.78447309] REAL [0.50463946] FAKE [0.49459886] 
289 epoch LOSS [-1.36191251] Parameters [1.60283565 1.46250222 3.2471425  0.66213116 1.57438132 1.51249875
 3.03512859 0.7845835 ] REAL [0.50794397] FAKE [0.49567197] 
290 epoch LOSS [-1.43284525] Parameters [1.60283037 1.46249048 3.24768227 0.66255498 1.57438474 1.51249656
 3.03508208 0.78501167] REAL [0.47422472] FAKE [0.49680186] 
291 epoch LOSS [-1.32650762] Parameters [1.60282818 1.46247878 3.24822279 0.66319032 1.57438703 1.51248657
 3.03545907 0.78563399] REAL [0.52759826] FAKE [0.49696094] 
292 epoch LOSS [-1.37381946] Parameters [1.60283818 1.46249667 3.24852447 0.66409962 1.57439057 1.51248041
 3.03535963 0.78646779] REAL [0.50414758] FAKE [0.49788857] 
293 epoch LOSS [-1.35615619] Parameters [1.60283614 1.46252006 3.24869338 0.66512749 1.57437917 1.51246613
 3.03531099 0.7875116 ] REAL [0.51350767] FAKE [0.49825632] 
294 epoch LOSS [-1.41750641] Parameters [1.60286372 1.46255364 3.24873624 0.66641539 1.57436807 1.5124944
 3.03479541 0.78877179] REAL [0.48016742] FAKE [0.49534788] 
295 epoch LOSS [-1.42541072] Parameters [1.6028774  1.46254566 3.24850348 0.66785264 1.57438658 1.51251697
 3.03489022 0.79024206] REAL [0.4765348] FAKE [0.49550442] 
296 epoch LOSS [-1.364975] Parameters [1.60288736 1.46255368 3.24790372 0.66955028 1.57439512 1.51253589
 3.03415854 0.79185059] REAL [0.50550348] FAKE [0.49478674] 
297 epoch LOSS [-1.32256071] Parameters [1.60291108 1.46252858 3.24833602 0.67125187 1.57440197 1.51256087
 3.03440551 0.79355618] REAL [0.52600527] FAKE [0.4934421] 
298 epoch LOSS [-1.35824403] Parameters [1.60287554 1.46252633 3.24841761 0.67330818 1.57438474 1.51255005
 3.03446745 0.79556372] REAL [0.50821709] FAKE [0.49409049] 
299 epoch LOSS [-1.37179501] Parameters [1.60286003 1.46257021 3.24809287 0.67537613 1.57438698 1.51253513
 3.03384715 0.79764046] REAL [0.50305628] FAKE [0.49577959] 
