RUN 20_11_2021__19_42_27 
0 epoch LOSS [-1.61347059] Parameters [1.5057359  1.54517756 1.69143613 1.69507406 1.60706695 1.58066022
 1.59002648 1.57156773] REAL [0.52592368] FAKE [0.62124716] 
1 epoch LOSS [-1.5760859] Parameters [1.5057288  1.54519355 1.69028494 1.69321462 1.60707169 1.58065551
 1.58889264 1.56964701] REAL [0.51335333] FAKE [0.59719189] 
2 epoch LOSS [-1.53431689] Parameters [1.50572084 1.54520084 1.68938697 1.69166521 1.60708021 1.58064745
 1.58800596 1.56803933] REAL [0.50948713] FAKE [0.57682362] 
3 epoch LOSS [-1.50573268] Parameters [1.50572828 1.54518628 1.68875313 1.69031962 1.60709516 1.58063942
 1.58738858 1.56664226] REAL [0.50367628] FAKE [0.55952921] 
4 epoch LOSS [-1.47717575] Parameters [1.50571968 1.54518387 1.68831638 1.68916005 1.60710184 1.58063233
 1.58694808 1.5654264 ] REAL [0.50141954] FAKE [0.54472954] 
5 epoch LOSS [-1.4516561] Parameters [1.50573099 1.54519017 1.68802974 1.68798414 1.60710286 1.58061854
 1.58668111 1.56426987] REAL [0.49985056] FAKE [0.5314957] 
6 epoch LOSS [-1.428739] Parameters [1.50571992 1.54519966 1.68791147 1.68690519 1.60709169 1.58061459
 1.58655708 1.56323147] REAL [0.49968277] FAKE [0.520474] 
7 epoch LOSS [-1.40534323] Parameters [1.50571619 1.54519132 1.68795369 1.68587299 1.60708788 1.58061363
 1.58659827 1.56223411] REAL [0.50090254] FAKE [0.51031821] 
8 epoch LOSS [-1.38468495] Parameters [1.50571718 1.54519698 1.68814852 1.6849411  1.60708595 1.58060706
 1.58680849 1.56132599] REAL [0.50234057] FAKE [0.50152806] 
9 epoch LOSS [-1.36150841] Parameters [1.50571824 1.54520063 1.68847791 1.68414468 1.60709139 1.58060945
 1.5871564  1.56051795] REAL [0.50575912] FAKE [0.49328858] 
10 epoch LOSS [-1.34735274] Parameters [1.50571778 1.5451975  1.68893988 1.68343603 1.60708425 1.5806059
 1.5876242  1.55991493] REAL [0.50591794] FAKE [0.48622607] 
11 epoch LOSS [-1.32957088] Parameters [1.50571948 1.54520225 1.6895486  1.68274985 1.6070775  1.58059546
 1.58826896 1.55920352] REAL [0.50833279] FAKE [0.47949299] 
12 epoch LOSS [-1.30436515] Parameters [1.50572151 1.54520412 1.69020268 1.68207153 1.60707744 1.58059353
 1.58892254 1.55850727] REAL [0.51543818] FAKE [0.47356491] 
13 epoch LOSS [-1.28412073] Parameters [1.50572573 1.54519416 1.69096675 1.68153073 1.6070739  1.58060137
 1.58967514 1.55800066] REAL [0.52001991] FAKE [0.46753204] 
14 epoch LOSS [-1.27822428] Parameters [1.50571676 1.5451962  1.69194678 1.68100697 1.6070748  1.58060945
 1.59062305 1.55748194] REAL [0.51782602] FAKE [0.46211383] 
15 epoch LOSS [-1.2605282] Parameters [1.50571756 1.54519973 1.69298737 1.68052863 1.60706901 1.58062137
 1.59163375 1.55700268] REAL [0.52197045] FAKE [0.45685769] 
16 epoch LOSS [-1.22992558] Parameters [1.50570775 1.54520111 1.69431596 1.68003238 1.60707593 1.58061846
 1.59291471 1.55650589] REAL [0.53347671] FAKE [0.45205793] 
17 epoch LOSS [-1.2209848] Parameters [1.50570289 1.54520948 1.69565095 1.67961476 1.60708662 1.58061981
 1.59426008 1.55608242] REAL [0.53362809] FAKE [0.44729377] 
18 epoch LOSS [-1.20436622] Parameters [1.50570134 1.54521263 1.69710179 1.67921857 1.6070808  1.58062506
 1.59566401 1.5557231 ] REAL [0.53859224] FAKE [0.44321143] 
19 epoch LOSS [-1.18292143] Parameters [1.5056951  1.54521654 1.69879443 1.67886345 1.60708479 1.58062437
 1.59729047 1.5553828 ] REAL [0.54590005] FAKE [0.43875741] 
20 epoch LOSS [-1.17400374] Parameters [1.50569796 1.54522328 1.70056484 1.67854104 1.60708328 1.58063125
 1.59906405 1.55508219] REAL [0.54656033] FAKE [0.43441414] 
21 epoch LOSS [-1.14301353] Parameters [1.50568194 1.54522521 1.70268008 1.67823144 1.60708917 1.58063272
 1.60114753 1.55476134] REAL [0.55937677] FAKE [0.42997868] 
22 epoch LOSS [-1.14428644] Parameters [1.50568968 1.54522365 1.70490689 1.67800806 1.60708286 1.58064859
 1.60343014 1.55449775] REAL [0.55464682] FAKE [0.42584892] 
23 epoch LOSS [-1.13210399] Parameters [1.50570626 1.54522518 1.70719508 1.67778323 1.60707901 1.58063971
 1.60577643 1.55428974] REAL [0.55770352] FAKE [0.42199699] 
24 epoch LOSS [-1.11290238] Parameters [1.5056966  1.54524857 1.70978887 1.67758238 1.60705723 1.58064014
 1.60833769 1.55408277] REAL [0.56400843] FAKE [0.41737779] 
25 epoch LOSS [-1.09039743] Parameters [1.50568826 1.54524873 1.71280865 1.67743296 1.60706925 1.58062529
 1.61140109 1.55387746] REAL [0.57293025] FAKE [0.41339648] 
26 epoch LOSS [-1.07737717] Parameters [1.50569104 1.5452288  1.7159935  1.67725628 1.60708327 1.58062576
 1.61453087 1.55369817] REAL [0.57625636] FAKE [0.40913903] 
27 epoch LOSS [-1.05100044] Parameters [1.50567782 1.5452562  1.71951134 1.67712423 1.60708245 1.58061846
 1.61802329 1.55359211] REAL [0.58773946] FAKE [0.40519932] 
28 epoch LOSS [-1.04986701] Parameters [1.50567424 1.54526053 1.72297775 1.6770057  1.60709559 1.58062428
 1.6215562  1.55344737] REAL [0.58411017] FAKE [0.40082487] 
29 epoch LOSS [-1.02844477] Parameters [1.50567084 1.54526996 1.72691091 1.67688646 1.6070761  1.58061934
 1.6255138  1.55339464] REAL [0.59268931] FAKE [0.39671153] 
30 epoch LOSS [-1.00468266] Parameters [1.50566392 1.54527224 1.7311733  1.676803   1.60708051 1.5806318
 1.6298346  1.55332109] REAL [0.60321815] FAKE [0.39298773] 
31 epoch LOSS [-0.98065906] Parameters [1.50568344 1.54526262 1.73587878 1.67674783 1.60708328 1.58065095
 1.63451899 1.55328139] REAL [0.61330419] FAKE [0.38845383] 
32 epoch LOSS [-0.98649558] Parameters [1.50564809 1.54525073 1.74100691 1.67676234 1.60707484 1.58065991
 1.63951565 1.55327332] REAL [0.60448321] FAKE [0.38314062] 
33 epoch LOSS [-0.95684542] Parameters [1.50565152 1.54524519 1.74645099 1.67678041 1.60711751 1.58067485
 1.64496846 1.55325854] REAL [0.61987289] FAKE [0.38035254] 
34 epoch LOSS [-0.96113407] Parameters [1.50563715 1.54524969 1.75245486 1.67679039 1.60714452 1.58066789
 1.65108923 1.55328021] REAL [0.61197901] FAKE [0.37504572] 
35 epoch LOSS [-0.93685596] Parameters [1.50559875 1.54526739 1.75891876 1.67692353 1.60713394 1.58067713
 1.65742187 1.55332059] REAL [0.62309359] FAKE [0.37110905] 
36 epoch LOSS [-0.91588312] Parameters [1.50559629 1.54526316 1.76556215 1.67695709 1.60711495 1.58069879
 1.66409064 1.55340717] REAL [0.6301781] FAKE [0.36500002] 
37 epoch LOSS [-0.89214666] Parameters [1.50562529 1.54526635 1.77278992 1.67709332 1.60712145 1.58068696
 1.67157811 1.55349447] REAL [0.64157776] FAKE [0.36130087] 
38 epoch LOSS [-0.90315245] Parameters [1.50565633 1.54524711 1.78098434 1.67720088 1.60709827 1.58070654
 1.67975055 1.55359008] REAL [0.63102594] FAKE [0.35772848] 
39 epoch LOSS [-0.86937585] Parameters [1.50567862 1.54521037 1.78962709 1.67730179 1.60711571 1.58074615
 1.68834475 1.5537616 ] REAL [0.64738725] FAKE [0.35245385] 
40 epoch LOSS [-0.87918629] Parameters [1.50572008 1.54523429 1.79911704 1.67741142 1.60707187 1.58072529
 1.69789701 1.55395871] REAL [0.63727715] FAKE [0.34860278] 
41 epoch LOSS [-0.85935082] Parameters [1.50564473 1.54523264 1.80905635 1.67762153 1.60705332 1.58077963
 1.70776599 1.55417693] REAL [0.64634448] FAKE [0.34487431] 
42 epoch LOSS [-0.84482051] Parameters [1.50568017 1.54525983 1.82044626 1.67782548 1.60706485 1.58080636
 1.71882445 1.55438847] REAL [0.6526072] FAKE [0.34166453] 
43 epoch LOSS [-0.82948527] Parameters [1.50568771 1.54523625 1.83178894 1.67812385 1.60704436 1.58077945
 1.73044081 1.55465069] REAL [0.65839888] FAKE [0.33737161] 
44 epoch LOSS [-0.81285165] Parameters [1.50574273 1.54522153 1.84469734 1.67842091 1.60703781 1.58076451
 1.74358142 1.55488337] REAL [0.66396791] FAKE [0.33190853] 
45 epoch LOSS [-0.79327295] Parameters [1.50569782 1.5452778  1.85893434 1.67875067 1.60699814 1.58077739
 1.75767855 1.55514238] REAL [0.67435291] FAKE [0.32919128] 
46 epoch LOSS [-0.79797424] Parameters [1.50570406 1.54525645 1.8741858  1.67916377 1.60704157 1.58085531
 1.77297294 1.55549506] REAL [0.66787909] FAKE [0.32586583] 
47 epoch LOSS [-0.7919551] Parameters [1.50562907 1.54530589 1.89089217 1.67944087 1.60697605 1.58077101
 1.7898038  1.5559759 ] REAL [0.67023389] FAKE [0.32417868] 
48 epoch LOSS [-0.7880916] Parameters [1.50562543 1.54533795 1.90847619 1.67971754 1.60709642 1.58073542
 1.80777393 1.5563874 ] REAL [0.66959966] FAKE [0.32091999] 
49 epoch LOSS [-0.75391914] Parameters [1.50564671 1.54540093 1.92805348 1.68012237 1.60698356 1.58052898
 1.82738795 1.55684743] REAL [0.68469043] FAKE [0.31280052] 
50 epoch LOSS [-0.73544601] Parameters [1.50554949 1.54532901 1.9490637  1.68065542 1.60695392 1.58059484
 1.84836531 1.5573036 ] REAL [0.6964102] FAKE [0.31176821] 
51 epoch LOSS [-0.73567432] Parameters [1.50542806 1.54538826 1.97205901 1.68133075 1.60691624 1.58059122
 1.87095593 1.55789808] REAL [0.69280879] FAKE [0.30834852] 
52 epoch LOSS [-0.75422785] Parameters [1.50540935 1.54532128 1.99690129 1.68192037 1.60681005 1.58068772
 1.89594976 1.55861616] REAL [0.68132696] FAKE [0.30962122] 
53 epoch LOSS [-0.75804414] Parameters [1.50558962 1.54524241 2.02382362 1.68246392 1.60674356 1.58077034
 1.92267106 1.55914791] REAL [0.68146559] FAKE [0.31239079] 
54 epoch LOSS [-0.7499835] Parameters [1.5055329  1.54536479 2.05350429 1.68332962 1.6066826  1.58081911
 1.95254473 1.55962745] REAL [0.68318709] FAKE [0.3085725] 
55 epoch LOSS [-0.72910941] Parameters [1.50550752 1.54542678 2.0859712  1.68389922 1.6066537  1.58053731
 1.98535979 1.56029847] REAL [0.7000679] FAKE [0.31101203] 
56 epoch LOSS [-0.71732308] Parameters [1.50555873 1.5453     2.12122763 1.68469825 1.60667244 1.58064646
 2.02082186 1.56102581] REAL [0.70826807] FAKE [0.31091487] 
57 epoch LOSS [-0.74270819] Parameters [1.50572557 1.54541292 2.15906997 1.68566448 1.60682361 1.58062104
 2.05883097 1.56186796] REAL [0.69172361] FAKE [0.31211897] 
58 epoch LOSS [-0.76486599] Parameters [1.50594778 1.54589839 2.20102963 1.68675382 1.60664223 1.58088263
 2.10116026 1.56292411] REAL [0.68234546] FAKE [0.31794624] 
59 epoch LOSS [-0.73415241] Parameters [1.50589772 1.545613   2.24555326 1.68789802 1.60642006 1.58116007
 2.14575771 1.56406971] REAL [0.70330242] FAKE [0.3176306] 
60 epoch LOSS [-0.74775253] Parameters [1.50596797 1.54555477 2.29336793 1.68908767 1.60662695 1.58119745
 2.19301522 1.56526523] REAL [0.70533236] FAKE [0.3287854] 
61 epoch LOSS [-0.80816892] Parameters [1.50597871 1.54542321 2.34416611 1.69008931 1.60659284 1.58158088
 2.24381322 1.56599156] REAL [0.67000135] FAKE [0.33481719] 
62 epoch LOSS [-0.84027609] Parameters [1.50617703 1.54515548 2.39705029 1.69101652 1.60686773 1.58161339
 2.29699142 1.56729425] REAL [0.66737529] FAKE [0.35330037] 
63 epoch LOSS [-0.85196542] Parameters [1.50649587 1.54515086 2.45184791 1.69197008 1.60691564 1.58157524
 2.35155304 1.56833025] REAL [0.6738064] FAKE [0.3669165] 
64 epoch LOSS [-0.90380707] Parameters [1.50633614 1.54484053 2.50724464 1.6934357  1.60740979 1.58166182
 2.40700314 1.56957631] REAL [0.65635295] FAKE [0.38291621] 
65 epoch LOSS [-0.92910474] Parameters [1.50628036 1.54485156 2.56194629 1.69524077 1.6073942  1.58141403
 2.46162074 1.57081974] REAL [0.63492623] FAKE [0.3780268] 
66 epoch LOSS [-0.91717715] Parameters [1.50614593 1.54510114 2.61546999 1.69698975 1.60704882 1.58108035
 2.51516748 1.57213779] REAL [0.64700036] FAKE [0.3823101] 
67 epoch LOSS [-0.97496088] Parameters [1.50637793 1.54510837 2.66690849 1.69874646 1.60691003 1.58092637
 2.56649635 1.57437872] REAL [0.62941951] FAKE [0.40070636] 
68 epoch LOSS [-0.95873426] Parameters [1.50641403 1.54517949 2.71522646 1.70119782 1.60677474 1.58076955
 2.61512067 1.57629589] REAL [0.63830084] FAKE [0.39937752] 
69 epoch LOSS [-1.05935708] Parameters [1.50669759 1.54535725 2.76010641 1.70374797 1.60670825 1.58125522
 2.66015302 1.57882678] REAL [0.59997624] FAKE [0.42217942] 
70 epoch LOSS [-1.04568538] Parameters [1.50659298 1.54546102 2.80166143 1.70668348 1.60678287 1.58129907
 2.70147058 1.58114326] REAL [0.59908881] FAKE [0.41335766] 
71 epoch LOSS [-1.05256943] Parameters [1.50678342 1.54534971 2.83928602 1.70974443 1.60689275 1.5813274
 2.73921536 1.58461622] REAL [0.59067671] FAKE [0.40908494] 
72 epoch LOSS [-1.09079032] Parameters [1.50695703 1.54541223 2.87355282 1.71355236 1.60681473 1.5815671
 2.7736801  1.58857304] REAL [0.57556599] FAKE [0.41631214] 
73 epoch LOSS [-1.07992165] Parameters [1.50701929 1.54577006 2.9042172  1.7173519  1.60692341 1.58176762
 2.80429683 1.5929207 ] REAL [0.57879152] FAKE [0.413222] 
74 epoch LOSS [-1.10440346] Parameters [1.50693066 1.5459264  2.93159218 1.7223219  1.60706926 1.581818
 2.83170149 1.59793453] REAL [0.55973493] FAKE [0.40791881] 
75 epoch LOSS [-1.04656265] Parameters [1.50666777 1.54585791 2.95590406 1.72838132 1.6071179  1.58194258
 2.85597668 1.60388151] REAL [0.59491542] FAKE [0.40976034] 
76 epoch LOSS [-1.10494961] Parameters [1.50677577 1.54595529 2.97805259 1.73395839 1.6071455  1.58201777
 2.87807545 1.60947387] REAL [0.55708305] FAKE [0.40542515] 
77 epoch LOSS [-1.03289585] Parameters [1.50685567 1.54605719 2.99813709 1.74108072 1.60713888 1.5819257
 2.89807503 1.61681643] REAL [0.59729478] FAKE [0.40402189] 
78 epoch LOSS [-1.04758919] Parameters [1.50671752 1.54599688 3.01610023 1.74916405 1.60727266 1.58190451
 2.91619903 1.62486519] REAL [0.58018204] FAKE [0.39539252] 
79 epoch LOSS [-1.08321352] Parameters [1.50658558 1.54612249 3.03231509 1.75827424 1.60720062 1.58187567
 2.93228304 1.6340687 ] REAL [0.56069736] FAKE [0.39627684] 
80 epoch LOSS [-1.08770715] Parameters [1.50641021 1.54607315 3.04631498 1.76790102 1.60720825 1.58178577
 2.94656745 1.64367151] REAL [0.55633747] FAKE [0.39427364] 
81 epoch LOSS [-1.08326551] Parameters [1.50649189 1.54598416 3.05938126 1.77883417 1.60718603 1.58173593
 2.95944854 1.65496054] REAL [0.55648353] FAKE [0.39173692] 
82 epoch LOSS [-1.04821753] Parameters [1.50651422 1.54602394 3.0712178  1.79218821 1.607182   1.5818185
 2.97081377 1.66764727] REAL [0.57460172] FAKE [0.38990427] 
83 epoch LOSS [-1.07066125] Parameters [1.50665653 1.54593629 3.08227319 1.80647887 1.60703917 1.58183918
 2.98175279 1.68220159] REAL [0.56037683] FAKE [0.3883013] 
84 epoch LOSS [-1.02995964] Parameters [1.50665657 1.54601022 3.09266647 1.8223281  1.60702083 1.58169438
 2.99185592 1.69800386] REAL [0.58237172] FAKE [0.38695278] 
85 epoch LOSS [-1.02621725] Parameters [1.50657054 1.5460643  3.1014027  1.84063278 1.60689958 1.58162705
 3.00038007 1.71630338] REAL [0.58140609] FAKE [0.38363221] 
86 epoch LOSS [-1.04111074] Parameters [1.50647451 1.54622003 3.10914217 1.86147599 1.60676792 1.58168958
 3.00807528 1.73737533] REAL [0.56703277] FAKE [0.37735114] 
87 epoch LOSS [-0.99275981] Parameters [1.50660189 1.54622833 3.11644003 1.88524502 1.6066719  1.58167781
 3.01491081 1.76070196] REAL [0.59625904] FAKE [0.37853752] 
88 epoch LOSS [-1.02823562] Parameters [1.50664716 1.54630063 3.12277197 1.91206071 1.60664818 1.58157365
 3.02148615 1.78706595] REAL [0.57607476] FAKE [0.37918229] 
89 epoch LOSS [-1.05637447] Parameters [1.50661502 1.54643433 3.12900401 1.94225007 1.60665426 1.58174428
 3.0276796  1.81758516] REAL [0.56386883] FAKE [0.38334209] 
90 epoch LOSS [-1.01158052] Parameters [1.50676152 1.54655214 3.13416334 1.97626225 1.60655004 1.58165522
 3.0329669  1.85195292] REAL [0.59771186] FAKE [0.39160688] 
91 epoch LOSS [-1.05807848] Parameters [1.5070137  1.54651067 3.13962448 2.0155472  1.60663276 1.58176492
 3.03848283 1.8908993 ] REAL [0.56914417] FAKE [0.39009799] 
92 epoch LOSS [-1.04559423] Parameters [1.50687687 1.54659689 3.14460475 2.05935339 1.6064449  1.58198094
 3.04379134 1.93472389] REAL [0.58647397] FAKE [0.40068458] 
93 epoch LOSS [-1.04134901] Parameters [1.50714911 1.54660402 3.14889697 2.10926545 1.60643583 1.58233858
 3.04856364 1.98423099] REAL [0.59321375] FAKE [0.40497301] 
94 epoch LOSS [-1.04619697] Parameters [1.50683339 1.54650025 3.15348981 2.16413646 1.60642508 1.5826406
 3.05254562 2.03921394] REAL [0.59892115] FAKE [0.41349357] 
95 epoch LOSS [-1.10161506] Parameters [1.5067274  1.54609215 3.15790218 2.22450475 1.60640743 1.58275525
 3.05735991 2.09951639] REAL [0.59026388] FAKE [0.436974] 
96 epoch LOSS [-1.15442464] Parameters [1.50672064 1.54690635 3.16258466 2.28998031 1.6065369  1.58285577
 3.06139051 2.1651918 ] REAL [0.57390314] FAKE [0.45071069] 
97 epoch LOSS [-1.22784098] Parameters [1.50620362 1.54684564 3.16593293 2.35979896 1.60608878 1.58273269
 3.06579979 2.23525836] REAL [0.54254563] FAKE [0.46009274] 
98 epoch LOSS [-1.29472881] Parameters [1.50645819 1.54749455 3.16928193 2.43319086 1.6057775  1.58293485
 3.06858586 2.30823871] REAL [0.54318706] FAKE [0.49562098] 
99 epoch LOSS [-1.32991769] Parameters [1.5060842  1.54761037 3.17199346 2.50745295 1.60518487 1.58287343
 3.07123363 2.38279267] REAL [0.54939118] FAKE [0.51855974] 
100 epoch LOSS [-1.50512427] Parameters [1.50645873 1.54737793 3.17731246 2.58066922 1.60521322 1.58255188
 3.07533191 2.45576332] REAL [0.51317142] FAKE [0.56741607] 
101 epoch LOSS [-1.53598652] Parameters [1.50621354 1.54700361 3.18012481 2.65100318 1.60553933 1.58253346
 3.07750091 2.52601027] REAL [0.50976488] FAKE [0.57775976] 
102 epoch LOSS [-1.64479542] Parameters [1.50599243 1.54658161 3.18258185 2.7156469  1.60584975 1.58271447
 3.07912572 2.59070592] REAL [0.48622649] FAKE [0.60295859] 
103 epoch LOSS [-1.63027606] Parameters [1.50568968 1.54725954 3.18620818 2.77363549 1.60579825 1.58234025
 3.08226905 2.6484575 ] REAL [0.49556539] FAKE [0.60474339] 
104 epoch LOSS [-1.62492102] Parameters [1.50549978 1.54772197 3.1881896  2.82482015 1.60585803 1.58187692
 3.08423962 2.69918755] REAL [0.50460303] FAKE [0.60973832] 
105 epoch LOSS [-1.6650542] Parameters [1.5054262  1.54790772 3.18942283 2.86856899 1.60592062 1.58161028
 3.08655302 2.7428135 ] REAL [0.49642146] FAKE [0.61891172] 
106 epoch LOSS [-1.71545354] Parameters [1.50537774 1.54812244 3.18968845 2.9052955  1.60618055 1.58139846
 3.0868225  2.77985377] REAL [0.47272329] FAKE [0.61947693] 
107 epoch LOSS [-1.67045479] Parameters [1.50558797 1.54817385 3.19023806 2.93650946 1.60603206 1.58153305
 3.08789653 2.81099674] REAL [0.49411475] FAKE [0.61919479] 
108 epoch LOSS [-1.73196672] Parameters [1.50551235 1.54818004 3.19005086 2.96432532 1.60594771 1.58147496
 3.08845656 2.83845472] REAL [0.4643714] FAKE [0.61897722] 
109 epoch LOSS [-1.6569261] Parameters [1.5054511  1.54827569 3.19094858 2.98696595 1.60600988 1.58146697
 3.08865997 2.86110785] REAL [0.49501354] FAKE [0.61470883] 
110 epoch LOSS [-1.67101165] Parameters [1.50546138 1.5480209  3.19068827 3.00632938 1.6059996  1.58155915
 3.08880379 2.88070681] REAL [0.47951463] FAKE [0.60781859] 
111 epoch LOSS [-1.6230616] Parameters [1.5054159  1.5480127  3.1918766  3.02352416 1.60604528 1.58147243
 3.09068772 2.89816147] REAL [0.49827662] FAKE [0.60404777] 
112 epoch LOSS [-1.63973701] Parameters [1.50544588 1.54786444 3.1922015  3.0380373  1.60598449 1.58137912
 3.09156824 2.91258577] REAL [0.48220946] FAKE [0.59762078] 
113 epoch LOSS [-1.62455938] Parameters [1.50548099 1.54793239 3.19244105 3.05093248 1.6059838  1.5814089
 3.09134359 2.9254912 ] REAL [0.48249857] FAKE [0.59171183] 
114 epoch LOSS [-1.59356968] Parameters [1.50543265 1.54792669 3.19234506 3.06188506 1.60601147 1.58141992
 3.09101374 2.93642251] REAL [0.49247799] FAKE [0.58739484] 
115 epoch LOSS [-1.65898889] Parameters [1.50541589 1.54798832 3.19218989 3.07161745 1.6060524  1.58136263
 3.09167956 2.94640312] REAL [0.45510741] FAKE [0.58178811] 
116 epoch LOSS [-1.65420933] Parameters [1.50548197 1.54793099 3.19215117 3.08007644 1.60603081 1.58134032
 3.09239772 2.9546523 ] REAL [0.4546871] FAKE [0.57939601] 
117 epoch LOSS [-1.58707994] Parameters [1.50548908 1.54786136 3.19139202 3.08762354 1.60609421 1.58137993
 3.09167084 2.96211467] REAL [0.48237251] FAKE [0.57600827] 
118 epoch LOSS [-1.58980887] Parameters [1.50541718 1.54787422 3.19067053 3.09407419 1.60604937 1.58137508
 3.09115842 2.96850278] REAL [0.47488147] FAKE [0.57049368] 
119 epoch LOSS [-1.57572199] Parameters [1.5054415  1.5478733  3.19014856 3.09989892 1.60605524 1.5814114
 3.09127776 2.97409471] REAL [0.47731452] FAKE [0.56662088] 
120 epoch LOSS [-1.53658646] Parameters [1.50545542 1.5478812  3.19050926 3.10496174 1.60602084 1.58141107
 3.09106895 2.97888971] REAL [0.49100877] FAKE [0.56189347] 
121 epoch LOSS [-1.51407162] Parameters [1.50547479 1.54788904 3.19060015 3.1097968  1.60601272 1.58140322
 3.09084276 2.98348275] REAL [0.49752398] FAKE [0.55778545] 
122 epoch LOSS [-1.55497449] Parameters [1.50546269 1.54787396 3.1909521  3.11384662 1.60599771 1.58138653
 3.09165029 2.98741887] REAL [0.47314606] FAKE [0.55363727] 
123 epoch LOSS [-1.50287343] Parameters [1.50547202 1.54784411 3.18992266 3.11735285 1.60600213 1.58144197
 3.09092156 2.99105209] REAL [0.49484087] FAKE [0.55038085] 
124 epoch LOSS [-1.51135511] Parameters [1.50547709 1.54785005 3.19019625 3.12033296 1.60598893 1.58143887
 3.09131779 2.99405669] REAL [0.486224] FAKE [0.54627739] 
125 epoch LOSS [-1.51821577] Parameters [1.50547068 1.54786635 3.1899192  3.12311532 1.606031   1.5814254
 3.0915286  2.99672104] REAL [0.47907514] FAKE [0.54265532] 
126 epoch LOSS [-1.45147037] Parameters [1.5054767  1.54786771 3.1903317  3.12536053 1.60602481 1.58141793
 3.09221349 2.99904486] REAL [0.50783773] FAKE [0.53877858] 
127 epoch LOSS [-1.47933017] Parameters [1.505473   1.54787226 3.18985582 3.12762942 1.60601019 1.58142627
 3.09149744 3.00124696] REAL [0.49033202] FAKE [0.53543679] 
128 epoch LOSS [-1.4406145] Parameters [1.50545885 1.54785982 3.18953142 3.12953081 1.60598723 1.5814186
 3.09150576 3.00310257] REAL [0.50701338] FAKE [0.53298627] 
129 epoch LOSS [-1.44387988] Parameters [1.50546041 1.54785165 3.18986952 3.13121197 1.60597991 1.58141262
 3.09172018 3.0048312 ] REAL [0.50148168] FAKE [0.52937406] 
130 epoch LOSS [-1.40745457] Parameters [1.50545618 1.54783427 3.19018743 3.13269096 1.60598936 1.58139234
 3.09208245 3.00630997] REAL [0.517098] FAKE [0.52665544] 
131 epoch LOSS [-1.4364332] Parameters [1.50546262 1.54782809 3.19063193 3.13389891 1.6059975  1.58138612
 3.09231555 3.00748591] REAL [0.49941198] FAKE [0.5238914] 
132 epoch LOSS [-1.42632725] Parameters [1.50545323 1.54783685 3.19041632 3.13483552 1.60599467 1.58137542
 3.09235312 3.00841748] REAL [0.50188252] FAKE [0.52142294] 
133 epoch LOSS [-1.40023381] Parameters [1.50544603 1.54783982 3.18982784 3.13562047 1.60599084 1.58138247
 3.09181679 3.00916142] REAL [0.5128122] FAKE [0.51924055] 
134 epoch LOSS [-1.42899875] Parameters [1.50544919 1.54783257 3.19017866 3.13627068 1.60599233 1.58137927
 3.09224995 3.00981294] REAL [0.49596873] FAKE [0.51700856] 
135 epoch LOSS [-1.42033169] Parameters [1.50545373 1.54782802 3.19034542 3.13664609 1.60598891 1.58138425
 3.09211483 3.01021314] REAL [0.49756457] FAKE [0.51436684] 
136 epoch LOSS [-1.34873209] Parameters [1.50544788 1.54782394 3.18962897 3.13690674 1.60599924 1.58138421
 3.09172963 3.01046858] REAL [0.53199456] FAKE [0.51208305] 
137 epoch LOSS [-1.38196111] Parameters [1.50545266 1.54782629 3.1896073  3.1370006  1.60600409 1.58138734
 3.0917154  3.01056688] REAL [0.51207628] FAKE [0.50967136] 
138 epoch LOSS [-1.3322708] Parameters [1.50544871 1.54783301 3.19010256 3.13692461 1.60600258 1.58138883
 3.09199086 3.01049119] REAL [0.53508538] FAKE [0.50684998] 
139 epoch LOSS [-1.32168156] Parameters [1.50544571 1.54783627 3.18957528 3.13669633 1.60600326 1.58138379
 3.09149653 3.01025723] REAL [0.53728368] FAKE [0.50363935] 
140 epoch LOSS [-1.32908511] Parameters [1.50544663 1.54782955 3.18972972 3.13627563 1.60600022 1.58138712
 3.09169756 3.0098294 ] REAL [0.52993723] FAKE [0.50047039] 
141 epoch LOSS [-1.35814855] Parameters [1.50545144 1.54782784 3.19014789 3.13570249 1.60600645 1.58138551
 3.09210406 3.00926561] REAL [0.51274974] FAKE [0.49851479] 
142 epoch LOSS [-1.34240903] Parameters [1.50544803 1.54783045 3.18985619 3.134992   1.60600316 1.58138399
 3.09220559 3.00857519] REAL [0.51903209] FAKE [0.49672547] 
143 epoch LOSS [-1.30523283] Parameters [1.50544712 1.54783075 3.18950073 3.13404971 1.60600395 1.58137965
 3.09233664 3.0076635 ] REAL [0.53636335] FAKE [0.49454152] 
144 epoch LOSS [-1.28031774] Parameters [1.50545079 1.54782638 3.18973254 3.13300459 1.60601094 1.58137372
 3.0926258  3.00665489] REAL [0.54735698] FAKE [0.492198] 
145 epoch LOSS [-1.29564715] Parameters [1.50545572 1.54781573 3.19014005 3.13171748 1.60601156 1.58137621
 3.09264476 3.00538867] REAL [0.53672482] FAKE [0.49001675] 
146 epoch LOSS [-1.29484698] Parameters [1.50544948 1.54781041 3.190341   3.13033646 1.60600814 1.58137762
 3.0927487  3.00403636] REAL [0.53567403] FAKE [0.48860732] 
147 epoch LOSS [-1.3091894] Parameters [1.50544796 1.54781291 3.1905653  3.1287783  1.60600257 1.58137394
 3.09293381 3.00256328] REAL [0.52595178] FAKE [0.48657107] 
148 epoch LOSS [-1.28623937] Parameters [1.50544935 1.54781054 3.19037207 3.12688448 1.60600278 1.58137458
 3.09275588 3.00071811] REAL [0.53569657] FAKE [0.48420816] 
149 epoch LOSS [-1.27605603] Parameters [1.50545769 1.54780443 3.19052091 3.12475792 1.60599886 1.58138447
 3.09309528 2.99858276] REAL [0.53923469] FAKE [0.48234778] 
150 epoch LOSS [-1.25405331] Parameters [1.50545767 1.54779056 3.19109097 3.12260387 1.60599484 1.58138885
 3.09352448 2.99638082] REAL [0.54906159] FAKE [0.48030265] 
151 epoch LOSS [-1.24264529] Parameters [1.50547099 1.54778167 3.19120825 3.12004618 1.60599184 1.58137879
 3.09376873 2.99378361] REAL [0.55340647] FAKE [0.47846703] 
152 epoch LOSS [-1.24233607] Parameters [1.50547218 1.54778383 3.19146441 3.11729204 1.60598877 1.581365
 3.09414882 2.99100802] REAL [0.5504477] FAKE [0.47550151] 
153 epoch LOSS [-1.23261696] Parameters [1.50546726 1.54776648 3.19119004 3.11408351 1.60598882 1.58137551
 3.09411919 2.98797093] REAL [0.5526926] FAKE [0.47253019] 
154 epoch LOSS [-1.21714333] Parameters [1.50546629 1.54776757 3.1911646  3.11068896 1.60599461 1.58135809
 3.0940687  2.98461961] REAL [0.55903706] FAKE [0.47038441] 
155 epoch LOSS [-1.19014674] Parameters [1.50547402 1.54777286 3.19130093 3.10703872 1.60599859 1.581345
 3.09432821 2.98089555] REAL [0.57217914] FAKE [0.46838918] 
156 epoch LOSS [-1.1999619] Parameters [1.50547143 1.54776802 3.1914583  3.102967   1.60598601 1.58133348
 3.09457586 2.97675689] REAL [0.56515476] FAKE [0.46703857] 
157 epoch LOSS [-1.19213683] Parameters [1.50546708 1.5477535  3.19142694 3.0985596  1.60600305 1.58134461
 3.09426239 2.97236826] REAL [0.56758116] FAKE [0.46514806] 
158 epoch LOSS [-1.21333678] Parameters [1.50546489 1.54776526 3.19137113 3.09316701 1.60603114 1.58134122
 3.09414504 2.96707984] REAL [0.55329552] FAKE [0.46284778] 
159 epoch LOSS [-1.18498626] Parameters [1.50549585 1.54778477 3.19122293 3.0880683  1.60601646 1.58133907
 3.09387548 2.96184475] REAL [0.56715689] FAKE [0.46090687] 
160 epoch LOSS [-1.1898524] Parameters [1.50549362 1.5477827  3.19158867 3.08203449 1.60600295 1.58135577
 3.09409006 2.95558294] REAL [0.56312416] FAKE [0.45968191] 
161 epoch LOSS [-1.18714607] Parameters [1.50548734 1.54779937 3.19164601 3.07564577 1.60603043 1.58134559
 3.09427303 2.94901572] REAL [0.56277413] FAKE [0.45788068] 
162 epoch LOSS [-1.15191563] Parameters [1.50550029 1.54781191 3.19163679 3.06849342 1.60602649 1.58130516
 3.09415875 2.94172536] REAL [0.57991785] FAKE [0.45504214] 
163 epoch LOSS [-1.14372127] Parameters [1.50549708 1.54782956 3.19143878 3.06095396 1.60600169 1.58127371
 3.09387189 2.93422643] REAL [0.58209033] FAKE [0.45260884] 
164 epoch LOSS [-1.16864468] Parameters [1.50550247 1.54780304 3.19088841 3.05202535 1.60600238 1.58132151
 3.09342047 2.92531308] REAL [0.56565051] FAKE [0.45056556] 
165 epoch LOSS [-1.15619822] Parameters [1.5055006  1.54776843 3.19097064 3.04238016 1.60602552 1.58132934
 3.09330841 2.91556329] REAL [0.5719307] FAKE [0.44979304] 
166 epoch LOSS [-1.13346378] Parameters [1.50549572 1.54773566 3.19098939 3.03137186 1.60609046 1.58134026
 3.09343243 2.90447322] REAL [0.58242813] FAKE [0.44728584] 
167 epoch LOSS [-1.13521651] Parameters [1.50555358 1.54775248 3.19082256 3.0194696  1.60609769 1.58122861
 3.09304504 2.89269721] REAL [0.58013219] FAKE [0.44607014] 
168 epoch LOSS [-1.13374278] Parameters [1.50555152 1.5477794  3.19074247 3.00636075 1.6061589  1.58131765
 3.09315292 2.87946816] REAL [0.58043429] FAKE [0.44554193] 
169 epoch LOSS [-1.12916178] Parameters [1.50554653 1.54775371 3.19088016 2.99165817 1.60619478 1.58132016
 3.09332104 2.8651804 ] REAL [0.58177093] FAKE [0.44427587] 
170 epoch LOSS [-1.10163213] Parameters [1.50554144 1.54772095 3.19090428 2.97567823 1.60624671 1.58135277
 3.09326229 2.84900479] REAL [0.59609103] FAKE [0.44248743] 
171 epoch LOSS [-1.11987634] Parameters [1.50558439 1.54760581 3.19081319 2.95765678 1.60620062 1.58123303
 3.09316602 2.83117404] REAL [0.58367764] FAKE [0.44092403] 
172 epoch LOSS [-1.10295277] Parameters [1.50563822 1.54769234 3.19066347 2.93769668 1.60613033 1.581139
 3.09306806 2.81115417] REAL [0.59423383] FAKE [0.44148309] 
173 epoch LOSS [-1.09831532] Parameters [1.50557615 1.54781925 3.19042608 2.91516455 1.60615082 1.5811062
 3.09297932 2.78872167] REAL [0.59686828] FAKE [0.44136362] 
174 epoch LOSS [-1.10739468] Parameters [1.505547   1.54796023 3.19049259 2.88975744 1.60620804 1.58117991
 3.09291618 2.76300439] REAL [0.58823651] FAKE [0.43828939] 
175 epoch LOSS [-1.09250719] Parameters [1.50561727 1.54784711 3.19031777 2.86195821 1.60613161 1.5812389
 3.09275562 2.73565053] REAL [0.59993056] FAKE [0.44097764] 
176 epoch LOSS [-1.08293434] Parameters [1.50566604 1.54788116 3.19017387 2.8306095  1.60606991 1.58142135
 3.09265721 2.70469474] REAL [0.6052714] FAKE [0.4405807] 
177 epoch LOSS [-1.12098403] Parameters [1.50569336 1.54790856 3.18982927 2.79446255 1.60612281 1.58115881
 3.09244037 2.66862534] REAL [0.59069313] FAKE [0.4481756] 
178 epoch LOSS [-1.13979063] Parameters [1.50588329 1.54787689 3.18954792 2.75449043 1.60637421 1.58148605
 3.09242376 2.62827074] REAL [0.58104956] FAKE [0.44946866] 
179 epoch LOSS [-1.11537644] Parameters [1.50584704 1.5477398  3.18959844 2.70981911 1.60611344 1.58154227
 3.09238567 2.58381747] REAL [0.59704748] FAKE [0.45097857] 
180 epoch LOSS [-1.1617352] Parameters [1.50583641 1.54796811 3.18911649 2.65966122 1.60599275 1.58125151
 3.09210985 2.53394551] REAL [0.58494512] FAKE [0.46500504] 
181 epoch LOSS [-1.1808878] Parameters [1.50615352 1.54797018 3.18922604 2.60422349 1.60611529 1.58148021
 3.09218467 2.47870324] REAL [0.57904018] FAKE [0.4698018] 
182 epoch LOSS [-1.24361418] Parameters [1.50612477 1.54826358 3.18887773 2.54505408 1.60613879 1.58174497
 3.09219181 2.41985783] REAL [0.56472603] FAKE [0.48941574] 
183 epoch LOSS [-1.26880887] Parameters [1.50587804 1.54856415 3.18835436 2.48219508 1.60611635 1.58149332
 3.09207311 2.35699353] REAL [0.56360329] FAKE [0.50112725] 
184 epoch LOSS [-1.29197566] Parameters [1.50544617 1.54815828 3.18892177 2.41741046 1.60628113 1.58166148
 3.09302522 2.29217958] REAL [0.55838944] FAKE [0.50800022] 
185 epoch LOSS [-1.37809237] Parameters [1.50557762 1.54832353 3.18911857 2.3529002  1.60588248 1.58157703
 3.09372375 2.22791184] REAL [0.53838168] FAKE [0.53182112] 
186 epoch LOSS [-1.45445946] Parameters [1.50570936 1.54902606 3.18856493 2.29011982 1.60581833 1.58196896
 3.09311074 2.16487731] REAL [0.50966381] FAKE [0.54180274] 
187 epoch LOSS [-1.52987245] Parameters [1.50524758 1.54923738 3.18797754 2.23090054 1.6059114  1.58232863
 3.09280442 2.10600228] REAL [0.49494205] FAKE [0.56244718] 
188 epoch LOSS [-1.54427689] Parameters [1.5055684  1.54875796 3.18829192 2.17651357 1.60631341 1.58198828
 3.0937067  2.05179318] REAL [0.48783252] FAKE [0.56241914] 
189 epoch LOSS [-1.55754506] Parameters [1.50562197 1.5487693  3.18839908 2.12766079 1.60612684 1.58190891
 3.09334477 2.00282215] REAL [0.48471243] FAKE [0.56540711] 
190 epoch LOSS [-1.61113863] Parameters [1.50599872 1.54865507 3.18861154 2.08456893 1.60580043 1.58206722
 3.09388613 1.95949046] REAL [0.46581697] FAKE [0.5713764] 
191 epoch LOSS [-1.59370449] Parameters [1.50606058 1.54875816 3.18902944 2.04690817 1.60588328 1.58213685
 3.09504943 1.92180767] REAL [0.46728463] FAKE [0.56520811] 
192 epoch LOSS [-1.58548319] Parameters [1.50612821 1.54889821 3.18783986 2.01443709 1.60581564 1.58228741
 3.09461581 1.88961051] REAL [0.46105469] FAKE [0.55569525] 
193 epoch LOSS [-1.61482366] Parameters [1.50608449 1.54888334 3.18835938 1.98718751 1.60583444 1.58246288
 3.09536676 1.86213943] REAL [0.44286426] FAKE [0.55082005] 
194 epoch LOSS [-1.59117508] Parameters [1.50607822 1.54886602 3.18622891 1.96427507 1.60588504 1.58254103
 3.0940901  1.83947667] REAL [0.44864583] FAKE [0.54599796] 
195 epoch LOSS [-1.61328595] Parameters [1.50607273 1.54883808 3.18663482 1.94486292 1.60580755 1.58258642
 3.09453009 1.81995926] REAL [0.43178248] FAKE [0.53858279] 
196 epoch LOSS [-1.57164424] Parameters [1.50601775 1.54885362 3.1876287  1.92874617 1.60579306 1.58261158
 3.09538443 1.80376038] REAL [0.44220261] FAKE [0.53029814] 
197 epoch LOSS [-1.5813251] Parameters [1.50605698 1.54885002 3.1881649  1.91552321 1.60580474 1.58263691
 3.09488364 1.7903059 ] REAL [0.4315577] FAKE [0.52334916] 
198 epoch LOSS [-1.55185465] Parameters [1.50606707 1.54886016 3.18830573 1.90437906 1.60577185 1.58267081
 3.09491618 1.77928868] REAL [0.43825216] FAKE [0.51659179] 
199 epoch LOSS [-1.49000007] Parameters [1.50603758 1.54887503 3.18836267 1.89569702 1.60581032 1.58268914
 3.09574761 1.77056892] REAL [0.46019249] FAKE [0.51026441] 
200 epoch LOSS [-1.53877119] Parameters [1.50603333 1.54887822 3.18877004 1.88876468 1.60582046 1.58270345
 3.09601142 1.76358076] REAL [0.43327913] FAKE [0.50460412] 
201 epoch LOSS [-1.49011746] Parameters [1.50603424 1.54888329 3.18872126 1.88388282 1.60582336 1.5826967
 3.09618025 1.75876128] REAL [0.44975864] FAKE [0.49896196] 
202 epoch LOSS [-1.4528488] Parameters [1.50605001 1.54888794 3.18955725 1.88063475 1.60582257 1.58269642
 3.09678491 1.7555596 ] REAL [0.46118119] FAKE [0.49281757] 
203 epoch LOSS [-1.4257814] Parameters [1.50604431 1.54888652 3.19019163 1.8788087  1.60583404 1.5827057
 3.09682563 1.7536916 ] REAL [0.46780723] FAKE [0.48628283] 
204 epoch LOSS [-1.44844634] Parameters [1.50602335 1.54889856 3.19013265 1.87823737 1.6058251  1.5826694
 3.09689295 1.75310559] REAL [0.45308146] FAKE [0.48147291] 
205 epoch LOSS [-1.42296706] Parameters [1.506029   1.54890043 3.18955599 1.87884918 1.60584115 1.58261914
 3.09626838 1.75376975] REAL [0.46058677] FAKE [0.47675897] 
206 epoch LOSS [-1.39134186] Parameters [1.5060103  1.54885848 3.18978934 1.88072027 1.60584531 1.58261312
 3.09592531 1.75568194] REAL [0.47089575] FAKE [0.47176991] 
207 epoch LOSS [-1.34649514] Parameters [1.50598963 1.54886973 3.19058859 1.88371496 1.60582096 1.58259788
 3.09637646 1.75869234] REAL [0.4875091] FAKE [0.466368] 
208 epoch LOSS [-1.34702102] Parameters [1.50598424 1.54889961 3.19023648 1.88780646 1.60581525 1.5825749
 3.09597408 1.76282044] REAL [0.48233339] FAKE [0.46092539] 
209 epoch LOSS [-1.36762117] Parameters [1.50590289 1.54889357 3.18960771 1.89302098 1.60581514 1.58253038
 3.09595054 1.76801697] REAL [0.46877816] FAKE [0.45664671] 
210 epoch LOSS [-1.36773368] Parameters [1.50596377 1.5488361  3.18975547 1.89928511 1.60587729 1.58250526
 3.09596497 1.77425812] REAL [0.46781432] FAKE [0.45558849] 
211 epoch LOSS [-1.27290939] Parameters [1.50600463 1.54890488 3.18998677 1.90665451 1.6058472  1.58252491
 3.09630832 1.78159965] REAL [0.50951905] FAKE [0.45043123] 
212 epoch LOSS [-1.28472779] Parameters [1.50597539 1.54893179 3.18946365 1.91509165 1.60574361 1.58244639
 3.09586517 1.79001659] REAL [0.50326349] FAKE [0.45013715] 
213 epoch LOSS [-1.29083251] Parameters [1.50600671 1.54885494 3.18966762 1.92451029 1.60577586 1.58251965
 3.09599429 1.79952109] REAL [0.49668585] FAKE [0.44624613] 
214 epoch LOSS [-1.27054524] Parameters [1.50599299 1.54884805 3.19029897 1.93514961 1.60583484 1.58258718
 3.09626728 1.81005323] REAL [0.50562599] FAKE [0.44488901] 
215 epoch LOSS [-1.27467467] Parameters [1.50604545 1.54882509 3.18979367 1.94685768 1.60579427 1.58256329
 3.09562474 1.82178612] REAL [0.50216663] FAKE [0.44336825] 
216 epoch LOSS [-1.24630484] Parameters [1.50600163 1.54881139 3.18944487 1.95988513 1.6057392  1.5826282
 3.09538006 1.83472841] REAL [0.51434255] FAKE [0.44090677] 
217 epoch LOSS [-1.23535002] Parameters [1.50613519 1.54879087 3.1890504  1.97412006 1.60579022 1.58274623
 3.09506774 1.84898322] REAL [0.51777215] FAKE [0.43849243] 
218 epoch LOSS [-1.23998158] Parameters [1.50624449 1.54866218 3.18888746 1.98951755 1.60579518 1.58259485
 3.0951556  1.86440292] REAL [0.51701146] FAKE [0.44026473] 
219 epoch LOSS [-1.2144447] Parameters [1.50619152 1.54845651 3.18823326 2.00630845 1.60569576 1.58256537
 3.09469586 1.88115695] REAL [0.52542561] FAKE [0.43498219] 
220 epoch LOSS [-1.27265516] Parameters [1.50612802 1.54859952 3.18786158 2.02440401 1.60586466 1.58248323
 3.09483312 1.89920438] REAL [0.49635423] FAKE [0.43571155] 
221 epoch LOSS [-1.19773611] Parameters [1.50624173 1.54845007 3.18730133 2.04399125 1.60595048 1.58257741
 3.09453514 1.91888778] REAL [0.53670248] FAKE [0.43753408] 
222 epoch LOSS [-1.20181113] Parameters [1.50637565 1.54849158 3.18688884 2.06491893 1.60609454 1.5824633
 3.09398332 1.9397944 ] REAL [0.5337464] FAKE [0.436719] 
223 epoch LOSS [-1.23920052] Parameters [1.50645659 1.54853774 3.18708021 2.08706393 1.60605604 1.58251888
 3.09424061 1.96195506] REAL [0.51705476] FAKE [0.43987428] 
224 epoch LOSS [-1.20217048] Parameters [1.50622059 1.54853642 3.18672158 2.11061438 1.60611188 1.58254208
 3.0938354  1.98559914] REAL [0.53311698] FAKE [0.43625659] 
225 epoch LOSS [-1.25059027] Parameters [1.50634268 1.54835416 3.18654954 2.13551535 1.60622688 1.58241438
 3.09427842 2.01048576] REAL [0.5133324] FAKE [0.44220211] 
226 epoch LOSS [-1.20339623] Parameters [1.50612918 1.54836423 3.1865006  2.16164593 1.60609741 1.58247934
 3.09502646 2.03663766] REAL [0.53515947] FAKE [0.43909612] 
227 epoch LOSS [-1.23459956] Parameters [1.5060422  1.54840706 3.18609499 2.18893801 1.6064556  1.58239972
 3.0945287  2.06389963] REAL [0.52732409] FAKE [0.44824966] 
228 epoch LOSS [-1.27297507] Parameters [1.50594363 1.54842695 3.18691573 2.21719134 1.6062034  1.58238653
 3.09523448 2.09224204] REAL [0.51591634] FAKE [0.45728145] 
229 epoch LOSS [-1.26931112] Parameters [1.50611442 1.54839138 3.18717839 2.24642658 1.60631253 1.58214864
 3.09599101 2.12156255] REAL [0.52264036] FAKE [0.46229727] 
230 epoch LOSS [-1.24302722] Parameters [1.50578075 1.54784181 3.18756731 2.27621864 1.60626667 1.58206956
 3.09611986 2.15140085] REAL [0.53472582] FAKE [0.46045337] 
231 epoch LOSS [-1.29309163] Parameters [1.50602907 1.54783468 3.18787973 2.30661492 1.6064476  1.5819315
 3.09626003 2.1817331 ] REAL [0.51566093] FAKE [0.46782654] 
232 epoch LOSS [-1.32126741] Parameters [1.50623596 1.54755783 3.1882351  2.33719878 1.60653327 1.58185336
 3.09677501 2.2122766 ] REAL [0.50945549] FAKE [0.47630961] 
233 epoch LOSS [-1.29028556] Parameters [1.50659967 1.54761859 3.18829254 2.36774018 1.60630325 1.58181248
 3.09691957 2.24276232] REAL [0.52803629] FAKE [0.47883849] 
234 epoch LOSS [-1.34987818] Parameters [1.50669404 1.5478295  3.18846427 2.39808409 1.60628199 1.58148864
 3.09689464 2.27300776] REAL [0.50364323] FAKE [0.48520733] 
235 epoch LOSS [-1.38331795] Parameters [1.5067348  1.54789416 3.18849161 2.42775781 1.60605294 1.58152798
 3.09632396 2.30279835] REAL [0.49813705] FAKE [0.49663408] 
236 epoch LOSS [-1.36206795] Parameters [1.50704271 1.54778356 3.18865491 2.4567568  1.60611429 1.58157762
 3.09738536 2.33189887] REAL [0.51424028] FAKE [0.50192435] 
237 epoch LOSS [-1.37818418] Parameters [1.50721377 1.54802886 3.18824125 2.48447979 1.6064366  1.58133432
 3.09688759 2.3597175 ] REAL [0.5144608] FAKE [0.5100972] 
238 epoch LOSS [-1.44546785] Parameters [1.50711371 1.54803134 3.18827989 2.51111068 1.60645907 1.58104785
 3.09702744 2.38638694] REAL [0.48571648] FAKE [0.51486964] 
239 epoch LOSS [-1.40889489] Parameters [1.5071823  1.54791715 3.18826183 2.53587215 1.60626176 1.58098421
 3.0972396  2.41109282] REAL [0.50869551] FAKE [0.5195294] 
240 epoch LOSS [-1.41991124] Parameters [1.50738795 1.54811031 3.18883996 2.55867828 1.60643814 1.58103421
 3.09741934 2.43378357] REAL [0.51090453] FAKE [0.52684805] 
241 epoch LOSS [-1.40402706] Parameters [1.50737354 1.54807343 3.18897206 2.57986573 1.60645144 1.58110544
 3.09706712 2.45470639] REAL [0.51661198] FAKE [0.52458342] 
242 epoch LOSS [-1.45295715] Parameters [1.50744437 1.54797595 3.18857996 2.59823004 1.60646423 1.58113335
 3.09589536 2.47334379] REAL [0.49505362] FAKE [0.52757107] 
243 epoch LOSS [-1.43830716] Parameters [1.50741186 1.54795887 3.18811108 2.61452164 1.60649743 1.58112228
 3.09569855 2.48974782] REAL [0.50141935] FAKE [0.52668524] 
244 epoch LOSS [-1.39111435] Parameters [1.50741797 1.5479325  3.1875751  2.62844052 1.60647003 1.58117672
 3.09541744 2.50380385] REAL [0.52279282] FAKE [0.52409847] 
245 epoch LOSS [-1.45200034] Parameters [1.50740841 1.54791899 3.18746577 2.64006571 1.60647025 1.58117181
 3.09555024 2.51530193] REAL [0.49230737] FAKE [0.52448094] 
246 epoch LOSS [-1.4046358] Parameters [1.50740441 1.54791107 3.18744338 2.64967027 1.60647574 1.58116862
 3.09565449 2.52496935] REAL [0.51307599] FAKE [0.52159828] 
247 epoch LOSS [-1.39346708] Parameters [1.50743279 1.54792752 3.18740342 2.65732002 1.60646796 1.581176
 3.09556229 2.53259422] REAL [0.51617683] FAKE [0.51913139] 
248 epoch LOSS [-1.4139418] Parameters [1.50741322 1.5479474  3.18658871 2.66307295 1.6064721  1.58117214
 3.09525463 2.53825094] REAL [0.5038678] FAKE [0.51736782] 
249 epoch LOSS [-1.38175464] Parameters [1.50743263 1.54795457 3.18658244 2.6670816  1.60645777 1.58119641
 3.09548684 2.54228604] REAL [0.51894723] FAKE [0.51606349] 
250 epoch LOSS [-1.40025679] Parameters [1.50740542 1.54789077 3.18598436 2.66906445 1.60643869 1.58113134
 3.0953902  2.54426827] REAL [0.50685137] FAKE [0.51359774] 
251 epoch LOSS [-1.34025905] Parameters [1.50745301 1.54781376 3.18629383 2.66951289 1.6063876  1.58105358
 3.09577301 2.54467543] REAL [0.53636359] FAKE [0.51193956] 
252 epoch LOSS [-1.35317626] Parameters [1.50739598 1.54784014 3.18613008 2.66857879 1.60648827 1.5810382
 3.09577016 2.54387667] REAL [0.52821425] FAKE [0.51077019] 
253 epoch LOSS [-1.37283847] Parameters [1.50735145 1.54779749 3.1864073  2.66590324 1.6065389  1.58105509
 3.09576008 2.54115083] REAL [0.5162564] FAKE [0.50918438] 
254 epoch LOSS [-1.39387165] Parameters [1.50735411 1.5478057  3.18657361 2.66207759 1.60666337 1.58113467
 3.09577951 2.53730046] REAL [0.50312205] FAKE [0.50685358] 
255 epoch LOSS [-1.31731626] Parameters [1.50741842 1.5478374  3.18575932 2.6569277  1.60675733 1.5809839
 3.09571976 2.53225316] REAL [0.53837176] FAKE [0.50247541] 
256 epoch LOSS [-1.37490977] Parameters [1.50734711 1.54778958 3.18549678 2.65069212 1.60690376 1.58096295
 3.09549287 2.52585946] REAL [0.5096394] FAKE [0.50384054] 
257 epoch LOSS [-1.38087025] Parameters [1.50734132 1.54771681 3.18528994 2.64342821 1.60691064 1.58108245
 3.09494749 2.51845793] REAL [0.50629036] FAKE [0.50352657] 
258 epoch LOSS [-1.31309664] Parameters [1.50726675 1.54768013 3.18544059 2.63502619 1.60704945 1.58116924
 3.09531749 2.5099538 ] REAL [0.53712122] FAKE [0.49920836] 
259 epoch LOSS [-1.33734576] Parameters [1.50729422 1.54756977 3.18536414 2.62567434 1.60705559 1.58122799
 3.09551769 2.50075072] REAL [0.52294984] FAKE [0.49796027] 
260 epoch LOSS [-1.3513168] Parameters [1.50727342 1.54738949 3.18568683 2.61539461 1.607177   1.58124368
 3.09557157 2.49048099] REAL [0.51585167] FAKE [0.49811325] 
261 epoch LOSS [-1.32758005] Parameters [1.50726686 1.54744835 3.18529269 2.6045087  1.60725077 1.58123937
 3.09547067 2.47950917] REAL [0.52984219] FAKE [0.49962826] 
262 epoch LOSS [-1.32177636] Parameters [1.5071996  1.54739091 3.18589806 2.592607   1.60710832 1.58112601
 3.09560659 2.46757849] REAL [0.53324093] FAKE [0.49992361] 
263 epoch LOSS [-1.32427098] Parameters [1.50719314 1.54736022 3.1853464  2.58036679 1.60700569 1.58115302
 3.09476069 2.45531505] REAL [0.53092859] FAKE [0.49899702] 
264 epoch LOSS [-1.30390579] Parameters [1.5071087  1.54742291 3.18598809 2.56755977 1.6070689  1.58113237
 3.09577128 2.44234247] REAL [0.53812821] FAKE [0.49553022] 
265 epoch LOSS [-1.37570974] Parameters [1.50722675 1.54747199 3.18671779 2.55427505 1.60709046 1.58140189
 3.09652735 2.4290374 ] REAL [0.50182921] FAKE [0.49652152] 
266 epoch LOSS [-1.37999377] Parameters [1.50730255 1.54759322 3.18730131 2.54036226 1.60700186 1.58147016
 3.09704428 2.41526746] REAL [0.50189898] FAKE [0.49874352] 
267 epoch LOSS [-1.35978456] Parameters [1.50740366 1.54760628 3.18720756 2.52646392 1.60692598 1.58132164
 3.0969001  2.40115132] REAL [0.51133155] FAKE [0.49794594] 
268 epoch LOSS [-1.33775004] Parameters [1.50728302 1.5474553  3.18710915 2.51236866 1.60687832 1.58103619
 3.09680436 2.3868989 ] REAL [0.52822739] FAKE [0.50317708] 
269 epoch LOSS [-1.34353222] Parameters [1.50717306 1.5474896  3.18734847 2.49817078 1.6071072  1.58102075
 3.09766191 2.37264315] REAL [0.52486229] FAKE [0.50287455] 
270 epoch LOSS [-1.37065852] Parameters [1.5070807  1.54745368 3.1879239  2.48411144 1.60717544 1.58092215
 3.09779209 2.35879749] REAL [0.50979205] FAKE [0.50187595] 
271 epoch LOSS [-1.36980596] Parameters [1.50711471 1.54763507 3.18786578 2.47012227 1.6070849  1.58081221
 3.09748179 2.34476942] REAL [0.5094377] FAKE [0.50110432] 
272 epoch LOSS [-1.39863106] Parameters [1.50711029 1.54761709 3.18800503 2.45640784 1.60707416 1.5807729
 3.09725368 2.33106733] REAL [0.49799684] FAKE [0.50414389] 
273 epoch LOSS [-1.37794309] Parameters [1.50727432 1.54764646 3.18797544 2.44268875 1.60686545 1.58069566
 3.0970557  2.31747798] REAL [0.50657084] FAKE [0.50234688] 
274 epoch LOSS [-1.35374042] Parameters [1.50729972 1.54758086 3.18779523 2.42991994 1.60692321 1.58089699
 3.09722943 2.30459051] REAL [0.52097696] FAKE [0.50425369] 
275 epoch LOSS [-1.4070539] Parameters [1.50722374 1.54764068 3.18753492 2.41753365 1.60689426 1.58096638
 3.09673169 2.29221246] REAL [0.49058857] FAKE [0.50087787] 
276 epoch LOSS [-1.34687576] Parameters [1.50718919 1.54756818 3.18706825 2.4053368  1.6070452  1.58092875
 3.095698   2.28013315] REAL [0.5222923] FAKE [0.50209594] 
277 epoch LOSS [-1.39454707] Parameters [1.50706513 1.54746629 3.18720529 2.39408998 1.60718565 1.58092874
 3.0955999  2.26887488] REAL [0.49692937] FAKE [0.50104516] 
278 epoch LOSS [-1.38803899] Parameters [1.50704417 1.54733596 3.18677981 2.38334743 1.6071223  1.58100874
 3.09554513 2.25830322] REAL [0.50468662] FAKE [0.50550656] 
279 epoch LOSS [-1.35659179] Parameters [1.50698047 1.54731525 3.18733723 2.37340955 1.60698176 1.58123942
 3.09586776 2.24842266] REAL [0.51729245] FAKE [0.50214425] 
280 epoch LOSS [-1.37701117] Parameters [1.50710943 1.54747343 3.18607309 2.36448686 1.6070702  1.58120567
 3.09481926 2.23940853] REAL [0.50825264] FAKE [0.50353115] 
281 epoch LOSS [-1.41396601] Parameters [1.50703151 1.54752263 3.18660896 2.35611035 1.60711365 1.58121083
 3.09561133 2.23117423] REAL [0.48786185] FAKE [0.50154552] 
282 epoch LOSS [-1.38514438] Parameters [1.50703123 1.54755037 3.18739934 2.34839696 1.60707283 1.58115562
 3.09603515 2.22375619] REAL [0.50111518] FAKE [0.50053866] 
283 epoch LOSS [-1.3879649] Parameters [1.507008   1.54758733 3.18692897 2.34161528 1.60712525 1.58111998
 3.09567176 2.21700154] REAL [0.49841506] FAKE [0.49924724] 
284 epoch LOSS [-1.38229082] Parameters [1.50705425 1.54767899 3.18701039 2.33619749 1.60709787 1.58114443
 3.09586253 2.21126407] REAL [0.50187325] FAKE [0.49986796] 
285 epoch LOSS [-1.39252316] Parameters [1.50701415 1.54765639 3.18672438 2.33139924 1.60708182 1.58113159
 3.09562544 2.20660611] REAL [0.49500616] FAKE [0.49809182] 
286 epoch LOSS [-1.40685604] Parameters [1.50703116 1.54764413 3.18685368 2.32760884 1.6071127  1.58117002
 3.09561435 2.20277302] REAL [0.48704994] FAKE [0.49715205] 
287 epoch LOSS [-1.3650789] Parameters [1.50703275 1.54765769 3.18681091 2.32472366 1.60712253 1.58117337
 3.09615404 2.19991288] REAL [0.50620943] FAKE [0.49554371] 
288 epoch LOSS [-1.35239358] Parameters [1.50702725 1.54766571 3.18772092 2.3226156  1.60710206 1.58118117
 3.09724031 2.19757326] REAL [0.51148422] FAKE [0.4943725] 
289 epoch LOSS [-1.37080628] Parameters [1.50703043 1.547678   3.18789799 2.32171021 1.60711894 1.58118288
 3.09622961 2.19657701] REAL [0.50124898] FAKE [0.49346099] 
290 epoch LOSS [-1.34827708] Parameters [1.50703289 1.54768472 3.18769802 2.3212815  1.60711809 1.58117494
 3.0958465  2.19586854] REAL [0.51281719] FAKE [0.49360649] 
291 epoch LOSS [-1.36471732] Parameters [1.5070317  1.54767178 3.18658833 2.32160395 1.60710877 1.58120381
 3.09515551 2.19632168] REAL [0.5040227] FAKE [0.49317188] 
292 epoch LOSS [-1.41566457] Parameters [1.50703224 1.54766003 3.18641794 2.32268936 1.60712345 1.58122672
 3.09544208 2.19764862] REAL [0.4793984] FAKE [0.49360651] 
293 epoch LOSS [-1.40836423] Parameters [1.50703555 1.54762234 3.18635102 2.32413869 1.60711381 1.58117872
 3.09559452 2.19912277] REAL [0.48152293] FAKE [0.49214678] 
294 epoch LOSS [-1.37091402] Parameters [1.50703787 1.54761374 3.18648403 2.3263336  1.60708453 1.58108608
 3.09605621 2.20129767] REAL [0.49814369] FAKE [0.49035828] 
295 epoch LOSS [-1.41052541] Parameters [1.5069874  1.54761428 3.18650148 2.32962922 1.60713075 1.58110596
 3.09650635 2.20450709] REAL [0.47893916] FAKE [0.49050932] 
296 epoch LOSS [-1.36080034] Parameters [1.50698566 1.54766807 3.18635444 2.33301675 1.60710876 1.58110986
 3.0967062  2.20804652] REAL [0.50325184] FAKE [0.49040336] 
297 epoch LOSS [-1.42045371] Parameters [1.50698512 1.54761684 3.18581992 2.33724835 1.60712172 1.58105909
 3.09677388 2.21231726] REAL [0.47443466] FAKE [0.49075311] 
298 epoch LOSS [-1.35172589] Parameters [1.50700557 1.5476947  3.18502756 2.34187945 1.607126   1.58112554
 3.09557878 2.21690743] REAL [0.50709068] FAKE [0.48965099] 
299 epoch LOSS [-1.35885446] Parameters [1.50701652 1.54769337 3.18506971 2.34681193 1.60705464 1.58118246
 3.09575738 2.22166784] REAL [0.50156359] FAKE [0.48769215] 
300 epoch LOSS [-1.41132603] Parameters [1.50693566 1.54768897 3.18524254 2.35219464 1.60703867 1.58116842
 3.09604791 2.22708161] REAL [0.47594067] FAKE [0.48770977] 
301 epoch LOSS [-1.36766089] Parameters [1.50697371 1.54776038 3.18626373 2.35800031 1.60700039 1.58121244
 3.09672711 2.23283499] REAL [0.49882198] FAKE [0.48939291] 
302 epoch LOSS [-1.33987929] Parameters [1.50699244 1.54769708 3.18620316 2.36379107 1.60698698 1.58125727
 3.09684249 2.23882665] REAL [0.51378264] FAKE [0.49029559] 
303 epoch LOSS [-1.35806622] Parameters [1.50702761 1.54767029 3.18646718 2.36991196 1.60698687 1.58123442
 3.09663449 2.24495212] REAL [0.50336407] FAKE [0.4891221] 
304 epoch LOSS [-1.35814287] Parameters [1.50700148 1.54757892 3.18622786 2.37631827 1.60701386 1.58120538
 3.09604102 2.25142753] REAL [0.50422091] FAKE [0.49002933] 
305 epoch LOSS [-1.37013033] Parameters [1.50705066 1.54757956 3.18669206 2.38281266 1.6069903  1.58115016
 3.09658923 2.25773384] REAL [0.50096809] FAKE [0.49283427] 
306 epoch LOSS [-1.35782196] Parameters [1.507078   1.54763529 3.18751067 2.38931462 1.60689001 1.58117593
 3.09699714 2.26437672] REAL [0.50688419] FAKE [0.49254602] 
307 epoch LOSS [-1.36370196] Parameters [1.50701339 1.54763189 3.18744721 2.39584358 1.6068202  1.58120979
 3.09669679 2.27088059] REAL [0.50355079] FAKE [0.49218154] 
308 epoch LOSS [-1.39826943] Parameters [1.50698196 1.54768981 3.18772482 2.40217391 1.60676496 1.58123981
 3.09712956 2.27731269] REAL [0.48858632] FAKE [0.49441055] 
309 epoch LOSS [-1.410667] Parameters [1.50696335 1.54768375 3.18708937 2.40840971 1.6067953  1.58125582
 3.09574985 2.28382504] REAL [0.48280592] FAKE [0.49466135] 
310 epoch LOSS [-1.37987208] Parameters [1.5069897  1.5476298  3.18748176 2.41477224 1.60683473 1.5811744
 3.0964661  2.28998762] REAL [0.49793038] FAKE [0.49468691] 
311 epoch LOSS [-1.41060372] Parameters [1.50701904 1.54763234 3.18781261 2.42051123 1.60683749 1.58116445
 3.09672428 2.29591552] REAL [0.48606296] FAKE [0.49801579] 
312 epoch LOSS [-1.4154406] Parameters [1.50702355 1.54762534 3.18777207 2.42636614 1.60684213 1.58119166
 3.0964275  2.30165266] REAL [0.48371464] FAKE [0.4980127] 
313 epoch LOSS [-1.40964803] Parameters [1.50703614 1.54762849 3.18889102 2.43169848 1.60683761 1.58120452
 3.09729532 2.30699904] REAL [0.48663127] FAKE [0.49812262] 
314 epoch LOSS [-1.37225239] Parameters [1.50705359 1.54763335 3.18787716 2.43656671 1.60681324 1.58121493
 3.09633221 2.311895  ] REAL [0.50633092] FAKE [0.49926966] 
315 epoch LOSS [-1.3679566] Parameters [1.50704909 1.5476369  3.1875352  2.44150086 1.60680034 1.58121873
 3.0967183  2.31696731] REAL [0.50982674] FAKE [0.50056223] 
316 epoch LOSS [-1.34387681] Parameters [1.50704822 1.54765539 3.18708725 2.44568142 1.60678982 1.58122798
 3.09668413 2.32118466] REAL [0.52255256] FAKE [0.50084924] 
317 epoch LOSS [-1.41146629] Parameters [1.50704252 1.5476597  3.1876469  2.44967092 1.60678201 1.58123948
 3.09679766 2.32508391] REAL [0.48802635] FAKE [0.50046639] 
318 epoch LOSS [-1.38133654] Parameters [1.50703812 1.54765432 3.18758642 2.4531998  1.60677239 1.58123359
 3.09693823 2.32848514] REAL [0.50440946] FAKE [0.50190757] 
319 epoch LOSS [-1.34752028] Parameters [1.50706605 1.54765897 3.18706531 2.45636449 1.60675367 1.58123615
 3.09660092 2.331443  ] REAL [0.52138012] FAKE [0.5015462] 
320 epoch LOSS [-1.39524795] Parameters [1.50706457 1.54766194 3.18715831 2.45890624 1.60675296 1.58122064
 3.09679219 2.33411463] REAL [0.49649514] FAKE [0.50095868] 
321 epoch LOSS [-1.42212376] Parameters [1.5070515  1.54766008 3.18703571 2.4613308  1.60678652 1.58121211
 3.09677871 2.3364824 ] REAL [0.48412342] FAKE [0.50177742] 
322 epoch LOSS [-1.42445037] Parameters [1.50703136 1.54765376 3.18715044 2.46321819 1.6067926  1.58119782
 3.09646084 2.33825813] REAL [0.48433356] FAKE [0.50315091] 
323 epoch LOSS [-1.39199373] Parameters [1.50701546 1.54766029 3.18714493 2.46463116 1.60677495 1.58122269
 3.0967802  2.3397757 ] REAL [0.49791383] FAKE [0.50075857] 
324 epoch LOSS [-1.39169839] Parameters [1.50701769 1.54765798 3.18682282 2.46571995 1.60674332 1.58121359
 3.09673675 2.34062549] REAL [0.49937614] FAKE [0.50207345] 
325 epoch LOSS [-1.34696749] Parameters [1.50698216 1.54768598 3.18666104 2.46638996 1.60674043 1.58121196
 3.09690746 2.34119149] REAL [0.52227854] FAKE [0.50212849] 
326 epoch LOSS [-1.3851761] Parameters [1.50701874 1.54767173 3.18646954 2.46665346 1.60676196 1.58117222
 3.09620992 2.34149014] REAL [0.50491016] FAKE [0.5043084] 
327 epoch LOSS [-1.34158156] Parameters [1.50701038 1.5476381  3.18755043 2.46651873 1.60675065 1.58117511
 3.09625001 2.34134404] REAL [0.52579627] FAKE [0.50278865] 
328 epoch LOSS [-1.41141026] Parameters [1.50707451 1.54762976 3.18713783 2.46601186 1.60680715 1.58115092
 3.09595012 2.34087154] REAL [0.48957375] FAKE [0.50201738] 
329 epoch LOSS [-1.3397351] Parameters [1.50707424 1.54757504 3.18778555 2.46503939 1.60686202 1.58116309
 3.09642598 2.34002471] REAL [0.525239] FAKE [0.50134122] 
330 epoch LOSS [-1.42310819] Parameters [1.507064   1.5476291  3.18805467 2.4638761  1.60690124 1.58111661
 3.09645485 2.33885547] REAL [0.48376412] FAKE [0.50189797] 
331 epoch LOSS [-1.35391029] Parameters [1.50700563 1.54768024 3.18864638 2.4625058  1.60685471 1.58104219
 3.09706554 2.33744697] REAL [0.51546029] FAKE [0.49903311] 
332 epoch LOSS [-1.40293619] Parameters [1.50708666 1.54763584 3.18829204 2.46121731 1.60687766 1.58105289
 3.09645237 2.33612531] REAL [0.49041201] FAKE [0.49863795] 
333 epoch LOSS [-1.40653248] Parameters [1.5070486  1.54763423 3.18811704 2.45952064 1.60685132 1.58108724
 3.09650975 2.33424382] REAL [0.48837169] FAKE [0.49835069] 
334 epoch LOSS [-1.35404573] Parameters [1.5070964  1.54761282 3.18775668 2.45717046 1.60690106 1.58110293
 3.09700601 2.33206777] REAL [0.51679429] FAKE [0.50039393] 
335 epoch LOSS [-1.36988846] Parameters [1.50704902 1.54762411 3.18719694 2.45473343 1.60692705 1.58108272
 3.09667913 2.3298833 ] REAL [0.50884406] FAKE [0.50056348] 
336 epoch LOSS [-1.37360055] Parameters [1.507073   1.54765496 3.18761038 2.45227168 1.60690199 1.58107565
 3.0969088  2.32740782] REAL [0.50731453] FAKE [0.5009138] 
337 epoch LOSS [-1.40599827] Parameters [1.50711693 1.54768151 3.1884774  2.44947965 1.60689506 1.58105264
 3.09787792 2.32469899] REAL [0.49041692] FAKE [0.50017582] 
338 epoch LOSS [-1.37468385] Parameters [1.50705993 1.54774733 3.1888889  2.44696366 1.60685414 1.58101921
 3.09828245 2.32231477] REAL [0.50618444] FAKE [0.50034113] 
339 epoch LOSS [-1.36913695] Parameters [1.50705113 1.54774898 3.18834884 2.444246   1.60681842 1.58105635
 3.09757584 2.31953968] REAL [0.50930429] FAKE [0.50063966] 
340 epoch LOSS [-1.38143873] Parameters [1.50713807 1.54777779 3.18815575 2.44145148 1.60686355 1.58099746
 3.09766543 2.31671386] REAL [0.50123034] FAKE [0.49879958] 
341 epoch LOSS [-1.40411087] Parameters [1.50711356 1.54777906 3.18720699 2.4385152  1.60683107 1.58102826
 3.09773267 2.31369013] REAL [0.49162074] FAKE [0.50045778] 
342 epoch LOSS [-1.40079544] Parameters [1.50714841 1.54781702 3.18693654 2.43531357 1.60689911 1.58108099
 3.09708491 2.31057777] REAL [0.4930782] FAKE [0.5002803] 
343 epoch LOSS [-1.42604336] Parameters [1.50722913 1.54777144 3.18608931 2.43244984 1.60692181 1.58103407
 3.09612491 2.30770766] REAL [0.48125349] FAKE [0.50076693] 
344 epoch LOSS [-1.38681119] Parameters [1.50723534 1.54772574 3.18593298 2.42960077 1.60690306 1.58100983
 3.09614877 2.30474528] REAL [0.5001714] FAKE [0.5004296] 
345 epoch LOSS [-1.35460868] Parameters [1.5071631  1.54780612 3.18597261 2.42689924 1.60693659 1.58105174
 3.09635215 2.30210761] REAL [0.51545991] FAKE [0.4993825] 
346 epoch LOSS [-1.39088061] Parameters [1.5072271  1.54775449 3.18611161 2.42437701 1.60689647 1.5810698
 3.0966843  2.29943019] REAL [0.49837508] FAKE [0.50066511] 
347 epoch LOSS [-1.35696057] Parameters [1.5072085  1.54776001 3.1869232  2.42159006 1.60692198 1.58110213
 3.09739676 2.2966152 ] REAL [0.51599766] FAKE [0.501079] 
348 epoch LOSS [-1.38066109] Parameters [1.5072483  1.54769142 3.18624336 2.41903522 1.60687118 1.58110025
 3.09690034 2.29405153] REAL [0.50109596] FAKE [0.49827516] 
349 epoch LOSS [-1.40102373] Parameters [1.50727555 1.54772271 3.18610584 2.41681558 1.60691725 1.5811223
 3.09676707 2.29175391] REAL [0.48991071] FAKE [0.49716419] 
350 epoch LOSS [-1.40725996] Parameters [1.50727498 1.54770179 3.18643886 2.41483767 1.60693244 1.58110206
 3.09675776 2.28984332] REAL [0.48770336] FAKE [0.49802855] 
351 epoch LOSS [-1.34247479] Parameters [1.50725557 1.54779896 3.18612972 2.41258226 1.60694617 1.58109323
 3.09633699 2.2877721 ] REAL [0.52014487] FAKE [0.49783518] 
352 epoch LOSS [-1.38719301] Parameters [1.50727426 1.54783135 3.18568611 2.41056454 1.60692819 1.58112435
 3.09623796 2.28561589] REAL [0.49799234] FAKE [0.49843518] 
353 epoch LOSS [-1.42832517] Parameters [1.50732432 1.54783269 3.18536678 2.40864987 1.60690172 1.58113209
 3.09550814 2.28359013] REAL [0.48008531] FAKE [0.50069278] 
354 epoch LOSS [-1.36915382] Parameters [1.50733727 1.54783865 3.18613179 2.40709417 1.60692236 1.58112414
 3.09620023 2.2820635 ] REAL [0.50856282] FAKE [0.49992005] 
355 epoch LOSS [-1.38649493] Parameters [1.50734566 1.54781099 3.18756984 2.40572961 1.60689689 1.58107071
 3.09694305 2.2807365 ] REAL [0.50012551] FAKE [0.50022573] 
356 epoch LOSS [-1.37829926] Parameters [1.50734701 1.54782385 3.18805419 2.40456513 1.60689391 1.58104507
 3.09804644 2.27930482] REAL [0.5035174] FAKE [0.4995073] 
357 epoch LOSS [-1.35838814] Parameters [1.50737311 1.54783179 3.18845955 2.40373782 1.60691351 1.58099801
 3.09819739 2.27836041] REAL [0.51418335] FAKE [0.5000328] 
358 epoch LOSS [-1.41128591] Parameters [1.5073827  1.54783626 3.18785426 2.40277497 1.60690145 1.58102579
 3.09803035 2.27744098] REAL [0.48616279] FAKE [0.49846113] 
359 epoch LOSS [-1.40716204] Parameters [1.50737795 1.54785994 3.18710208 2.40201528 1.60692333 1.58100884
 3.09743327 2.27674289] REAL [0.48773067] FAKE [0.49800751] 
360 epoch LOSS [-1.35187658] Parameters [1.50738596 1.54784201 3.18743216 2.40136614 1.6069257  1.58099113
 3.09742388 2.27611252] REAL [0.51489813] FAKE [0.4974652] 
361 epoch LOSS [-1.36654191] Parameters [1.50739012 1.54780293 3.18745981 2.4009984  1.60691559 1.58098741
 3.09746091 2.2758907 ] REAL [0.50764808] FAKE [0.49770872] 
362 epoch LOSS [-1.42179414] Parameters [1.507379   1.547818   3.18830912 2.40055264 1.60692937 1.58094678
 3.09751336 2.2753905 ] REAL [0.48020516] FAKE [0.49754655] 
363 epoch LOSS [-1.38272617] Parameters [1.50739116 1.54781177 3.18780161 2.40043098 1.60691043 1.58095283
 3.09687819 2.27546318] REAL [0.49850206] FAKE [0.4967049] 
364 epoch LOSS [-1.35552178] Parameters [1.50738449 1.54781332 3.18781001 2.40071632 1.60690684 1.58095104
 3.0974174  2.27582364] REAL [0.5123722] FAKE [0.49682528] 
365 epoch LOSS [-1.39695538] Parameters [1.50736329 1.54781823 3.18791607 2.40134194 1.60691664 1.58095435
 3.09753428 2.2765101 ] REAL [0.49196616] FAKE [0.49722374] 
366 epoch LOSS [-1.34596166] Parameters [1.50736023 1.54782254 3.1880857  2.40190153 1.60692366 1.58098147
 3.09765876 2.27714711] REAL [0.51703805] FAKE [0.49657616] 
367 epoch LOSS [-1.36561907] Parameters [1.50736259 1.54782552 3.18802002 2.40260569 1.60692275 1.5809862
 3.09803627 2.27802835] REAL [0.50666951] FAKE [0.49627396] 
368 epoch LOSS [-1.38456019] Parameters [1.50737549 1.54780978 3.1890509  2.40339765 1.60692511 1.58099339
 3.09906621 2.27880354] REAL [0.49717184] FAKE [0.49628298] 
369 epoch LOSS [-1.39592348] Parameters [1.50738026 1.54783212 3.18955698 2.40426105 1.60692516 1.58097725
 3.09927926 2.27970313] REAL [0.4923456] FAKE [0.49709255] 
370 epoch LOSS [-1.40912358] Parameters [1.50738568 1.54783861 3.18915516 2.40501328 1.60692427 1.58096799
 3.09867405 2.28041582] REAL [0.48498188] FAKE [0.49615159] 
371 epoch LOSS [-1.35817574] Parameters [1.50737885 1.54784507 3.18903885 2.40591772 1.60692482 1.58097916
 3.09813024 2.28146825] REAL [0.51073459] FAKE [0.49654982] 
372 epoch LOSS [-1.40801542] Parameters [1.50738897 1.54783863 3.18827779 2.40698004 1.60693415 1.58097331
 3.0973586  2.28268586] REAL [0.48612221] FAKE [0.49677616] 
373 epoch LOSS [-1.34281282] Parameters [1.50741188 1.54784799 3.18763136 2.40797324 1.60692281 1.58096272
 3.09698571 2.28363646] REAL [0.51810817] FAKE [0.49603153] 
374 epoch LOSS [-1.34901954] Parameters [1.50741454 1.5478376  3.18654153 2.40921704 1.60692146 1.58096369
 3.0961857  2.28488572] REAL [0.51481872] FAKE [0.49594964] 
375 epoch LOSS [-1.39373984] Parameters [1.50741223 1.54786007 3.18630224 2.41052933 1.60693203 1.58098546
 3.09600012 2.28631702] REAL [0.49327971] FAKE [0.49694759] 
376 epoch LOSS [-1.39469477] Parameters [1.50740139 1.54784757 3.18699351 2.41158648 1.60694442 1.58097766
 3.09622547 2.28727694] REAL [0.49314686] FAKE [0.49729236] 
377 epoch LOSS [-1.38631722] Parameters [1.50741379 1.54784956 3.18701709 2.41279918 1.60693835 1.58097341
 3.09581563 2.28842624] REAL [0.49655526] FAKE [0.49654288] 
378 epoch LOSS [-1.3397009] Parameters [1.50742847 1.54783662 3.18659174 2.41401941 1.60694505 1.58096253
 3.09504802 2.2897062 ] REAL [0.51995701] FAKE [0.49625836] 
379 epoch LOSS [-1.39562835] Parameters [1.50741799 1.54784041 3.18649948 2.41517394 1.60695104 1.58097054
 3.09479234 2.29083389] REAL [0.49256987] FAKE [0.49717315] 
380 epoch LOSS [-1.37259262] Parameters [1.50741274 1.54783328 3.18608556 2.41616107 1.60696723 1.58096185
 3.0946071  2.29180236] REAL [0.50461159] FAKE [0.49773446] 
381 epoch LOSS [-1.40226726] Parameters [1.50741592 1.54785259 3.18627708 2.41727476 1.60695894 1.58096394
 3.09448001 2.29292593] REAL [0.48948291] FAKE [0.49735017] 
382 epoch LOSS [-1.38396269] Parameters [1.50740599 1.54783002 3.18563673 2.41847027 1.60696265 1.58097016
 3.09433784 2.29417155] REAL [0.49881738] FAKE [0.49764461] 
383 epoch LOSS [-1.37584233] Parameters [1.50739359 1.54783405 3.18548857 2.41968071 1.6069503  1.58095661
 3.09392728 2.29515848] REAL [0.50355499] FAKE [0.49831356] 
384 epoch LOSS [-1.38619228] Parameters [1.50737246 1.54783205 3.1866596  2.42079073 1.60693751 1.58095108
 3.09426852 2.29626054] REAL [0.49731913] FAKE [0.49725336] 
385 epoch LOSS [-1.34170633] Parameters [1.50739616 1.54782126 3.18636869 2.42191951 1.60693028 1.58096175
 3.09414586 2.2975565 ] REAL [0.51939178] FAKE [0.49672046] 
386 epoch LOSS [-1.42287839] Parameters [1.5073949  1.547837   3.18689036 2.42277334 1.60693669 1.5809579
 3.09513383 2.29834058] REAL [0.47932393] FAKE [0.4971683] 
387 epoch LOSS [-1.38001511] Parameters [1.50737893 1.54784491 3.18699511 2.42370579 1.60693652 1.58094472
 3.09553531 2.2992625 ] REAL [0.50310964] FAKE [0.49996039] 
388 epoch LOSS [-1.35861676] Parameters [1.5073973  1.54785605 3.18696255 2.42463061 1.60693145 1.58094882
 3.09535961 2.30000959] REAL [0.51311766] FAKE [0.49910894] 
389 epoch LOSS [-1.41794024] Parameters [1.50735953 1.54785053 3.18649761 2.42502282 1.60694667 1.58097976
 3.09501893 2.30053132] REAL [0.48470169] FAKE [0.50028563] 
390 epoch LOSS [-1.36238581] Parameters [1.50735202 1.54785275 3.18680944 2.42584244 1.60694765 1.58094715
 3.09444268 2.30131697] REAL [0.51128835] FAKE [0.49920791] 
391 epoch LOSS [-1.354892] Parameters [1.50736678 1.54786509 3.18696841 2.42636191 1.60695032 1.58094027
 3.09497302 2.30193435] REAL [0.51629268] FAKE [0.50033157] 
392 epoch LOSS [-1.35219198] Parameters [1.50735183 1.54786615 3.187165   2.42694944 1.60695501 1.58089746
 3.09487228 2.30239367] REAL [0.5168839] FAKE [0.4995537] 
393 epoch LOSS [-1.36833828] Parameters [1.50737798 1.54786445 3.18769345 2.42730505 1.60697419 1.58087738
 3.09537741 2.30276875] REAL [0.5081169] FAKE [0.49907283] 
394 epoch LOSS [-1.34113536] Parameters [1.50739367 1.54785354 3.18834333 2.42750954 1.60697055 1.58088052
 3.09588428 2.30306862] REAL [0.52147418] FAKE [0.49844391] 
395 epoch LOSS [-1.41468685] Parameters [1.50737298 1.54786337 3.18830447 2.42751652 1.60697283 1.58087407
 3.09617191 2.30320112] REAL [0.48481535] FAKE [0.49877475] 
396 epoch LOSS [-1.42067101] Parameters [1.50738748 1.5478529  3.18853066 2.42746092 1.60697129 1.58086138
 3.09602919 2.30323411] REAL [0.48376595] FAKE [0.50068441] 
397 epoch LOSS [-1.34786807] Parameters [1.50736907 1.54786747 3.18837064 2.42740395 1.60697705 1.58088382
 3.09616504 2.30311418] REAL [0.51870717] FAKE [0.49915183] 
398 epoch LOSS [-1.38128686] Parameters [1.5073304  1.54789277 3.18755071 2.42733884 1.60700828 1.58089067
 3.09484716 2.30298749] REAL [0.5014984] FAKE [0.4989914] 
399 epoch LOSS [-1.35006011] Parameters [1.5073465  1.54791837 3.18735582 2.42760051 1.60700273 1.58086615
 3.09480093 2.30340606] REAL [0.51761778] FAKE [0.49919673] 
