RUN 10_12_2021__22_44_27 
0 epoch LOSS [-1.48621838] Parameters [1.53739237 1.6027328  1.62813924 1.54332545 1.67589136 1.78256272
 1.54222791 1.54724673] REAL [0.45831496] FAKE [0.50639503] 
1 epoch LOSS [-1.47454413] Parameters [1.53739319 1.60273186 1.6278267  1.54332929 1.67589285 1.78256246
 1.54188688 1.54724855] REAL [0.46380328] FAKE [0.50650835] 
2 epoch LOSS [-1.46658434] Parameters [1.53739218 1.60273364 1.62748931 1.54332896 1.67589396 1.78256092
 1.54158248 1.54724664] REAL [0.4672047] FAKE [0.5061861] 
3 epoch LOSS [-1.46120015] Parameters [1.53739227 1.60273136 1.62722447 1.54332198 1.67589525 1.78256022
 1.54129654 1.54724002] REAL [0.46931029] FAKE [0.50574763] 
4 epoch LOSS [-1.45314145] Parameters [1.53739355 1.60273156 1.62696166 1.54330928 1.67589488 1.78256176
 1.54104689 1.54722629] REAL [0.47237664] FAKE [0.50498281] 
5 epoch LOSS [-1.44554346] Parameters [1.53739352 1.60273083 1.62684873 1.54328839 1.67589533 1.78256284
 1.54091053 1.54720577] REAL [0.47508448] FAKE [0.50405033] 
6 epoch LOSS [-1.43914439] Parameters [1.5373928  1.6027323  1.62671281 1.54327088 1.67589478 1.78256189
 1.54077894 1.54718347] REAL [0.47728653] FAKE [0.50316938] 
7 epoch LOSS [-1.43225464] Parameters [1.53739178 1.60273467 1.62646407 1.54324693 1.67589478 1.78255868
 1.5405979  1.54715875] REAL [0.47962797] FAKE [0.50217671] 
8 epoch LOSS [-1.41984232] Parameters [1.53739239 1.60273507 1.6262679  1.54321988 1.67589384 1.78255918
 1.54045004 1.54713419] REAL [0.48453984] FAKE [0.50106861] 
9 epoch LOSS [-1.41632049] Parameters [1.53739165 1.60273419 1.62616893 1.54319064 1.67589463 1.78255925
 1.54037832 1.54710225] REAL [0.48514918] FAKE [0.49993723] 
10 epoch LOSS [-1.4077041] Parameters [1.53739191 1.60273448 1.62601875 1.54314899 1.67589516 1.78255755
 1.54021606 1.54706357] REAL [0.48821267] FAKE [0.49877488] 
11 epoch LOSS [-1.40286171] Parameters [1.5373935  1.60273515 1.625951   1.54310954 1.67589611 1.78255792
 1.54013064 1.54702467] REAL [0.48943335] FAKE [0.49759802] 
12 epoch LOSS [-1.39883629] Parameters [1.53739365 1.60273551 1.62582699 1.54305742 1.67589424 1.78255908
 1.53999529 1.54697841] REAL [0.49032252] FAKE [0.49648631] 
13 epoch LOSS [-1.39042581] Parameters [1.53739323 1.60273497 1.62574706 1.54299906 1.67589407 1.78255991
 1.53987552 1.54692986] REAL [0.4932435] FAKE [0.49524065] 
14 epoch LOSS [-1.38987769] Parameters [1.53739139 1.60273496 1.62567749 1.54294271 1.67589342 1.78255968
 1.5398122  1.54687107] REAL [0.49238886] FAKE [0.49408732] 
15 epoch LOSS [-1.38425658] Parameters [1.53739155 1.60273576 1.62559562 1.54289006 1.67589352 1.78255791
 1.53976164 1.54681924] REAL [0.49403994] FAKE [0.4929358] 
16 epoch LOSS [-1.37621643] Parameters [1.53739183 1.60273565 1.62547054 1.54283546 1.67589371 1.78255686
 1.53963151 1.54676318] REAL [0.49695538] FAKE [0.49184126] 
17 epoch LOSS [-1.37303462] Parameters [1.53739159 1.60273632 1.62540391 1.54277544 1.67589507 1.78255732
 1.53954977 1.54670658] REAL [0.49735621] FAKE [0.49063266] 
18 epoch LOSS [-1.36396885] Parameters [1.5373921  1.60273824 1.62532735 1.542693   1.67589614 1.78255762
 1.53949698 1.54663247] REAL [0.50067464] FAKE [0.48940065] 
19 epoch LOSS [-1.36220774] Parameters [1.53739228 1.60273923 1.62528506 1.54261549 1.67589624 1.78255773
 1.53943993 1.54656733] REAL [0.50033046] FAKE [0.48814877] 
20 epoch LOSS [-1.35834069] Parameters [1.53739203 1.60274074 1.62523474 1.54253811 1.67589635 1.7825575
 1.53932948 1.54648748] REAL [0.50108008] FAKE [0.48693428] 
21 epoch LOSS [-1.35301844] Parameters [1.53739109 1.60274111 1.62517476 1.54245618 1.67589587 1.78255803
 1.53928145 1.54641014] REAL [0.50256417] FAKE [0.48571953] 
22 epoch LOSS [-1.3456914] Parameters [1.53739002 1.60274156 1.62513509 1.54238894 1.67589485 1.7825577
 1.53923818 1.54632889] REAL [0.50496257] FAKE [0.48439815] 
23 epoch LOSS [-1.33443754] Parameters [1.53738776 1.60274119 1.62509915 1.54230651 1.67589483 1.78255876
 1.53919133 1.54625275] REAL [0.5094995] FAKE [0.4832061] 
24 epoch LOSS [-1.33161952] Parameters [1.53738991 1.60274162 1.62505889 1.5422133  1.67589573 1.78255779
 1.53915313 1.54616562] REAL [0.50963721] FAKE [0.48188775] 
25 epoch LOSS [-1.32719706] Parameters [1.53738933 1.60274194 1.62502136 1.54213881 1.67589453 1.78255796
 1.53911114 1.54610044] REAL [0.51070255] FAKE [0.48067693] 
26 epoch LOSS [-1.31834085] Parameters [1.53739062 1.60274244 1.62499992 1.54205846 1.67589357 1.78255813
 1.53908926 1.54601473] REAL [0.5139335] FAKE [0.47935114] 
27 epoch LOSS [-1.31780906] Parameters [1.53738985 1.60274235 1.6249785  1.54197703 1.675893   1.78255893
 1.53906772 1.54593842] REAL [0.51289831] FAKE [0.47802281] 
28 epoch LOSS [-1.30837468] Parameters [1.53739014 1.60274201 1.62495695 1.54186173 1.67589167 1.78255834
 1.53904759 1.54583285] REAL [0.51648783] FAKE [0.47673703] 
29 epoch LOSS [-1.30351795] Parameters [1.53738964 1.6027435  1.62494741 1.54173331 1.6758944  1.78255771
 1.5390363  1.54571194] REAL [0.51775633] FAKE [0.47547773] 
30 epoch LOSS [-1.30053187] Parameters [1.53739022 1.60274462 1.62494244 1.54163879 1.67589504 1.78255769
 1.53902827 1.54560521] REAL [0.51795384] FAKE [0.47410974] 
31 epoch LOSS [-1.290631] Parameters [1.53739057 1.60274368 1.62494426 1.54154191 1.67589578 1.78255819
 1.5390301  1.54551131] REAL [0.52164805] FAKE [0.47263842] 
32 epoch LOSS [-1.28902488] Parameters [1.53739233 1.60274496 1.62495209 1.54142562 1.67589562 1.78255806
 1.5390402  1.54540228] REAL [0.52103849] FAKE [0.47117278] 
33 epoch LOSS [-1.28700245] Parameters [1.53739262 1.60274442 1.62496226 1.54132362 1.67589474 1.78255818
 1.53905148 1.54529235] REAL [0.52074416] FAKE [0.46980268] 
34 epoch LOSS [-1.28108068] Parameters [1.53739172 1.60274373 1.62498413 1.54119851 1.67589525 1.78255838
 1.53907113 1.54518043] REAL [0.5223936] FAKE [0.46833767] 
35 epoch LOSS [-1.27182424] Parameters [1.53739163 1.6027418  1.62501759 1.54106425 1.67589517 1.78255874
 1.53909753 1.54505852] REAL [0.52581942] FAKE [0.46688964] 
36 epoch LOSS [-1.26700053] Parameters [1.53738995 1.60274223 1.62506547 1.54091678 1.67589528 1.78255806
 1.53914599 1.54490611] REAL [0.52702276] FAKE [0.46553498] 
37 epoch LOSS [-1.26225231] Parameters [1.53738955 1.60274221 1.62511316 1.54078714 1.67589379 1.78255891
 1.53918291 1.5447864 ] REAL [0.52796778] FAKE [0.46395238] 
38 epoch LOSS [-1.25614907] Parameters [1.53738942 1.6027431  1.62514678 1.54066016 1.67589401 1.78256035
 1.53920211 1.54464709] REAL [0.5294582] FAKE [0.46218896] 
39 epoch LOSS [-1.24804294] Parameters [1.5373904  1.60274321 1.62523096 1.54052449 1.67589388 1.78256187
 1.53927024 1.54450685] REAL [0.53220906] FAKE [0.46061412] 
40 epoch LOSS [-1.24413308] Parameters [1.53739125 1.60274326 1.62530064 1.54036595 1.6758946  1.78256147
 1.53934527 1.54434998] REAL [0.53273432] FAKE [0.45903497] 
41 epoch LOSS [-1.23364042] Parameters [1.53738988 1.60274364 1.62534486 1.54019617 1.67589481 1.78256273
 1.53939974 1.54416058] REAL [0.53663572] FAKE [0.45730328] 
42 epoch LOSS [-1.22765625] Parameters [1.53738887 1.60274276 1.62544584 1.54003446 1.67589674 1.78256297
 1.53948469 1.54398518] REAL [0.53808497] FAKE [0.4555164] 
43 epoch LOSS [-1.2228302] Parameters [1.53738927 1.60274374 1.62551671 1.53985872 1.67589593 1.78256421
 1.53954719 1.54384409] REAL [0.5389619] FAKE [0.45377255] 
44 epoch LOSS [-1.21535468] Parameters [1.53738811 1.60274332 1.62561978 1.53965942 1.67589519 1.78256388
 1.53966802 1.54364896] REAL [0.54119581] FAKE [0.45194551] 
45 epoch LOSS [-1.21574873] Parameters [1.5373871  1.60274384 1.62568981 1.53946523 1.67589407 1.78256524
 1.53975196 1.54348083] REAL [0.5390178] FAKE [0.44994777] 
46 epoch LOSS [-1.20738301] Parameters [1.53738865 1.60274357 1.6258021  1.53924138 1.67589445 1.78256601
 1.53984687 1.54325283] REAL [0.54172867] FAKE [0.44810253] 
47 epoch LOSS [-1.19220425] Parameters [1.5373881  1.60274358 1.62591412 1.53900349 1.67589671 1.78256563
 1.53996556 1.54302836] REAL [0.54797364] FAKE [0.4460474] 
48 epoch LOSS [-1.19008002] Parameters [1.53738894 1.60274289 1.62604749 1.53878005 1.67589534 1.78256406
 1.54005737 1.54279077] REAL [0.54707354] FAKE [0.44395607] 
49 epoch LOSS [-1.1838068] Parameters [1.53738757 1.60274231 1.62620275 1.53855153 1.67589364 1.78256462
 1.54020106 1.54253109] REAL [0.54843945] FAKE [0.44185049] 
50 epoch LOSS [-1.17119663] Parameters [1.53738614 1.6027437  1.62639796 1.53830047 1.67589191 1.78256385
 1.54041037 1.54228174] REAL [0.55316069] FAKE [0.43959183] 
51 epoch LOSS [-1.16006583] Parameters [1.53738687 1.60274262 1.62658252 1.53806057 1.67589108 1.78256276
 1.54056669 1.5420508 ] REAL [0.55696249] FAKE [0.43718733] 
52 epoch LOSS [-1.15957607] Parameters [1.53738712 1.60274251 1.62681052 1.53779988 1.67589317 1.78256306
 1.5407688  1.54177317] REAL [0.55495996] FAKE [0.43487976] 
53 epoch LOSS [-1.14768674] Parameters [1.53738739 1.60274373 1.62695298 1.53755418 1.67589225 1.78256422
 1.54096001 1.54151419] REAL [0.55915374] FAKE [0.43240999] 
54 epoch LOSS [-1.14168078] Parameters [1.53738828 1.60274112 1.62713999 1.53728026 1.6758948  1.78256227
 1.54117066 1.54125807] REAL [0.56012436] FAKE [0.42998029] 
55 epoch LOSS [-1.1396133] Parameters [1.53738612 1.602742   1.62734159 1.53703888 1.67589592 1.78256299
 1.54137116 1.5410398 ] REAL [0.55856484] FAKE [0.42720577] 
56 epoch LOSS [-1.12074744] Parameters [1.5373876  1.60274123 1.62762582 1.53677249 1.67590269 1.78255985
 1.54159257 1.54074137] REAL [0.56654482] FAKE [0.42451859] 
57 epoch LOSS [-1.12368813] Parameters [1.5373877  1.60274085 1.62785229 1.53642588 1.67590605 1.78255837
 1.54181995 1.54034377] REAL [0.56237694] FAKE [0.42195594] 
58 epoch LOSS [-1.10828097] Parameters [1.53738974 1.60273997 1.62818712 1.53608391 1.67590503 1.78255911
 1.54216263 1.53999128] REAL [0.56839507] FAKE [0.41919628] 
59 epoch LOSS [-1.0993874] Parameters [1.53738968 1.60273736 1.62854783 1.53569703 1.67590687 1.78255893
 1.54244128 1.53961064] REAL [0.5705878] FAKE [0.41625975] 
60 epoch LOSS [-1.09363269] Parameters [1.53739148 1.60274147 1.62882262 1.53534113 1.6759099  1.78255817
 1.54266035 1.53926391] REAL [0.57112509] FAKE [0.41344314] 
61 epoch LOSS [-1.08555943] Parameters [1.5373911  1.60273893 1.62927705 1.53500511 1.67590765 1.78255849
 1.54308273 1.53891887] REAL [0.57278173] FAKE [0.41039878] 
62 epoch LOSS [-1.07428104] Parameters [1.53739453 1.60273283 1.62980975 1.53455476 1.67591056 1.7825542
 1.54356211 1.53846288] REAL [0.57610003] FAKE [0.40714598] 
63 epoch LOSS [-1.06080713] Parameters [1.53739551 1.60273531 1.63027678 1.53416789 1.67590953 1.78255499
 1.54392511 1.53803731] REAL [0.58076854] FAKE [0.40393416] 
64 epoch LOSS [-1.05517717] Parameters [1.53739838 1.60273334 1.63074853 1.53373335 1.67590774 1.78255843
 1.54444542 1.53760497] REAL [0.58046756] FAKE [0.40025805] 
65 epoch LOSS [-1.04007023] Parameters [1.53739656 1.60273939 1.63110111 1.53328115 1.67591033 1.78256093
 1.54487436 1.53718792] REAL [0.58602035] FAKE [0.39689832] 
66 epoch LOSS [-1.02318809] Parameters [1.53739964 1.6027352  1.63157665 1.53278893 1.67591026 1.7825655
 1.54539647 1.53668379] REAL [0.59261519] FAKE [0.39345604] 
67 epoch LOSS [-1.019609] Parameters [1.53739596 1.60273689 1.63189198 1.5322601  1.67590875 1.78256427
 1.54576316 1.53613461] REAL [0.59083293] FAKE [0.38944507] 
68 epoch LOSS [-1.0046583] Parameters [1.53739667 1.60274337 1.63253527 1.53180598 1.6759163  1.78256802
 1.54646561 1.53569426] REAL [0.59628434] FAKE [0.38591422] 
69 epoch LOSS [-1.00329265] Parameters [1.5373979  1.60275097 1.63315699 1.5312062  1.6759163  1.78256038
 1.54706807 1.53510925] REAL [0.59350342] FAKE [0.38219373] 
70 epoch LOSS [-0.97798919] Parameters [1.53739842 1.60274904 1.63365007 1.53050863 1.67591513 1.78256949
 1.5474291  1.53444511] REAL [0.60503109] FAKE [0.37843436] 
71 epoch LOSS [-0.97406202] Parameters [1.53739969 1.60274952 1.63431933 1.5298541  1.67591834 1.78257145
 1.54813751 1.53380895] REAL [0.60359057] FAKE [0.37449931] 
72 epoch LOSS [-0.95613069] Parameters [1.53739897 1.60275261 1.63506291 1.52918904 1.67592139 1.78257621
 1.54888737 1.53318119] REAL [0.61041119] FAKE [0.37029777] 
73 epoch LOSS [-0.93935075] Parameters [1.53739527 1.60275186 1.63572178 1.52858814 1.67591625 1.78257387
 1.54953598 1.5325325 ] REAL [0.61639496] FAKE [0.36585865] 
74 epoch LOSS [-0.94204643] Parameters [1.53739774 1.6027419  1.63668236 1.52781406 1.67591104 1.78257334
 1.55055982 1.53178521] REAL [0.61033574] FAKE [0.36128718] 
75 epoch LOSS [-0.92929269] Parameters [1.53739571 1.60273825 1.6376627  1.52706554 1.67591244 1.78257895
 1.55164695 1.53100046] REAL [0.6143548] FAKE [0.35732107] 
76 epoch LOSS [-0.91004742] Parameters [1.53739749 1.60275129 1.63842546 1.52620673 1.67591409 1.78258184
 1.55246876 1.53012833] REAL [0.62193657] FAKE [0.35281964] 
77 epoch LOSS [-0.89715883] Parameters [1.53740285 1.60275829 1.63945349 1.52528037 1.67591222 1.78258271
 1.55344192 1.52924577] REAL [0.6260019] FAKE [0.3486818] 
78 epoch LOSS [-0.87320333] Parameters [1.53740405 1.60275552 1.64022608 1.52427138 1.67591464 1.78257994
 1.55415605 1.52833593] REAL [0.6363485] FAKE [0.3437375] 
79 epoch LOSS [-0.85713586] Parameters [1.5374004  1.60274837 1.64149521 1.52325176 1.67592462 1.78257614
 1.55541963 1.52726005] REAL [0.64224668] FAKE [0.33923237] 
80 epoch LOSS [-0.85184653] Parameters [1.53740769 1.60275618 1.6427946  1.52222175 1.67592642 1.78257701
 1.5566232  1.52626343] REAL [0.64111282] FAKE [0.33455327] 
81 epoch LOSS [-0.83221145] Parameters [1.53740527 1.60276083 1.64415726 1.52101572 1.6759273  1.78259176
 1.55800739 1.5251042 ] REAL [0.64950357] FAKE [0.33012524] 
82 epoch LOSS [-0.81550611] Parameters [1.53741066 1.60276263 1.64559398 1.51973691 1.67593295 1.78257702
 1.55947117 1.52379392] REAL [0.65593009] FAKE [0.32551446] 
83 epoch LOSS [-0.82578408] Parameters [1.53740072 1.60276363 1.64714984 1.51848751 1.67591721 1.78258991
 1.5610885  1.52257348] REAL [0.64475435] FAKE [0.32083977] 
84 epoch LOSS [-0.80340833] Parameters [1.53739923 1.60276086 1.64878042 1.51721617 1.67591827 1.78259903
 1.56271653 1.52117382] REAL [0.65466393] FAKE [0.31598476] 
85 epoch LOSS [-0.78826013] Parameters [1.53739475 1.6027629  1.65059072 1.51580054 1.67591864 1.78260399
 1.56450551 1.51978269] REAL [0.6598474] FAKE [0.31099962] 
86 epoch LOSS [-0.78472199] Parameters [1.53740205 1.6027755  1.65231527 1.51429717 1.67590582 1.78260046
 1.56623924 1.51821543] REAL [0.65790943] FAKE [0.30652076] 
87 epoch LOSS [-0.74728814] Parameters [1.53739054 1.60277434 1.65442432 1.51267719 1.67590181 1.78259351
 1.56852191 1.51659764] REAL [0.67775558] FAKE [0.3011503] 
88 epoch LOSS [-0.73837025] Parameters [1.53737511 1.60276305 1.65672828 1.51121163 1.67591208 1.78259971
 1.57075938 1.51514164] REAL [0.67955077] FAKE [0.29675288] 
89 epoch LOSS [-0.73012494] Parameters [1.53738942 1.60274523 1.65910559 1.50939506 1.67591055 1.78260313
 1.57316219 1.51321081] REAL [0.68043141] FAKE [0.29184811] 
90 epoch LOSS [-0.70740281] Parameters [1.53738287 1.60275549 1.66145246 1.50734748 1.67591549 1.78258122
 1.57587391 1.51118796] REAL [0.6912662] FAKE [0.28692774] 
91 epoch LOSS [-0.69308731] Parameters [1.53738996 1.60276712 1.66433477 1.50509954 1.67591062 1.7826083
 1.57857442 1.50894838] REAL [0.69622726] FAKE [0.28180069] 
92 epoch LOSS [-0.69676532] Parameters [1.53741297 1.60274937 1.66709798 1.50281262 1.67590516 1.78262409
 1.58152647 1.50670275] REAL [0.68912841] FAKE [0.27706623] 
93 epoch LOSS [-0.66933469] Parameters [1.53739541 1.60272832 1.6702026  1.50055947 1.67590035 1.78261651
 1.58464782 1.50442467] REAL [0.70428041] FAKE [0.27294706] 
94 epoch LOSS [-0.67590493] Parameters [1.53742097 1.60271512 1.67371399 1.49821112 1.67588913 1.7826205
 1.58807974 1.50199283] REAL [0.69557725] FAKE [0.26867091] 
95 epoch LOSS [-0.66092225] Parameters [1.53742874 1.60269208 1.67761361 1.49548802 1.67589863 1.7826213
 1.59192451 1.49936942] REAL [0.70128281] FAKE [0.26367098] 
96 epoch LOSS [-0.65508575] Parameters [1.53740571 1.60272019 1.68205721 1.49290248 1.6758761  1.78261761
 1.59606124 1.49671318] REAL [0.70156659] FAKE [0.25966041] 
97 epoch LOSS [-0.62570974] Parameters [1.53738693 1.60271142 1.68673307 1.4897352  1.67587175 1.7826169
 1.60057386 1.49350237] REAL [0.71836323] FAKE [0.25541614] 
98 epoch LOSS [-0.60374292] Parameters [1.53735281 1.60265886 1.6911836  1.4864546  1.67589763 1.7826405
 1.60518438 1.49008382] REAL [0.73096296] FAKE [0.2519986] 
99 epoch LOSS [-0.59046386] Parameters [1.53736997 1.60265715 1.69619986 1.4830675  1.67588822 1.78266756
 1.61034932 1.4868582 ] REAL [0.73585754] FAKE [0.24704147] 
100 epoch LOSS [-0.5965755] Parameters [1.53737208 1.60262314 1.70174562 1.47964361 1.67582138 1.78263726
 1.61607821 1.48338925] REAL [0.72697395] FAKE [0.24248418] 
101 epoch LOSS [-0.59845301] Parameters [1.53737465 1.60264145 1.70732073 1.47591532 1.67585534 1.78265022
 1.62149105 1.47965988] REAL [0.72335797] FAKE [0.24012546] 
102 epoch LOSS [-0.57038734] Parameters [1.53732491 1.60268693 1.71341645 1.47175128 1.67585138 1.78262408
 1.62772053 1.4756129 ] REAL [0.73950787] FAKE [0.235564] 
103 epoch LOSS [-0.55782142] Parameters [1.5372838  1.60270657 1.72025276 1.46742607 1.67587103 1.78264015
 1.63465285 1.47132964] REAL [0.74454355] FAKE [0.23113317] 
104 epoch LOSS [-0.55173181] Parameters [1.53725981 1.60271001 1.72729951 1.4631711  1.67584125 1.78262035
 1.64182962 1.46697839] REAL [0.7451667] FAKE [0.22708367] 
105 epoch LOSS [-0.53534105] Parameters [1.53725209 1.60270955 1.73495974 1.45839734 1.67585039 1.78262058
 1.64962666 1.46221623] REAL [0.75511595] FAKE [0.22466268] 
106 epoch LOSS [-0.53761226] Parameters [1.53726188 1.60275171 1.74306289 1.45373558 1.67587642 1.78260442
 1.65785355 1.45756431] REAL [0.74977071] FAKE [0.22090666] 
107 epoch LOSS [-0.51778381] Parameters [1.53724173 1.60275275 1.75165615 1.44839742 1.67587881 1.78262205
 1.66662811 1.45238407] REAL [0.76083628] FAKE [0.2168623] 
108 epoch LOSS [-0.50096067] Parameters [1.5372464  1.6027217  1.76105053 1.44269715 1.67580973 1.78263989
 1.67606098 1.44664371] REAL [0.77289194] FAKE [0.21599872] 
109 epoch LOSS [-0.50042917] Parameters [1.53732029 1.60276231 1.77131817 1.43696596 1.67577329 1.78259563
 1.6863388  1.44086507] REAL [0.76796888] FAKE [0.21055342] 
110 epoch LOSS [-0.48651792] Parameters [1.53744588 1.60266706 1.78267878 1.43045223 1.67579791 1.78259687
 1.69769814 1.43455021] REAL [0.77784292] FAKE [0.2096562] 
111 epoch LOSS [-0.47464392] Parameters [1.53752425 1.60270666 1.7949063  1.4235816  1.67579488 1.78262446
 1.70984169 1.42793506] REAL [0.78360019] FAKE [0.2060919] 
112 epoch LOSS [-0.48150682] Parameters [1.53752882 1.60270016 1.80790271 1.41649108 1.67586499 1.78257279
 1.72309436 1.42067408] REAL [0.77518595] FAKE [0.20296324] 
113 epoch LOSS [-0.46601254] Parameters [1.53746082 1.60271001 1.82180697 1.40888478 1.67579592 1.78250427
 1.73732773 1.41311697] REAL [0.78490582] FAKE [0.20054177] 
114 epoch LOSS [-0.47392819] Parameters [1.537438   1.60271286 1.83712823 1.40076562 1.67582341 1.78253049
 1.75287334 1.40515283] REAL [0.77750205] FAKE [0.1992922] 
115 epoch LOSS [-0.44720809] Parameters [1.53744153 1.60275027 1.85367764 1.39237955 1.67583079 1.78246663
 1.76980947 1.39645149] REAL [0.79810509] FAKE [0.19883879] 
116 epoch LOSS [-0.46468236] Parameters [1.53738857 1.60268528 1.87230972 1.38333775 1.67586099 1.78247646
 1.78854421 1.38739915] REAL [0.77958269] FAKE [0.19401153] 
117 epoch LOSS [-0.43743034] Parameters [1.53742814 1.6026179  1.89230087 1.37330413 1.67586715 1.7824288
 1.80880864 1.37773042] REAL [0.80064936] FAKE [0.19353773] 
118 epoch LOSS [-0.43828848] Parameters [1.5375124  1.60266808 1.91420192 1.36284615 1.67580531 1.78236992
 1.83090385 1.36741786] REAL [0.79908093] FAKE [0.19264793] 
119 epoch LOSS [-0.43150183] Parameters [1.53753504 1.60253233 1.93852219 1.35208268 1.67581685 1.78247504
 1.85423158 1.35644717] REAL [0.80343142] FAKE [0.19155157] 
120 epoch LOSS [-0.43806962] Parameters [1.53746661 1.60264528 1.96488216 1.34021595 1.67588873 1.78255566
 1.88085668 1.34454105] REAL [0.80532987] FAKE [0.19873721] 
121 epoch LOSS [-0.42358523] Parameters [1.53753765 1.60282548 1.99343576 1.3270801  1.67588205 1.78247593
 1.91018411 1.33144248] REAL [0.80735275] FAKE [0.18908387] 
122 epoch LOSS [-0.44456655] Parameters [1.53777629 1.602813   2.02657986 1.3131337  1.67549644 1.78240222
 1.94290888 1.31738816] REAL [0.79784688] FAKE [0.19645973] 
123 epoch LOSS [-0.43949067] Parameters [1.53784489 1.60273337 2.06413153 1.29704064 1.67539571 1.78243445
 1.98057325 1.30123584] REAL [0.80834781] FAKE [0.20286228] 
124 epoch LOSS [-0.46625924] Parameters [1.53799629 1.60286924 2.1071103  1.27971742 1.67530855 1.7827376
 2.02382134 1.28378923] REAL [0.78934092] FAKE [0.20522982] 
125 epoch LOSS [-0.47353774] Parameters [1.53809071 1.60293299 2.15602925 1.26036492 1.67539924 1.78313635
 2.0735414  1.26440759] REAL [0.79915284] FAKE [0.22068089] 
126 epoch LOSS [-0.47781369] Parameters [1.53794797 1.60288405 2.21151357 1.23838475 1.67524121 1.78325941
 2.12883432 1.24228714] REAL [0.80562382] FAKE [0.23023909] 
127 epoch LOSS [-0.52665195] Parameters [1.53793301 1.60298906 2.27491474 1.21267714 1.67531634 1.78322973
 2.19215389 1.21672129] REAL [0.78455156] FAKE [0.24724011] 
128 epoch LOSS [-0.55732097] Parameters [1.53803442 1.60356147 2.34752251 1.1831159  1.67498618 1.78312385
 2.26369893 1.18842322] REAL [0.77980814] FAKE [0.26553549] 
129 epoch LOSS [-0.6251891] Parameters [1.53832379 1.60411715 2.42905713 1.14877483 1.67463286 1.78304642
 2.34482167 1.15427436] REAL [0.77517121] FAKE [0.30962319] 
130 epoch LOSS [-0.72590732] Parameters [1.53897106 1.60384298 2.51677278 1.11111099 1.67497149 1.78322701
 2.43273583 1.1144872 ] REAL [0.73244132] FAKE [0.33935277] 
131 epoch LOSS [-0.84619322] Parameters [1.53884917 1.60370686 2.60743592 1.06796032 1.67601684 1.78289894
 2.52322803 1.07164866] REAL [0.71127489] FAKE [0.39679424] 
132 epoch LOSS [-0.92676033] Parameters [1.53822691 1.60409456 2.69500669 1.02473792 1.67529362 1.78246836
 2.6103015  1.02704918] REAL [0.71002987] FAKE [0.44251077] 
133 epoch LOSS [-1.05150231] Parameters [1.53811513 1.60401133 2.77439639 0.98368209 1.67495398 1.78332704
 2.69021817 0.98588038] REAL [0.64247432] FAKE [0.45614569] 
134 epoch LOSS [-1.10798806] Parameters [1.53850107 1.60391817 2.84348814 0.94571806 1.67442768 1.78344994
 2.75943473 0.94845665] REAL [0.64022361] FAKE [0.48420727] 
135 epoch LOSS [-1.23964274] Parameters [1.5382345  1.60406357 2.90100412 0.91069706 1.67431774 1.78336143
 2.81681939 0.91375564] REAL [0.57785599] FAKE [0.49903155] 
136 epoch LOSS [-1.22134622] Parameters [1.53789846 1.60391141 2.94836385 0.8786263  1.67382097 1.78332706
 2.86535495 0.88146964] REAL [0.57350899] FAKE [0.48591392] 
137 epoch LOSS [-1.26610902] Parameters [1.5385217  1.60428089 2.98632827 0.84885981 1.67325357 1.7834548
 2.90308919 0.85148631] REAL [0.56301397] FAKE [0.49925494] 
138 epoch LOSS [-1.30017465] Parameters [1.53853325 1.604919   3.01762265 0.82015761 1.6726991  1.78338573
 2.93522896 0.82343772] REAL [0.5432871] FAKE [0.49845266] 
139 epoch LOSS [-1.34384913] Parameters [1.53818625 1.60515543 3.04195469 0.79321711 1.67256085 1.78368567
 2.95985812 0.7961387 ] REAL [0.53116406] FAKE [0.50892813] 
140 epoch LOSS [-1.36134218] Parameters [1.53819963 1.60506218 3.06385971 0.76694864 1.67226411 1.78331517
 2.98145719 0.76971565] REAL [0.51723753] FAKE [0.50445103] 
141 epoch LOSS [-1.41889803] Parameters [1.53816569 1.60499894 3.08180644 0.74153141 1.67199399 1.78311194
 2.99887285 0.74424038] REAL [0.49287343] FAKE [0.50904125] 
142 epoch LOSS [-1.42314883] Parameters [1.53836873 1.60500588 3.09579181 0.71684129 1.67179337 1.78321317
 3.01313211 0.71962289] REAL [0.48594825] FAKE [0.50415687] 
143 epoch LOSS [-1.36988397] Parameters [1.53840049 1.60507675 3.10799061 0.69293702 1.67164133 1.78308995
 3.02561564 0.69571167] REAL [0.51965735] FAKE [0.51095381] 
144 epoch LOSS [-1.38044314] Parameters [1.53851984 1.60500063 3.11839432 0.67018753 1.67158532 1.78329562
 3.03531854 0.67297077] REAL [0.51372813] FAKE [0.5105055] 
145 epoch LOSS [-1.4314139] Parameters [1.53854655 1.60506117 3.12659523 0.648517   1.67146094 1.78334438
 3.04381311 0.6512747 ] REAL [0.48480142] FAKE [0.50707487] 
146 epoch LOSS [-1.41500617] Parameters [1.5385109  1.6050179  3.13381709 0.62796668 1.67148951 1.78340187
 3.05099942 0.63069791] REAL [0.49528841] FAKE [0.50952999] 
147 epoch LOSS [-1.37899965] Parameters [1.53841171 1.60496172 3.14056226 0.608515   1.67150429 1.78342545
 3.05791085 0.61119644] REAL [0.5160225] FAKE [0.51197798] 
148 epoch LOSS [-1.39369527] Parameters [1.538253   1.6049525  3.14520102 0.59057496 1.67161547 1.78359234
 3.06298761 0.59330965] REAL [0.50813765] FAKE [0.51163508] 
149 epoch LOSS [-1.42168389] Parameters [1.53835544 1.60502304 3.14901302 0.57387548 1.67160233 1.78365824
 3.06663088 0.5765976 ] REAL [0.4952808] FAKE [0.51278681] 
150 epoch LOSS [-1.39799723] Parameters [1.53823085 1.60496015 3.15275308 0.5585913  1.67162889 1.78373554
 3.06993342 0.56139604] REAL [0.50316919] FAKE [0.50892992] 
151 epoch LOSS [-1.37842739] Parameters [1.53821312 1.60487411 3.15620732 0.54463842 1.67152266 1.78369643
 3.07318786 0.54749953] REAL [0.51162354] FAKE [0.50750018] 
152 epoch LOSS [-1.42404525] Parameters [1.53817419 1.60500967 3.15886938 0.53227207 1.67150776 1.78378504
 3.07561216 0.53502436] REAL [0.48976594] FAKE [0.50846276] 
153 epoch LOSS [-1.46564943] Parameters [1.53820021 1.60498048 3.1618209  0.52120725 1.67150257 1.78376801
 3.07836755 0.52391603] REAL [0.46698614] FAKE [0.50549288] 
154 epoch LOSS [-1.39336481] Parameters [1.5382292  1.6049875  3.16379358 0.51160027 1.67153244 1.7837284
 3.08089762 0.51420989] REAL [0.50181812] FAKE [0.50532153] 
155 epoch LOSS [-1.47251167] Parameters [1.53820938 1.60503267 3.16505177 0.50331535 1.67149845 1.78378634
 3.08266313 0.50590316] REAL [0.46356378] FAKE [0.50524885] 
156 epoch LOSS [-1.42724912] Parameters [1.53816641 1.60503417 3.16672347 0.49631971 1.6715123  1.78375512
 3.08473899 0.4989569 ] REAL [0.48214876] FAKE [0.5022944] 
157 epoch LOSS [-1.35870413] Parameters [1.53818813 1.60504105 3.16825984 0.49061432 1.67155624 1.78375024
 3.08615723 0.49336443] REAL [0.51532699] FAKE [0.50129996] 
158 epoch LOSS [-1.44722285] Parameters [1.5381565  1.60499836 3.17003563 0.48616819 1.67155861 1.78378612
 3.08787055 0.48895644] REAL [0.46982966] FAKE [0.49934487] 
159 epoch LOSS [-1.39588102] Parameters [1.53816849 1.60500393 3.1704822  0.48305326 1.67155988 1.78377895
 3.08855697 0.48584937] REAL [0.49353477] FAKE [0.49828299] 
160 epoch LOSS [-1.36105284] Parameters [1.5381709  1.60499867 3.17127213 0.48129527 1.67156867 1.7837769
 3.08958232 0.48404946] REAL [0.50911694] FAKE [0.49640117] 
161 epoch LOSS [-1.33959015] Parameters [1.53817092 1.60499308 3.17272367 0.4807252  1.67157073 1.78376446
 3.09105632 0.48351216] REAL [0.51905046] FAKE [0.49532265] 
162 epoch LOSS [-1.42614018] Parameters [1.53817279 1.60498361 3.17429953 0.48135681 1.67156519 1.78378688
 3.09229659 0.484133  ] REAL [0.47358926] FAKE [0.49273681] 
163 epoch LOSS [-1.38508153] Parameters [1.53820185 1.60500349 3.17531279 0.48318861 1.67157046 1.78380316
 3.09301624 0.48598638] REAL [0.49104114] FAKE [0.49025984] 
164 epoch LOSS [-1.36114842] Parameters [1.53821894 1.60500902 3.17604664 0.48630657 1.67156827 1.78384184
 3.09361159 0.48910791] REAL [0.50346541] FAKE [0.49079681] 
165 epoch LOSS [-1.37434067] Parameters [1.53825348 1.60500847 3.17673585 0.4906347  1.67156448 1.7838715
 3.09431336 0.49343314] REAL [0.49556323] FAKE [0.48945696] 
166 epoch LOSS [-1.41645551] Parameters [1.53829054 1.60492421 3.17736401 0.49616512 1.6715647  1.78388075
 3.09493356 0.49895919] REAL [0.47256629] FAKE [0.48669151] 
167 epoch LOSS [-1.3177942] Parameters [1.53824658 1.60490165 3.17793455 0.50289282 1.67156609 1.78386813
 3.09549243 0.50569082] REAL [0.52117454] FAKE [0.48630414] 
168 epoch LOSS [-1.34045037] Parameters [1.53827654 1.6048753  3.17807383 0.51083143 1.67156736 1.78390108
 3.09551103 0.51358721] REAL [0.504533] FAKE [0.48124747] 
169 epoch LOSS [-1.30217012] Parameters [1.5383552  1.60489496 3.17840324 0.51994003 1.67158287 1.78388509
 3.09594911 0.52271079] REAL [0.52395814] FAKE [0.48098715] 
170 epoch LOSS [-1.3542139] Parameters [1.53830116 1.60488871 3.17847521 0.53023731 1.67167175 1.78396423
 3.09578178 0.53304843] REAL [0.49769801] FAKE [0.48131168] 
171 epoch LOSS [-1.27884288] Parameters [1.53837441 1.60488877 3.17925295 0.54168986 1.6716709  1.78397889
 3.09589015 0.54452815] REAL [0.53555128] FAKE [0.48023799] 
172 epoch LOSS [-1.33476848] Parameters [1.53832502 1.60486399 3.17999117 0.55439434 1.67163762 1.78402547
 3.0962075  0.55718601] REAL [0.50802614] FAKE [0.4818788] 
173 epoch LOSS [-1.27604601] Parameters [1.53831663 1.60475695 3.18029972 0.5682569  1.67176081 1.78401365
 3.09671868 0.57107148] REAL [0.54118513] FAKE [0.48420823] 
174 epoch LOSS [-1.31298963] Parameters [1.53826529 1.6048223  3.18083729 0.58331744 1.67179199 1.784124
 3.09726217 0.58608613] REAL [0.51882204] FAKE [0.48148965] 
175 epoch LOSS [-1.35428668] Parameters [1.53824668 1.60476617 3.18120261 0.59954618 1.67178099 1.78406635
 3.09756365 0.60230155] REAL [0.5018674] FAKE [0.48565825] 
176 epoch LOSS [-1.33812163] Parameters [1.53806021 1.60474745 3.18130008 0.61692805 1.67185809 1.78410015
 3.09732572 0.61951684] REAL [0.50461977] FAKE [0.48012743] 
177 epoch LOSS [-1.36962824] Parameters [1.53801569 1.60475929 3.18193666 0.63527431 1.67182925 1.78400932
 3.09781647 0.63782318] REAL [0.49212962] FAKE [0.48346648] 
178 epoch LOSS [-1.358634] Parameters [1.53799647 1.60468321 3.18234424 0.65439555 1.67165041 1.78385545
 3.09816114 0.65709658] REAL [0.49731827] FAKE [0.48320496] 
179 epoch LOSS [-1.38280175] Parameters [1.53807839 1.60445606 3.18247949 0.67447422 1.67157587 1.78365447
 3.0991124  0.67720093] REAL [0.49106208] FAKE [0.4891182] 
180 epoch LOSS [-1.31386517] Parameters [1.53812847 1.60455032 3.18283355 0.69529411 1.67169728 1.78380787
 3.09972294 0.69808959] REAL [0.52338066] FAKE [0.48645567] 
181 epoch LOSS [-1.3363959] Parameters [1.53821344 1.60469946 3.18295773 0.7167715  1.67183085 1.78375931
 3.10017111 0.71948779] REAL [0.51677003] FAKE [0.49147382] 
182 epoch LOSS [-1.30302576] Parameters [1.53813396 1.60468188 3.18308361 0.73880152 1.67176005 1.783694
 3.10035997 0.74142136] REAL [0.53490746] FAKE [0.49204593] 
183 epoch LOSS [-1.43704466] Parameters [1.53794162 1.60466968 3.18276368 0.76124532 1.67160382 1.78362465
 3.10001402 0.7636841 ] REAL [0.47047485] FAKE [0.49491668] 
184 epoch LOSS [-1.34523783] Parameters [1.53813252 1.6045854  3.18321941 0.7837278  1.67177645 1.78354725
 3.10014805 0.78617687] REAL [0.51517428] FAKE [0.49438907] 
185 epoch LOSS [-1.32151106] Parameters [1.53802864 1.60447425 3.18342445 0.80635969 1.6716154  1.78351298
 3.1005711  0.80885753] REAL [0.53494121] FAKE [0.50138082] 
186 epoch LOSS [-1.448301] Parameters [1.53792165 1.60457235 3.18369439 0.82875624 1.67160732 1.78354508
 3.10121424 0.83135076] REAL [0.47562156] FAKE [0.50597454] 
187 epoch LOSS [-1.36695744] Parameters [1.53802944 1.60464426 3.182965   0.85075885 1.67149387 1.78358883
 3.10061216 0.85358092] REAL [0.52120652] FAKE [0.51097835] 
188 epoch LOSS [-1.34895553] Parameters [1.53785999 1.60460842 3.18305757 0.87220727 1.67165842 1.7835947
 3.10058167 0.87506995] REAL [0.53081524] FAKE [0.51110829] 
189 epoch LOSS [-1.37610999] Parameters [1.53787897 1.60477296 3.18321009 0.89300013 1.67171339 1.78356321
 3.10090596 0.89571107] REAL [0.51544755] FAKE [0.51001979] 
190 epoch LOSS [-1.40243388] Parameters [1.53774338 1.60478821 3.18353375 0.91283551 1.67159504 1.78350984
 3.10133788 0.9155537 ] REAL [0.50063408] FAKE [0.50862813] 
191 epoch LOSS [-1.47387867] Parameters [1.53779062 1.60478707 3.18394153 0.93153502 1.67166571 1.78343799
 3.10120599 0.93420396] REAL [0.46746559] FAKE [0.51004862] 
192 epoch LOSS [-1.44664431] Parameters [1.53779217 1.60467684 3.18437393 0.94910551 1.67145498 1.78333383
 3.10194553 0.9517986 ] REAL [0.48350488] FAKE [0.51322363] 
193 epoch LOSS [-1.3971643] Parameters [1.53789442 1.60481818 3.18353583 0.9657039  1.67154365 1.78338129
 3.10100427 0.9683113 ] REAL [0.50660175] FAKE [0.51185081] 
194 epoch LOSS [-1.39875985] Parameters [1.5380438  1.60479032 3.18385051 0.98084516 1.67155955 1.78335391
 3.10078212 0.9836082 ] REAL [0.50273885] FAKE [0.50888424] 
195 epoch LOSS [-1.35460293] Parameters [1.53803616 1.60484999 3.18404877 0.99459071 1.6716489  1.78334732
 3.10057106 0.99741917] REAL [0.52797618] FAKE [0.51124739] 
196 epoch LOSS [-1.36232636] Parameters [1.53805465 1.60481264 3.18331195 1.00679403 1.67169954 1.78330468
 3.10006874 1.00968077] REAL [0.52263911] FAKE [0.51005506] 
197 epoch LOSS [-1.38283401] Parameters [1.53800449 1.6048174  3.18420619 1.01792107 1.67167221 1.78330211
 3.10112661 1.0208026 ] REAL [0.51043773] FAKE [0.50852656] 
198 epoch LOSS [-1.41525849] Parameters [1.53796777 1.6048282  3.18469084 1.02762376 1.67163366 1.78319286
 3.10223555 1.03041994] REAL [0.49488836] FAKE [0.50925734] 
199 epoch LOSS [-1.42955137] Parameters [1.53800573 1.60481507 3.18421034 1.03605562 1.67167615 1.78320519
 3.10231038 1.03874626] REAL [0.48603762] FAKE [0.50741198] 
200 epoch LOSS [-1.43312387] Parameters [1.53803057 1.60483206 3.18244878 1.04311859 1.67165531 1.78317682
 3.10051194 1.04577288] REAL [0.48323516] FAKE [0.5063221] 
201 epoch LOSS [-1.41625013] Parameters [1.53805    1.6048121  3.18318879 1.04883881 1.67169316 1.78319702
 3.10090394 1.05148104] REAL [0.49182358] FAKE [0.50668873] 
202 epoch LOSS [-1.40170029] Parameters [1.53804014 1.60482527 3.18302586 1.0533163  1.6716795  1.78322997
 3.10066513 1.055909  ] REAL [0.49676524] FAKE [0.50443789] 
203 epoch LOSS [-1.39879801] Parameters [1.53802956 1.60483477 3.18291944 1.05643436 1.67165915 1.78321805
 3.10041466 1.0590384 ] REAL [0.49617786] FAKE [0.50240918] 
204 epoch LOSS [-1.4262152] Parameters [1.53803841 1.6048222  3.18298257 1.0583704  1.67164954 1.78322198
 3.10125623 1.06095887] REAL [0.48190503] FAKE [0.50152757] 
205 epoch LOSS [-1.36596105] Parameters [1.5380316  1.60483569 3.18313752 1.05891861 1.67166774 1.78321098
 3.1017741  1.06152955] REAL [0.5087848] FAKE [0.49853973] 
206 epoch LOSS [-1.39388674] Parameters [1.5380436  1.60484151 3.1823679  1.05832043 1.6716699  1.7832016
 3.10161131 1.06090767] REAL [0.49361835] FAKE [0.49736655] 
207 epoch LOSS [-1.4095429] Parameters [1.5380297  1.60485328 3.18263031 1.05650757 1.67167913 1.78318176
 3.10080216 1.0590779 ] REAL [0.48484814] FAKE [0.4962239] 
208 epoch LOSS [-1.37900659] Parameters [1.53801295 1.60486571 3.18308095 1.05352372 1.67167428 1.78321499
 3.10091123 1.05607566] REAL [0.49840898] FAKE [0.49473503] 
209 epoch LOSS [-1.36924762] Parameters [1.53803756 1.60484808 3.18309889 1.04932177 1.67166922 1.78324141
 3.10077859 1.05188242] REAL [0.5053125] FAKE [0.49675059] 
210 epoch LOSS [-1.2988449] Parameters [1.53802185 1.60476553 3.18274467 1.04389612 1.67167895 1.78324452
 3.10055331 1.04646053] REAL [0.53968697] FAKE [0.49443513] 
211 epoch LOSS [-1.29388771] Parameters [1.53807439 1.60476374 3.18135717 1.03729903 1.6717395  1.78324666
 3.09950428 1.03988347] REAL [0.53943113] FAKE [0.49168175] 
212 epoch LOSS [-1.34705174] Parameters [1.53808388 1.60474797 3.18227326 1.02960523 1.67175221 1.78316321
 3.1002985  1.03218146] REAL [0.51321352] FAKE [0.49337715] 
213 epoch LOSS [-1.32497519] Parameters [1.53801705 1.60475152 3.18339428 1.02071675 1.67168239 1.78323659
 3.10081398 1.02323947] REAL [0.52354598] FAKE [0.49228996] 
214 epoch LOSS [-1.37520052] Parameters [1.5380519  1.60474823 3.18333271 1.01078457 1.67167343 1.78320512
 3.10031466 1.01327838] REAL [0.49393475] FAKE [0.48821397] 
215 epoch LOSS [-1.35459881] Parameters [1.53802942 1.60475996 3.18321762 0.99977774 1.67167013 1.78315979
 3.10006387 1.00229535] REAL [0.50389398] FAKE [0.48788672] 
216 epoch LOSS [-1.38836542] Parameters [1.5380426  1.6046602  3.18295022 0.98768189 1.67172542 1.78312793
 3.09986013 0.99014766] REAL [0.48891631] FAKE [0.48972295] 
217 epoch LOSS [-1.35633773] Parameters [1.53800122 1.60455993 3.18367655 0.97453855 1.67178528 1.78303643
 3.10085834 0.97698401] REAL [0.50453434] FAKE [0.48942532] 
218 epoch LOSS [-1.31244329] Parameters [1.53801036 1.6045287  3.18354991 0.96047142 1.67182585 1.78312886
 3.10108788 0.96285489] REAL [0.52726907] FAKE [0.48951754] 
219 epoch LOSS [-1.28068682] Parameters [1.53802875 1.60454928 3.18370841 0.94540601 1.67180662 1.78313666
 3.10159627 0.9478016 ] REAL [0.54352983] FAKE [0.48881112] 
220 epoch LOSS [-1.38225818] Parameters [1.5379975  1.60456898 3.18375088 0.92945596 1.6718268  1.78315033
 3.10221953 0.93186406] REAL [0.49327966] FAKE [0.49113838] 
221 epoch LOSS [-1.39740146] Parameters [1.53802945 1.60475743 3.18411037 0.91270183 1.67188002 1.78317724
 3.10267319 0.91512436] REAL [0.48750159] FAKE [0.49284558] 
222 epoch LOSS [-1.31169623] Parameters [1.53802632 1.60482497 3.18408094 0.89512559 1.67190527 1.78307634
 3.10269185 0.89755423] REAL [0.53268722] FAKE [0.49433221] 
223 epoch LOSS [-1.32767039] Parameters [1.5380482  1.60506962 3.18436192 0.87709446 1.67178914 1.78317703
 3.10287691 0.87940339] REAL [0.52566651] FAKE [0.49569907] 
224 epoch LOSS [-1.36616733] Parameters [1.53808306 1.60495866 3.18378595 0.85854342 1.67195692 1.78304048
 3.10220604 0.86090956] REAL [0.50614869] FAKE [0.49603201] 
225 epoch LOSS [-1.36513544] Parameters [1.53820356 1.60482779 3.18328092 0.83969804 1.671925   1.78300781
 3.10240869 0.84198061] REAL [0.50424168] FAKE [0.49360376] 
226 epoch LOSS [-1.38709411] Parameters [1.53814939 1.60476612 3.18269177 0.82064512 1.67212309 1.78291168
 3.10178423 0.82279137] REAL [0.49324831] FAKE [0.49356108] 
227 epoch LOSS [-1.35484122] Parameters [1.53824213 1.60480491 3.18352572 0.80149071 1.67209134 1.78275249
 3.10253741 0.80368319] REAL [0.51410251] FAKE [0.49817741] 
228 epoch LOSS [-1.36584803] Parameters [1.53831148 1.60489898 3.18345263 0.78228193 1.67220911 1.78284393
 3.10244124 0.78451787] REAL [0.51004952] FAKE [0.49972662] 
229 epoch LOSS [-1.4248531] Parameters [1.53832982 1.60476066 3.1828897  0.76336734 1.67227951 1.78308202
 3.10213618 0.76554616] REAL [0.48224956] FAKE [0.50120473] 
230 epoch LOSS [-1.4102729] Parameters [1.53824862 1.60490565 3.1837685  0.74459346 1.67211977 1.78308042
 3.10261105 0.7467622 ] REAL [0.49257717] FAKE [0.5044905] 
231 epoch LOSS [-1.35933072] Parameters [1.53813386 1.60489682 3.18340824 0.72639117 1.67205738 1.78311645
 3.10219595 0.72860119] REAL [0.52062699] FAKE [0.50668595] 
232 epoch LOSS [-1.37994508] Parameters [1.53817502 1.60478375 3.18271108 0.70857326 1.67206558 1.78313501
 3.10122477 0.71076619] REAL [0.51040111] FAKE [0.50706931] 
233 epoch LOSS [-1.45305314] Parameters [1.53815829 1.60468465 3.18313912 0.69164095 1.67207773 1.78307545
 3.10277548 0.69375237] REAL [0.4706101] FAKE [0.50308078] 
234 epoch LOSS [-1.44705661] Parameters [1.5382392  1.60475239 3.18311487 0.67562533 1.67204877 1.78309979
 3.10294266 0.67770683] REAL [0.47791762] FAKE [0.5077358] 
235 epoch LOSS [-1.37119031] Parameters [1.53823816 1.60481894 3.18246939 0.66042366 1.67204133 1.78318276
 3.10260455 0.66243844] REAL [0.5142718] FAKE [0.50647756] 
236 epoch LOSS [-1.35632643] Parameters [1.53811569 1.60486538 3.18174276 0.64608084 1.67204416 1.7832489
 3.10210354 0.64816702] REAL [0.52353654] FAKE [0.50795149] 
237 epoch LOSS [-1.40173821] Parameters [1.53801324 1.60490103 3.18182579 0.63285061 1.67203357 1.78327617
 3.10214425 0.63489088] REAL [0.49790549] FAKE [0.50559151] 
238 epoch LOSS [-1.43374538] Parameters [1.53802    1.60482149 3.18235986 0.62059479 1.67205705 1.78329622
 3.10223314 0.62263135] REAL [0.4838536] FAKE [0.50725943] 
239 epoch LOSS [-1.42381745] Parameters [1.53805054 1.60482437 3.18239451 0.60950201 1.67204331 1.78327287
 3.10190933 0.61162179] REAL [0.48755525] FAKE [0.50612152] 
240 epoch LOSS [-1.47539811] Parameters [1.53807121 1.60478808 3.18258847 0.59966684 1.67198293 1.78332015
 3.10158504 0.60177425] REAL [0.46367315] FAKE [0.50679123] 
241 epoch LOSS [-1.37073213] Parameters [1.53806631 1.60479659 3.18311305 0.59088774 1.67197122 1.78337025
 3.1019413  0.59298484] REAL [0.51209941] FAKE [0.50415685] 
242 epoch LOSS [-1.40532916] Parameters [1.53804841 1.6047247  3.18291708 0.5833254  1.67198104 1.78337179
 3.10173682 0.58552749] REAL [0.492037] FAKE [0.50148809] 
243 epoch LOSS [-1.40803513] Parameters [1.53802979 1.6047024  3.18324153 0.57706839 1.67197166 1.78334807
 3.10196129 0.57925192] REAL [0.48828694] FAKE [0.49901698] 
244 epoch LOSS [-1.43305687] Parameters [1.53802374 1.60467576 3.18301787 0.57207163 1.67200188 1.7833574
 3.10156356 0.574303  ] REAL [0.47776283] FAKE [0.50063402] 
245 epoch LOSS [-1.43913979] Parameters [1.53801955 1.6046612  3.18234404 0.56812799 1.67201455 1.78335581
 3.10133643 0.57028623] REAL [0.47365144] FAKE [0.49935409] 
246 epoch LOSS [-1.33494375] Parameters [1.53801417 1.60464163 3.18222414 0.56531217 1.67202695 1.78334684
 3.10127295 0.56758165] REAL [0.52358428] FAKE [0.49736272] 
247 epoch LOSS [-1.39193326] Parameters [1.53801527 1.60464284 3.18252753 0.56369419 1.67203128 1.78334689
 3.10109822 0.56596207] REAL [0.49376977] FAKE [0.49653815] 
248 epoch LOSS [-1.35608584] Parameters [1.53800767 1.60464433 3.18256914 0.56325692 1.67201181 1.78332842
 3.10111778 0.56553047] REAL [0.51006356] FAKE [0.49483284] 
249 epoch LOSS [-1.35683735] Parameters [1.53802994 1.6046455  3.18215672 0.56377445 1.67203663 1.7833482
 3.10090627 0.56608591] REAL [0.50869418] FAKE [0.49385348] 
250 epoch LOSS [-1.31346682] Parameters [1.53802259 1.60467449 3.18141059 0.56537382 1.67202414 1.78334286
 3.10028841 0.56774355] REAL [0.52923569] FAKE [0.49193476] 
251 epoch LOSS [-1.31487119] Parameters [1.53801718 1.60465873 3.18161004 0.56806701 1.67198342 1.78338882
 3.10022925 0.57039343] REAL [0.52788661] FAKE [0.49135116] 
252 epoch LOSS [-1.38858169] Parameters [1.53799197 1.60467167 3.18125049 0.57176405 1.67194174 1.78341865
 3.10030773 0.57404429] REAL [0.48858479] FAKE [0.48948714] 
253 epoch LOSS [-1.30769357] Parameters [1.53799353 1.60468753 3.1812456  0.5765063  1.67193181 1.78344738
 3.10041188 0.57877776] REAL [0.52881262] FAKE [0.48858427] 
254 epoch LOSS [-1.31792437] Parameters [1.53789388 1.60474082 3.18159715 0.58228489 1.67195755 1.78344792
 3.10061605 0.58459379] REAL [0.52224077] FAKE [0.48741966] 
255 epoch LOSS [-1.31828519] Parameters [1.53793186 1.60470554 3.18152261 0.58891891 1.67199527 1.78346218
 3.10050722 0.5912208 ] REAL [0.52268491] FAKE [0.48803997] 
256 epoch LOSS [-1.360305] Parameters [1.53786026 1.60476272 3.18213267 0.59654707 1.67192856 1.78344389
 3.1007956  0.59887884] REAL [0.50112964] FAKE [0.48799175] 
257 epoch LOSS [-1.38481024] Parameters [1.53787298 1.60476052 3.18205427 0.60503598 1.67191875 1.78340718
 3.10100391 0.60730091] REAL [0.49150128] FAKE [0.49059887] 
258 epoch LOSS [-1.40461463] Parameters [1.53784989 1.60475189 3.1823317  0.61434106 1.67190444 1.78338305
 3.10115754 0.6166352 ] REAL [0.48039851] FAKE [0.48904581] 
259 epoch LOSS [-1.3775345] Parameters [1.53766862 1.60484714 3.18233448 0.62448844 1.67189135 1.78326798
 3.10079698 0.62678348] REAL [0.49538585] FAKE [0.49090273] 
260 epoch LOSS [-1.37433578] Parameters [1.53769758 1.60484003 3.18261295 0.63547108 1.67175326 1.78323147
 3.10113204 0.63774281] REAL [0.50009418] FAKE [0.49408011] 
261 epoch LOSS [-1.30795774] Parameters [1.53785614 1.60485506 3.18229291 0.64718505 1.67167192 1.78323977
 3.10104983 0.64946312] REAL [0.53026753] FAKE [0.49012216] 
262 epoch LOSS [-1.35717767] Parameters [1.53786313 1.60488589 3.18277354 0.65954911 1.67155087 1.78322789
 3.10150748 0.66178522] REAL [0.50476073] FAKE [0.49008279] 
263 epoch LOSS [-1.38969777] Parameters [1.53789066 1.60486184 3.18352256 0.67244592 1.67150007 1.78326813
 3.10203982 0.67473838] REAL [0.49018005] FAKE [0.49171617] 
264 epoch LOSS [-1.35719706] Parameters [1.5379012  1.6048718  3.18245199 0.6859868  1.67144614 1.78328811
 3.10124583 0.68825193] REAL [0.50562796] FAKE [0.49096725] 
265 epoch LOSS [-1.36554504] Parameters [1.5379742  1.60497868 3.18305614 0.69995661 1.67164563 1.78327828
 3.10160942 0.70222903] REAL [0.49823696] FAKE [0.48771058] 
266 epoch LOSS [-1.39769847] Parameters [1.53793042 1.60507044 3.18296901 0.71430432 1.67175306 1.78340261
 3.10170979 0.71663711] REAL [0.48841024] FAKE [0.49393943] 
267 epoch LOSS [-1.30836115] Parameters [1.53782766 1.60503728 3.18296298 0.72904402 1.67166036 1.78346518
 3.10170968 0.73136762] REAL [0.53396799] FAKE [0.49385989] 
268 epoch LOSS [-1.39267607] Parameters [1.53778517 1.60513455 3.1830783  0.74401072 1.67177003 1.78350955
 3.10161722 0.74629881] REAL [0.48728155] FAKE [0.49021331] 
269 epoch LOSS [-1.4081936] Parameters [1.53775787 1.60514754 3.18345348 0.75907917 1.67179764 1.7835705
 3.10192996 0.7613267 ] REAL [0.48363763] FAKE [0.49428108] 
270 epoch LOSS [-1.40111938] Parameters [1.53784164 1.6051272  3.18381703 0.77412533 1.67183576 1.78349711
 3.1021115  0.77649708] REAL [0.48806737] FAKE [0.49531335] 
271 epoch LOSS [-1.34629984] Parameters [1.5378554  1.60515048 3.18360127 0.78916654 1.67186412 1.78341508
 3.10224666 0.79159829] REAL [0.51492714] FAKE [0.49468333] 
272 epoch LOSS [-1.36565504] Parameters [1.53778838 1.60514991 3.1832534  0.8040011  1.67179233 1.7832862
 3.10186168 0.80641986] REAL [0.50724492] FAKE [0.49686348] 
273 epoch LOSS [-1.35186598] Parameters [1.53781118 1.60518735 3.18230217 0.81847398 1.67183297 1.78333383
 3.10102532 0.82101215] REAL [0.51879668] FAKE [0.50123625] 
274 epoch LOSS [-1.35874445] Parameters [1.5377994  1.60515799 3.18248673 0.83281951 1.6717971  1.78326419
 3.10160056 0.83522506] REAL [0.51698142] FAKE [0.50291592] 
275 epoch LOSS [-1.37598151] Parameters [1.53789033 1.60517218 3.18165868 0.84651553 1.67174797 1.78320108
 3.10154522 0.84899339] REAL [0.51009946] FAKE [0.50481901] 
276 epoch LOSS [-1.34120322] Parameters [1.5379702  1.60507408 3.18126847 0.85988627 1.67172445 1.78319017
 3.10080223 0.86225285] REAL [0.52793218] FAKE [0.50461288] 
277 epoch LOSS [-1.46625345] Parameters [1.53794938 1.60511819 3.18229113 0.87250459 1.67161225 1.78317633
 3.10110275 0.87490669] REAL [0.46437513] FAKE [0.50301273] 
278 epoch LOSS [-1.44381468] Parameters [1.53787631 1.60504645 3.18226452 0.88435817 1.67162171 1.78314541
 3.10147865 0.88687131] REAL [0.47659885] FAKE [0.50477078] 
279 epoch LOSS [-1.40406067] Parameters [1.53785754 1.60499226 3.18172027 0.89537946 1.67168246 1.78315742
 3.10131928 0.89775906] REAL [0.49536476] FAKE [0.50420848] 
280 epoch LOSS [-1.44412082] Parameters [1.53784728 1.60501464 3.18102027 0.90553038 1.67167369 1.78312383
 3.100877   0.90780986] REAL [0.47990141] FAKE [0.50832937] 
281 epoch LOSS [-1.46196128] Parameters [1.53782759 1.60497686 3.18089547 0.91477415 1.67161749 1.78322709
 3.10090872 0.91701659] REAL [0.46882997] FAKE [0.50561769] 
282 epoch LOSS [-1.41476223] Parameters [1.5378309  1.60497779 3.18115227 0.92308555 1.67167136 1.78324582
 3.10142285 0.925197  ] REAL [0.49185082] FAKE [0.50598154] 
283 epoch LOSS [-1.42782058] Parameters [1.5378796  1.60494103 3.18157687 0.93035803 1.6716587  1.7832851
 3.10098068 0.93248673] REAL [0.4862872] FAKE [0.50681193] 
284 epoch LOSS [-1.38431226] Parameters [1.53786418 1.6049714  3.18125127 0.93672517 1.67163512 1.78329307
 3.10123505 0.93871112] REAL [0.50537333] FAKE [0.50433472] 
285 epoch LOSS [-1.40621023] Parameters [1.53785071 1.6050018  3.18140466 0.94205461 1.67164908 1.78330661
 3.10108853 0.94390239] REAL [0.49522037] FAKE [0.50512882] 
286 epoch LOSS [-1.41439412] Parameters [1.53786908 1.60501428 3.18039986 0.94627454 1.67164963 1.78333305
 3.10063146 0.94817155] REAL [0.48862377] FAKE [0.50253579] 
287 epoch LOSS [-1.40667609] Parameters [1.53785125 1.60501434 3.18012136 0.94960242 1.67163216 1.7833272
 3.10080686 0.95141712] REAL [0.49284988] FAKE [0.50298021] 
288 epoch LOSS [-1.35673573] Parameters [1.53786808 1.6049956  3.17945405 0.9518414  1.6716368  1.78332092
 3.10069666 0.9536504 ] REAL [0.51483959] FAKE [0.4998443] 
289 epoch LOSS [-1.3437596] Parameters [1.5378617  1.60500162 3.17966869 0.95326204 1.67164224 1.78330364
 3.10165769 0.95505717] REAL [0.52252413] FAKE [0.50076357] 
290 epoch LOSS [-1.42425128] Parameters [1.53786695 1.60498707 3.18011737 0.95377611 1.67162189 1.78329097
 3.10184488 0.95557201] REAL [0.48082871] FAKE [0.49942963] 
291 epoch LOSS [-1.42838467] Parameters [1.53785813 1.60495375 3.18006556 0.95328203 1.67159216 1.78331848
 3.10206968 0.95505556] REAL [0.47887089] FAKE [0.49945632] 
292 epoch LOSS [-1.42699976] Parameters [1.53787737 1.60495817 3.18009931 0.95179009 1.67159027 1.78334865
 3.10154528 0.95354207] REAL [0.47792535] FAKE [0.49777097] 
293 epoch LOSS [-1.38828077] Parameters [1.53785784 1.60499278 3.18055642 0.94943257 1.67162137 1.78331791
 3.10140779 0.95117454] REAL [0.49725395] FAKE [0.49823648] 
294 epoch LOSS [-1.33240458] Parameters [1.53786957 1.6050249  3.18146489 0.94624307 1.67161521 1.78333221
 3.10162372 0.9479505 ] REAL [0.52681529] FAKE [0.49917538] 
295 epoch LOSS [-1.4063984] Parameters [1.5379022  1.60499733 3.18058352 0.94210384 1.67163015 1.78329121
 3.1009468  0.94380662] REAL [0.48724068] FAKE [0.49711881] 
296 epoch LOSS [-1.31539332] Parameters [1.53790205 1.60494672 3.1812281  0.9371487  1.67159108 1.7833728
 3.10112132 0.93881491] REAL [0.53156805] FAKE [0.49513755] 
297 epoch LOSS [-1.42508673] Parameters [1.5379104  1.60492013 3.18109481 0.93146369 1.67159267 1.78335841
 3.1008861  0.93312433] REAL [0.47804712] FAKE [0.49693745] 
298 epoch LOSS [-1.33766907] Parameters [1.53789836 1.6049303  3.1811433  0.92501424 1.67171992 1.78337739
 3.10016726 0.92668909] REAL [0.52207204] FAKE [0.49727872] 
299 epoch LOSS [-1.39852329] Parameters [1.53784829 1.60498891 3.18054175 0.91782098 1.67172685 1.78345873
 3.0998027  0.91950761] REAL [0.49138504] FAKE [0.49741778] 
