RUN 20_11_2021__19_42_16 
0 epoch LOSS [-1.10758789] Parameters [1.50956419 1.59658053 1.66685134 1.65280577 1.50251572 1.44777569
 1.65313966 1.45483837] REAL [0.49307532] FAKE [0.33001138] 
1 epoch LOSS [-1.07789255] Parameters [1.5095447  1.59655253 1.66939503 1.65237133 1.50250598 1.44778299
 1.65567561 1.45435313] REAL [0.52242525] FAKE [0.34859205] 
2 epoch LOSS [-1.05407941] Parameters [1.50955045 1.59656461 1.67241526 1.65167103 1.50252241 1.44776656
 1.65876527 1.45359877] REAL [0.54664149] FAKE [0.36244665] 
3 epoch LOSS [-1.03564211] Parameters [1.50957544 1.5965804  1.67577142 1.65105668 1.50251996 1.44774989
 1.6619873  1.4529183 ] REAL [0.56475559] FAKE [0.3714124] 
4 epoch LOSS [-1.03286891] Parameters [1.50956952 1.59660367 1.67973084 1.64998423 1.50251219 1.44773907
 1.66583652 1.45179949] REAL [0.57211698] FAKE [0.37777724] 
5 epoch LOSS [-1.01241656] Parameters [1.5095472  1.59658599 1.68370212 1.64896429 1.50252603 1.44776565
 1.66996151 1.450774  ] REAL [0.58736712] FAKE [0.38140922] 
6 epoch LOSS [-1.00315963] Parameters [1.50954053 1.59660647 1.68813896 1.64802706 1.50251441 1.44779688
 1.6745112  1.44980606] REAL [0.59420423] FAKE [0.38284028] 
7 epoch LOSS [-0.99029001] Parameters [1.5095392  1.59659546 1.69311966 1.64717224 1.50256573 1.44777235
 1.6795837  1.44885995] REAL [0.60154204] FAKE [0.38247218] 
8 epoch LOSS [-0.98528959] Parameters [1.50955095 1.59656889 1.69852925 1.6461187  1.50254807 1.44777184
 1.68499341 1.44772614] REAL [0.60315966] FAKE [0.381041] 
9 epoch LOSS [-0.9682547] Parameters [1.50955646 1.59657335 1.70399518 1.64479739 1.5025536  1.44779635
 1.69064795 1.44640325] REAL [0.61115433] FAKE [0.37864266] 
10 epoch LOSS [-0.94911951] Parameters [1.50952848 1.59659692 1.70995598 1.64364234 1.50256082 1.44776341
 1.69658751 1.44514978] REAL [0.61983666] FAKE [0.37551016] 
11 epoch LOSS [-0.9382603] Parameters [1.50950793 1.59657949 1.71636929 1.64252712 1.50259131 1.44775002
 1.70324635 1.44406324] REAL [0.62444706] FAKE [0.3733528] 
12 epoch LOSS [-0.92775494] Parameters [1.50948376 1.5965546  1.72368188 1.64125282 1.50260538 1.44776395
 1.71050239 1.44287678] REAL [0.62713819] FAKE [0.36945236] 
13 epoch LOSS [-0.92662737] Parameters [1.50949485 1.59650397 1.73168382 1.63977253 1.50261791 1.44780167
 1.71837138 1.4414357 ] REAL [0.62463543] FAKE [0.36621168] 
14 epoch LOSS [-0.90133755] Parameters [1.50949239 1.59655496 1.7397516  1.63829401 1.50266477 1.44780893
 1.72641907 1.43992596] REAL [0.63731937] FAKE [0.36291562] 
15 epoch LOSS [-0.90423594] Parameters [1.50954185 1.59650806 1.74891679 1.63662096 1.50267903 1.44782984
 1.73578896 1.43839514] REAL [0.63206519] FAKE [0.35947889] 
16 epoch LOSS [-0.89176723] Parameters [1.50957247 1.59651699 1.75866466 1.63482798 1.5027953  1.44778281
 1.74530565 1.43658005] REAL [0.63566686] FAKE [0.35511713] 
17 epoch LOSS [-0.87673187] Parameters [1.50957166 1.59660519 1.76909574 1.633198   1.50288531 1.44780456
 1.75563251 1.43472227] REAL [0.64194216] FAKE [0.35174737] 
18 epoch LOSS [-0.86971118] Parameters [1.50949724 1.59663597 1.78015502 1.6311173  1.50289215 1.44784356
 1.76693827 1.43265833] REAL [0.64237378] FAKE [0.34761882] 
19 epoch LOSS [-0.84783104] Parameters [1.50957319 1.59659724 1.79260454 1.62889544 1.50289202 1.44788745
 1.77927659 1.43047056] REAL [0.65293652] FAKE [0.34397454] 
20 epoch LOSS [-0.84241191] Parameters [1.50955397 1.59669794 1.80595983 1.62682471 1.50289875 1.44788968
 1.79259415 1.42878741] REAL [0.65303693] FAKE [0.34051122] 
21 epoch LOSS [-0.83849356] Parameters [1.50952866 1.59669765 1.8198681  1.6240133  1.50295857 1.44789
 1.80640956 1.42623765] REAL [0.65136298] FAKE [0.33622055] 
22 epoch LOSS [-0.82671294] Parameters [1.50954127 1.59674885 1.83516256 1.62122173 1.502984   1.44800651
 1.82168989 1.4236574 ] REAL [0.65578044] FAKE [0.3328789] 
23 epoch LOSS [-0.8154661] Parameters [1.50958073 1.59677225 1.85229984 1.61871861 1.50289984 1.44796795
 1.83864219 1.42098426] REAL [0.660926] FAKE [0.33058608] 
24 epoch LOSS [-0.80007517] Parameters [1.50956639 1.5967914  1.87018586 1.6156475  1.50291558 1.44807593
 1.85645239 1.41830126] REAL [0.66616042] FAKE [0.32554506] 
25 epoch LOSS [-0.79625142] Parameters [1.50950776 1.59680708 1.8896149  1.61275915 1.50294742 1.44804799
 1.87569045 1.41535462] REAL [0.67080514] FAKE [0.32764905] 
26 epoch LOSS [-0.7923006] Parameters [1.50952557 1.59663401 1.91047722 1.60965229 1.50297277 1.44808187
 1.89644058 1.41226569] REAL [0.67086903] FAKE [0.32505175] 
27 epoch LOSS [-0.77693969] Parameters [1.5095121  1.59662891 1.93315167 1.60640323 1.50296303 1.44807557
 1.91907751 1.40868547] REAL [0.67446912] FAKE [0.3182623] 
28 epoch LOSS [-0.78408609] Parameters [1.50955663 1.59679461 1.95817594 1.60262179 1.50287635 1.44807493
 1.94401583 1.4050978 ] REAL [0.67165597] FAKE [0.32028187] 
29 epoch LOSS [-0.77784175] Parameters [1.50961356 1.59698264 1.98509624 1.59821054 1.50279307 1.44810984
 1.97090904 1.40069021] REAL [0.67327534] FAKE [0.3176693] 
30 epoch LOSS [-0.77806164] Parameters [1.50949772 1.59713667 2.01488706 1.59443935 1.50281354 1.44817429
 1.99999687 1.39667912] REAL [0.67280737] FAKE [0.31734483] 
31 epoch LOSS [-0.76280885] Parameters [1.50937611 1.59729732 2.04611859 1.58961071 1.5028205  1.44808874
 2.03097449 1.39180914] REAL [0.68125336] FAKE [0.31544607] 
32 epoch LOSS [-0.78167502] Parameters [1.50933067 1.59747774 2.08047116 1.58459201 1.50293603 1.44804995
 2.0650881  1.38693407] REAL [0.67991192] FAKE [0.32691456] 
33 epoch LOSS [-0.76987404] Parameters [1.50922188 1.59752504 2.11704691 1.57903237 1.50304359 1.44811499
 2.1017692  1.38149276] REAL [0.68473475] FAKE [0.3237215] 
34 epoch LOSS [-0.79933155] Parameters [1.50910426 1.59721098 2.15641305 1.57320853 1.50286656 1.44796427
 2.14158342 1.37513829] REAL [0.66591955] FAKE [0.32479919] 
35 epoch LOSS [-0.786237] Parameters [1.50897242 1.59744006 2.19842017 1.56716453 1.50301215 1.44769571
 2.18345553 1.36915278] REAL [0.67913421] FAKE [0.32921089] 
36 epoch LOSS [-0.82025323] Parameters [1.50880362 1.59736498 2.24264634 1.56108628 1.50299307 1.44751501
 2.22742333 1.36317475] REAL [0.66222474] FAKE [0.33508957] 
37 epoch LOSS [-0.84614891] Parameters [1.50839336 1.59734091 2.2887869  1.55393325 1.5030453  1.44759645
 2.27382464 1.35625944] REAL [0.66485774] FAKE [0.35465274] 
38 epoch LOSS [-0.85868304] Parameters [1.50856028 1.59777632 2.33671341 1.54684773 1.50277066 1.44802294
 2.32131463 1.34845289] REAL [0.65863435] FAKE [0.35666924] 
39 epoch LOSS [-0.90319099] Parameters [1.50822368 1.59789754 2.385285   1.53882199 1.50280294 1.4478987
 2.36979599 1.33992512] REAL [0.64877688] FAKE [0.37532551] 
40 epoch LOSS [-0.91047166] Parameters [1.50840695 1.59774373 2.43446736 1.53024017 1.50241718 1.44818785
 2.41888202 1.33116378] REAL [0.63965351] FAKE [0.37101195] 
41 epoch LOSS [-0.90493484] Parameters [1.50828602 1.59770394 2.48310743 1.52116963 1.50253746 1.4481864
 2.46747004 1.32243581] REAL [0.64979971] FAKE [0.37739546] 
42 epoch LOSS [-0.93051392] Parameters [1.50830705 1.59770713 2.53105718 1.51173161 1.50275403 1.44814912
 2.51509928 1.31281377] REAL [0.63714711] FAKE [0.3810676] 
43 epoch LOSS [-0.95889546] Parameters [1.50885955 1.59788463 2.57721935 1.50132658 1.50301374 1.44800596
 2.56110924 1.30255097] REAL [0.62600189] FAKE [0.38767591] 
44 epoch LOSS [-0.98929441] Parameters [1.50870169 1.59788326 2.62121962 1.49087003 1.5027308  1.4482266
 2.60530635 1.29186967] REAL [0.61364939] FAKE [0.39405308] 
45 epoch LOSS [-1.04084207] Parameters [1.50830935 1.5976087  2.66315467 1.47918006 1.50262063 1.44835865
 2.64731227 1.28035391] REAL [0.59958291] FAKE [0.41099527] 
46 epoch LOSS [-1.00946339] Parameters [1.50861989 1.5973413  2.70224233 1.4670335  1.50259361 1.44830554
 2.68657488 1.26798436] REAL [0.61105697] FAKE [0.40363257] 
47 epoch LOSS [-1.04056071] Parameters [1.5083398  1.59692568 2.73896142 1.45417103 1.50276249 1.44851267
 2.72327557 1.25495954] REAL [0.59964785] FAKE [0.41089332] 
48 epoch LOSS [-1.04924448] Parameters [1.50840601 1.5967607  2.77303366 1.4401065  1.5031845  1.44855103
 2.75760865 1.24037357] REAL [0.59325994] FAKE [0.4096985] 
49 epoch LOSS [-1.07855582] Parameters [1.50848249 1.5964712  2.80443548 1.42431021 1.50313909 1.44858532
 2.78867254 1.22422531] REAL [0.58191167] FAKE [0.41557055] 
50 epoch LOSS [-1.05906159] Parameters [1.50852538 1.59649408 2.83317811 1.40723297 1.50334509 1.4485688
 2.81731069 1.20704386] REAL [0.58990344] FAKE [0.41213924] 
51 epoch LOSS [-1.06813558] Parameters [1.50846421 1.5961604  2.85999987 1.38825446 1.50357907 1.44834245
 2.84397974 1.18835153] REAL [0.58407135] FAKE [0.41163245] 
52 epoch LOSS [-1.07965242] Parameters [1.50832247 1.59627379 2.88453043 1.36762725 1.50350913 1.44858749
 2.8685462  1.16790677] REAL [0.58286243] FAKE [0.41716336] 
53 epoch LOSS [-1.08571691] Parameters [1.50838829 1.59661175 2.90733485 1.34525036 1.50321379 1.4483524
 2.89132183 1.1451492 ] REAL [0.57782021] FAKE [0.41563202] 
54 epoch LOSS [-1.09861447] Parameters [1.50834458 1.5965012  2.92862968 1.3197194  1.50325451 1.44818276
 2.91242887 1.11947458] REAL [0.57849349] FAKE [0.42379195] 
55 epoch LOSS [-1.09093552] Parameters [1.50851469 1.5965716  2.94796598 1.29246257 1.50311998 1.44816398
 2.93200258 1.09203501] REAL [0.5818792] FAKE [0.4227288] 
56 epoch LOSS [-1.11924515] Parameters [1.50845465 1.59643966 2.96537069 1.26222344 1.50307108 1.44780052
 2.94958175 1.06208939] REAL [0.56817766] FAKE [0.42530972] 
57 epoch LOSS [-1.10940495] Parameters [1.5082231  1.59630848 2.98159738 1.22964864 1.50277252 1.44775235
 2.96560389 1.02937084] REAL [0.57391996] FAKE [0.4254336] 
58 epoch LOSS [-1.15973502] Parameters [1.50789216 1.59617993 2.99670113 1.19435685 1.50295969 1.44777145
 2.98066714 0.99430085] REAL [0.5495179] FAKE [0.4293739] 
59 epoch LOSS [-1.15080396] Parameters [1.5078047  1.59648068 3.01046339 1.15663712 1.50328188 1.44747476
 2.99417294 0.95630853] REAL [0.56274658] FAKE [0.43778902] 
60 epoch LOSS [-1.20816044] Parameters [1.50765769 1.59684562 3.02323424 1.11610231 1.50322522 1.44723354
 3.00735023 0.91598828] REAL [0.53542566] FAKE [0.44203956] 
61 epoch LOSS [-1.21079562] Parameters [1.50751714 1.59633376 3.03537236 1.07268022 1.50326174 1.44721884
 3.01909328 0.87300945] REAL [0.54600302] FAKE [0.45428851] 
62 epoch LOSS [-1.2606478] Parameters [1.50789064 1.59627279 3.04627189 1.02773546 1.5037983  1.44703948
 3.02999851 0.82817307] REAL [0.52677705] FAKE [0.46187797] 
63 epoch LOSS [-1.2402806] Parameters [1.5078643  1.59651818 3.05623784 0.98119501 1.50389961 1.44730393
 3.04047261 0.78161186] REAL [0.54896144] FAKE [0.47299936] 
64 epoch LOSS [-1.33059776] Parameters [1.50820708 1.59685942 3.06575258 0.93370214 1.50369759 1.44727919
 3.05010861 0.73429698] REAL [0.51433507] FAKE [0.48609529] 
65 epoch LOSS [-1.33745849] Parameters [1.50842319 1.59656977 3.07388703 0.88616001 1.50387233 1.44732429
 3.05933209 0.68688598] REAL [0.53086839] FAKE [0.50550456] 
66 epoch LOSS [-1.34277824] Parameters [1.50866302 1.59692691 3.08106939 0.83959031 1.50409494 1.44724223
 3.06735182 0.64000302] REAL [0.52465727] FAKE [0.50230518] 
67 epoch LOSS [-1.38912152] Parameters [1.50915128 1.59712757 3.08792732 0.79446378 1.50417113 1.44707764
 3.0745808  0.59483021] REAL [0.51712741] FAKE [0.51792498] 
68 epoch LOSS [-1.48164026] Parameters [1.50914966 1.59706741 3.09341394 0.751171   1.50408463 1.44705338
 3.07987009 0.5515543 ] REAL [0.48225113] FAKE [0.52874219] 
69 epoch LOSS [-1.49165498] Parameters [1.50888085 1.59693932 3.0991804  0.70981688 1.50416635 1.44698557
 3.08506341 0.510484  ] REAL [0.48036842] FAKE [0.53160956] 
70 epoch LOSS [-1.48607041] Parameters [1.50897501 1.59699028 3.1032279  0.67177616 1.50439977 1.44711459
 3.08902889 0.47240877] REAL [0.48840501] FAKE [0.5367369] 
71 epoch LOSS [-1.52763615] Parameters [1.5089466  1.59701606 3.10737757 0.63667559 1.50459448 1.4471508
 3.09301032 0.43734571] REAL [0.47552843] FAKE [0.54356434] 
72 epoch LOSS [-1.51983139] Parameters [1.50894965 1.59718297 3.11128407 0.60468749 1.50456784 1.44723775
 3.09677264 0.40495269] REAL [0.47817306] FAKE [0.54253222] 
73 epoch LOSS [-1.49237206] Parameters [1.50901303 1.59712955 3.1142532  0.57568468 1.50453754 1.44714686
 3.09978189 0.37589478] REAL [0.49349424] FAKE [0.54439449] 
74 epoch LOSS [-1.50090465] Parameters [1.50883846 1.5971812  3.11703724 0.54949479 1.50457442 1.44715054
 3.10268613 0.34958666] REAL [0.48725412] FAKE [0.54248023] 
75 epoch LOSS [-1.55367878] Parameters [1.50895745 1.59721438 3.11905988 0.52624095 1.50452968 1.44723234
 3.10451786 0.32640761] REAL [0.46273337] FAKE [0.5430012] 
76 epoch LOSS [-1.54478376] Parameters [1.50892002 1.59729525 3.12164405 0.50522539 1.5045704  1.44724073
 3.1069438  0.30534781] REAL [0.46359832] FAKE [0.53977831] 
77 epoch LOSS [-1.49712675] Parameters [1.50889351 1.59735908 3.12357631 0.48656936 1.50463538 1.44717687
 3.1090213  0.2868263 ] REAL [0.48380472] FAKE [0.53747415] 
78 epoch LOSS [-1.53093121] Parameters [1.50892175 1.59749326 3.12516967 0.47002315 1.50474827 1.44720274
 3.11044021 0.27015398] REAL [0.46722448] FAKE [0.53698034] 
79 epoch LOSS [-1.48476828] Parameters [1.50887188 1.59749944 3.12628232 0.45547897 1.5047731  1.44726137
 3.11186295 0.25530066] REAL [0.48716888] FAKE [0.53495628] 
80 epoch LOSS [-1.49306134] Parameters [1.50886367 1.59755791 3.1271785  0.44244085 1.50483261 1.44723711
 3.11314846 0.24240656] REAL [0.47750326] FAKE [0.52946129] 
81 epoch LOSS [-1.51516308] Parameters [1.50889287 1.59758494 3.1283467  0.43103083 1.5047651  1.44722782
 3.11440746 0.23117244] REAL [0.46643999] FAKE [0.5288304] 
82 epoch LOSS [-1.52147914] Parameters [1.50893367 1.59757721 3.12965403 0.42091758 1.50474385 1.44721341
 3.11555136 0.2212094 ] REAL [0.45932474] FAKE [0.52454419] 
83 epoch LOSS [-1.47179835] Parameters [1.50895818 1.59757481 3.13049368 0.41231062 1.50471655 1.44723014
 3.11651976 0.21257113] REAL [0.48016658] FAKE [0.52201511] 
84 epoch LOSS [-1.47117395] Parameters [1.50894025 1.59760532 3.13150889 0.40483815 1.50475314 1.44723344
 3.11735641 0.20505256] REAL [0.47724351] FAKE [0.51878713] 
85 epoch LOSS [-1.45978347] Parameters [1.50897074 1.5976262  3.13253779 0.39843768 1.50475356 1.44723519
 3.11828    0.19867559] REAL [0.48040636] FAKE [0.51647899] 
86 epoch LOSS [-1.45250958] Parameters [1.50896742 1.59762757 3.1327663  0.39311207 1.50475968 1.44724072
 3.11865057 0.19340719] REAL [0.48161354] FAKE [0.51416991] 
87 epoch LOSS [-1.42853449] Parameters [1.50896212 1.5976315  3.13365471 0.38877214 1.50474665 1.44724391
 3.11947428 0.18910363] REAL [0.49173404] FAKE [0.51262294] 
88 epoch LOSS [-1.41472459] Parameters [1.50896679 1.59763321 3.13392506 0.3855759  1.50474405 1.44724346
 3.12000286 0.18586873] REAL [0.49452373] FAKE [0.50863323] 
89 epoch LOSS [-1.42311846] Parameters [1.50896223 1.59763438 3.13433781 0.38303655 1.50474011 1.44724646
 3.12049244 0.18329696] REAL [0.48826373] FAKE [0.50649332] 
90 epoch LOSS [-1.40606729] Parameters [1.50895907 1.59763115 3.13484002 0.38118165 1.50473012 1.44724729
 3.121108   0.18141501] REAL [0.49381129] FAKE [0.50364578] 
91 epoch LOSS [-1.40284621] Parameters [1.5089604  1.59762107 3.13534223 0.38023097 1.50473609 1.44724325
 3.12171092 0.1804339 ] REAL [0.49293668] FAKE [0.50116089] 
92 epoch LOSS [-1.38218946] Parameters [1.50896048 1.59763199 3.13566373 0.38008339 1.50474171 1.44723109
 3.12211519 0.18034688] REAL [0.50066375] FAKE [0.49860892] 
93 epoch LOSS [-1.38394532] Parameters [1.50894523 1.59763003 3.13598548 0.38065236 1.50473382 1.44724448
 3.1224062  0.18091758] REAL [0.49675083] FAKE [0.49554599] 
94 epoch LOSS [-1.39498063] Parameters [1.50897262 1.59762453 3.13629525 0.38194799 1.5047333  1.44725772
 3.12287483 0.18219672] REAL [0.48852467] FAKE [0.49268102] 
95 epoch LOSS [-1.39369862] Parameters [1.50895554 1.59761788 3.13644298 0.38394041 1.50468992 1.447257
 3.12305401 0.1841727 ] REAL [0.48591856] FAKE [0.48930584] 
96 epoch LOSS [-1.34575529] Parameters [1.5089674  1.59765295 3.13669521 0.38666424 1.50469119 1.44725932
 3.1232507  0.18690058] REAL [0.50639043] FAKE [0.48588484] 
97 epoch LOSS [-1.34950532] Parameters [1.50898435 1.59764084 3.13699853 0.39009444 1.50470331 1.44725532
 3.12350177 0.19030284] REAL [0.50268266] FAKE [0.48403128] 
98 epoch LOSS [-1.3788738] Parameters [1.50903936 1.59763176 3.13727347 0.3942322  1.50466087 1.4473417
 3.12376207 0.19443664] REAL [0.48668351] FAKE [0.48249317] 
99 epoch LOSS [-1.36574862] Parameters [1.50902431 1.59757342 3.13749874 0.39912361 1.50466973 1.44732891
 3.1239517  0.19931573] REAL [0.49258171] FAKE [0.48193454] 
100 epoch LOSS [-1.30881983] Parameters [1.50902096 1.59756763 3.13767749 0.40481248 1.50460094 1.44732727
 3.12421198 0.2049767 ] REAL [0.52084237] FAKE [0.48134274] 
101 epoch LOSS [-1.3468265] Parameters [1.50912721 1.59756195 3.13789368 0.41124672 1.5046108  1.44736923
 3.12446317 0.21139028] REAL [0.49899174] FAKE [0.4788205] 
102 epoch LOSS [-1.35095609] Parameters [1.50917136 1.5975662  3.13799157 0.41849329 1.50466501 1.44734858
 3.1246457  0.21865341] REAL [0.49647165] FAKE [0.47833371] 
103 epoch LOSS [-1.34242034] Parameters [1.50910134 1.59762338 3.13793182 0.426472   1.50465356 1.44736303
 3.12478905 0.22663093] REAL [0.49728789] FAKE [0.47472544] 
104 epoch LOSS [-1.31321444] Parameters [1.50900173 1.59761365 3.13811059 0.43532238 1.50466967 1.44741608
 3.12475682 0.23549538] REAL [0.50996732] FAKE [0.47260517] 
105 epoch LOSS [-1.27344272] Parameters [1.5091076  1.59764247 3.13835206 0.44508156 1.50466612 1.44750967
 3.12496304 0.24524444] REAL [0.52820795] FAKE [0.47015856] 
106 epoch LOSS [-1.27014006] Parameters [1.5091769  1.59771507 3.13865527 0.45566559 1.50466228 1.4475239
 3.12483953 0.25584634] REAL [0.52839672] FAKE [0.46859569] 
107 epoch LOSS [-1.27678657] Parameters [1.50928293 1.59782186 3.13890044 0.4672073  1.50465345 1.44759492
 3.12503121 0.26741265] REAL [0.52503229] FAKE [0.46873326] 
108 epoch LOSS [-1.27713776] Parameters [1.50920104 1.59791091 3.13923896 0.47967738 1.50480958 1.44756444
 3.12530355 0.27985274] REAL [0.52335943] FAKE [0.46722227] 
109 epoch LOSS [-1.26355868] Parameters [1.50917784 1.59783275 3.13958458 0.49302987 1.50491467 1.44743007
 3.1256601  0.29323786] REAL [0.53063022] FAKE [0.46733831] 
110 epoch LOSS [-1.30296651] Parameters [1.50921967 1.5978165  3.13968224 0.50727122 1.50485989 1.44751174
 3.12595721 0.30748501] REAL [0.50867119] FAKE [0.46581499] 
111 epoch LOSS [-1.31022866] Parameters [1.50912143 1.5978063  3.13959579 0.52260532 1.50498786 1.44756333
 3.12608543 0.32285373] REAL [0.50637843] FAKE [0.46727911] 
112 epoch LOSS [-1.29621837] Parameters [1.50910979 1.59775172 3.13954085 0.53888263 1.50490278 1.44753919
 3.12637424 0.33913683] REAL [0.51386281] FAKE [0.46763153] 
113 epoch LOSS [-1.28212665] Parameters [1.5091283  1.59771192 3.13978237 0.55606063 1.50480789 1.44747796
 3.12665422 0.35633493] REAL [0.52063046] FAKE [0.46709487] 
114 epoch LOSS [-1.29165501] Parameters [1.5091838  1.59782365 3.13997428 0.57417723 1.50493475 1.44759428
 3.12692302 0.37447741] REAL [0.51489814] FAKE [0.46627195] 
115 epoch LOSS [-1.28690265] Parameters [1.50898151 1.59778326 3.14002808 0.59315618 1.50488276 1.44761465
 3.12690321 0.39350465] REAL [0.51808529] FAKE [0.46702846] 
116 epoch LOSS [-1.27253936] Parameters [1.50876171 1.59788964 3.1400958  0.61300909 1.50490437 1.4474779
 3.12713553 0.41342111] REAL [0.52916225] FAKE [0.4706361] 
117 epoch LOSS [-1.30046984] Parameters [1.50888098 1.59781754 3.14049105 0.63373608 1.50481862 1.4472668
 3.12770631 0.43412784] REAL [0.51478264] FAKE [0.47083729] 
118 epoch LOSS [-1.33284563] Parameters [1.50886817 1.59768945 3.14064412 0.65516998 1.50472732 1.44738764
 3.12795855 0.45552078] REAL [0.50206118] FAKE [0.47471397] 
119 epoch LOSS [-1.288698] Parameters [1.50890774 1.59774896 3.141266   0.67712492 1.5047032  1.44752361
 3.12839863 0.47748805] REAL [0.52208753] FAKE [0.47206282] 
120 epoch LOSS [-1.31040714] Parameters [1.50916684 1.59782223 3.14157785 0.69960555 1.50467082 1.4475038
 3.1288854  0.49996963] REAL [0.5148688] FAKE [0.47615737] 
121 epoch LOSS [-1.28290045] Parameters [1.50921277 1.5978693  3.142006   0.72250808 1.50471921 1.447576
 3.12944085 0.52283916] REAL [0.52828699] FAKE [0.47522457] 
122 epoch LOSS [-1.30088532] Parameters [1.50906237 1.59792788 3.14232607 0.74571875 1.50463115 1.44750523
 3.13000182 0.54594518] REAL [0.52263711] FAKE [0.47900634] 
123 epoch LOSS [-1.30276298] Parameters [1.50910933 1.5979476  3.14283115 0.76900448 1.50454614 1.44763764
 3.13052637 0.56912141] REAL [0.52566351] FAKE [0.48297756] 
124 epoch LOSS [-1.32584228] Parameters [1.50922697 1.59779133 3.1431075  0.79222366 1.50462507 1.44749058
 3.13059395 0.59224904] REAL [0.512961] FAKE [0.48226245] 
125 epoch LOSS [-1.36701887] Parameters [1.50912317 1.59780475 3.14373712 0.81511924 1.50465764 1.44722747
 3.13092842 0.61506344] REAL [0.50002557] FAKE [0.49029484] 
126 epoch LOSS [-1.37415538] Parameters [1.5090275  1.59771134 3.14398589 0.83795425 1.50458924 1.44737786
 3.13136375 0.63762294] REAL [0.50206673] FAKE [0.49597688] 
127 epoch LOSS [-1.35269] Parameters [1.50875584 1.59747476 3.14407802 0.86021923 1.50479    1.44744434
 3.1312485  0.66009955] REAL [0.51541919] FAKE [0.49838142] 
128 epoch LOSS [-1.36488974] Parameters [1.50870596 1.59742124 3.14430092 0.88195271 1.50480803 1.44712811
 3.13152867 0.68201685] REAL [0.5100257] FAKE [0.4992236] 
129 epoch LOSS [-1.35386447] Parameters [1.50869088 1.59725904 3.14482275 0.90306366 1.50485724 1.44713472
 3.13195729 0.70303946] REAL [0.51561442] FAKE [0.49915992] 
130 epoch LOSS [-1.38140843] Parameters [1.50858629 1.59722452 3.14505768 0.92332667 1.50475565 1.44710552
 3.13252529 0.72321285] REAL [0.50819618] FAKE [0.50565455] 
131 epoch LOSS [-1.38976366] Parameters [1.50854215 1.59720078 3.14561412 0.94287422 1.50493158 1.44712521
 3.13295452 0.74256457] REAL [0.50316314] FAKE [0.50486401] 
132 epoch LOSS [-1.40381144] Parameters [1.50860076 1.59716827 3.14536921 0.96128691 1.50506608 1.44708771
 3.13322966 0.76110906] REAL [0.49924595] FAKE [0.5079402] 
133 epoch LOSS [-1.3828998] Parameters [1.50857831 1.59710391 3.14552947 0.97830006 1.5051522  1.44709338
 3.13325792 0.77826677] REAL [0.51084383] FAKE [0.50894956] 
134 epoch LOSS [-1.40178841] Parameters [1.50849344 1.59718195 3.14619911 0.99427442 1.50512703 1.44713127
 3.13388759 0.79437347] REAL [0.49995228] FAKE [0.50764032] 
135 epoch LOSS [-1.40184404] Parameters [1.50861307 1.5971977  3.14648312 1.00953034 1.50507296 1.44714199
 3.13413169 0.80954625] REAL [0.49819673] FAKE [0.50593284] 
136 epoch LOSS [-1.42597939] Parameters [1.50864568 1.59727841 3.14621106 1.02368054 1.50508949 1.44707694
 3.13365635 0.82372562] REAL [0.48743482] FAKE [0.50706635] 
137 epoch LOSS [-1.40849286] Parameters [1.50861371 1.59727753 3.14679069 1.03648971 1.50498022 1.44711059
 3.13436629 0.8364618 ] REAL [0.4971457] FAKE [0.5081693] 
138 epoch LOSS [-1.41762123] Parameters [1.5086107  1.59721843 3.14733098 1.04844963 1.50500491 1.44709966
 3.13504901 0.84850859] REAL [0.49374887] FAKE [0.5092856] 
139 epoch LOSS [-1.40337612] Parameters [1.50861509 1.59720439 3.14820643 1.0590439  1.50505765 1.4470783
 3.1356514  0.85899555] REAL [0.49936005] FAKE [0.50783843] 
140 epoch LOSS [-1.39223494] Parameters [1.50860169 1.59719054 3.14800561 1.06889761 1.50505388 1.44708834
 3.13577308 0.86889841] REAL [0.50574648] FAKE [0.50860902] 
141 epoch LOSS [-1.4291209] Parameters [1.508598   1.59719517 3.14762567 1.07746925 1.50507114 1.44705113
 3.13563183 0.87765907] REAL [0.48798211] FAKE [0.50916358] 
142 epoch LOSS [-1.40381744] Parameters [1.50861215 1.59718874 3.14804349 1.08544345 1.50507032 1.44707254
 3.13643424 0.88564688] REAL [0.50008374] FAKE [0.50876749] 
143 epoch LOSS [-1.37644007] Parameters [1.50861718 1.59717948 3.14738886 1.09192245 1.5050619  1.4470768
 3.136333   0.89226632] REAL [0.51093618] FAKE [0.50585658] 
144 epoch LOSS [-1.43831064] Parameters [1.50859876 1.59718352 3.14741375 1.0977805  1.5050562  1.44707511
 3.13585729 0.8978357 ] REAL [0.4808861] FAKE [0.50647699] 
145 epoch LOSS [-1.41148726] Parameters [1.50860548 1.59718348 3.14753688 1.10287412 1.50505068 1.44707049
 3.13628167 0.90278535] REAL [0.4919252] FAKE [0.50443594] 
146 epoch LOSS [-1.41622134] Parameters [1.50860667 1.59717745 3.14752849 1.10689354 1.50504573 1.44706047
 3.13631195 0.90681883] REAL [0.48852696] FAKE [0.50334553] 
147 epoch LOSS [-1.42417158] Parameters [1.50861879 1.59717687 3.14789784 1.11004158 1.50504081 1.44705169
 3.1367647  0.91003108] REAL [0.48469542] FAKE [0.50338341] 
148 epoch LOSS [-1.37053101] Parameters [1.50863421 1.59716567 3.14833088 1.11231063 1.50504395 1.44706819
 3.13756306 0.91219304] REAL [0.50816746] FAKE [0.50021975] 
149 epoch LOSS [-1.41481747] Parameters [1.50864248 1.59714626 3.14783716 1.11376674 1.50504408 1.44703281
 3.13704235 0.91358436] REAL [0.4868354] FAKE [0.50091969] 
150 epoch LOSS [-1.40193219] Parameters [1.50867099 1.59712394 3.1473553  1.11432353 1.50500228 1.447062
 3.13614432 0.9141059 ] REAL [0.49276222] FAKE [0.50052795] 
151 epoch LOSS [-1.36480815] Parameters [1.50870667 1.59710695 3.14712998 1.1142615  1.50500365 1.4470543
 3.13597286 0.91418917] REAL [0.5099832] FAKE [0.499141] 
152 epoch LOSS [-1.41771511] Parameters [1.5087416  1.59711997 3.14760687 1.11326362 1.50499826 1.44701346
 3.13608517 0.91319169] REAL [0.4842247] FAKE [0.49968074] 
153 epoch LOSS [-1.40767003] Parameters [1.50873343 1.59719343 3.14763316 1.11157596 1.50502741 1.44701996
 3.13657486 0.91152503] REAL [0.4854547] FAKE [0.49591014] 
154 epoch LOSS [-1.38811741] Parameters [1.5087727  1.59720774 3.147748   1.10949528 1.5050402  1.44702852
 3.13678845 0.90932607] REAL [0.49540123] FAKE [0.49627769] 
155 epoch LOSS [-1.39631946] Parameters [1.50880657 1.5972228  3.14791437 1.10668254 1.5050719  1.44701917
 3.13692101 0.90659497] REAL [0.49142407] FAKE [0.49634896] 
156 epoch LOSS [-1.39760966] Parameters [1.50881749 1.59724443 3.14749039 1.10332033 1.50501136 1.4470293
 3.13619161 0.90319258] REAL [0.48916998] FAKE [0.49468052] 
157 epoch LOSS [-1.35208823] Parameters [1.50876704 1.59730208 3.14721137 1.09930581 1.50502597 1.44706189
 3.13577464 0.89911263] REAL [0.51210188] FAKE [0.49482811] 
158 epoch LOSS [-1.36021501] Parameters [1.50874354 1.59727616 3.14646654 1.09472797 1.50499462 1.44702892
 3.13510223 0.89460174] REAL [0.50705617] FAKE [0.49393063] 
159 epoch LOSS [-1.36396004] Parameters [1.50879869 1.59727335 3.14599916 1.08980734 1.50505073 1.44710835
 3.13500788 0.88960262] REAL [0.50099568] FAKE [0.48972334] 
160 epoch LOSS [-1.3698616] Parameters [1.5087955  1.59716185 3.14568226 1.08436383 1.50498969 1.44718395
 3.13510393 0.88409256] REAL [0.49833615] FAKE [0.49001867] 
161 epoch LOSS [-1.33348032] Parameters [1.50878492 1.59713424 3.14610601 1.07810014 1.50486785 1.44729121
 3.13578176 0.87798848] REAL [0.51796535] FAKE [0.49116597] 
162 epoch LOSS [-1.33625774] Parameters [1.50885153 1.59697659 3.14612041 1.07171499 1.50470441 1.4472828
 3.13583517 0.8715554 ] REAL [0.51625203] FAKE [0.49089324] 
163 epoch LOSS [-1.36056154] Parameters [1.50875133 1.59699411 3.14607738 1.06465767 1.50466007 1.4474091
 3.13584197 0.86452414] REAL [0.50476547] FAKE [0.49181014] 
164 epoch LOSS [-1.35757567] Parameters [1.50878419 1.59701772 3.14575002 1.05750035 1.50472419 1.44751977
 3.13578601 0.85728163] REAL [0.50715293] FAKE [0.49268998] 
165 epoch LOSS [-1.34230917] Parameters [1.50878356 1.59697779 3.14621399 1.04970272 1.50466249 1.44759138
 3.13660079 0.84954558] REAL [0.51329935] FAKE [0.49105386] 
166 epoch LOSS [-1.33403112] Parameters [1.50874757 1.59703518 3.14567465 1.0417247  1.50472476 1.44760018
 3.13623917 0.84152405] REAL [0.51914904] FAKE [0.49260569] 
167 epoch LOSS [-1.35398017] Parameters [1.50882943 1.59707642 3.14589351 1.03338039 1.5047382  1.44756245
 3.13650645 0.83312859] REAL [0.50744554] FAKE [0.49115625] 
168 epoch LOSS [-1.33767263] Parameters [1.5087015  1.59708275 3.14572456 1.02506128 1.50473744 1.44757129
 3.13620447 0.8246393 ] REAL [0.51818374] FAKE [0.49350825] 
169 epoch LOSS [-1.33931206] Parameters [1.50873479 1.59710869 3.14598255 1.01601496 1.50469236 1.44763631
 3.13628526 0.81560607] REAL [0.51779084] FAKE [0.49395423] 
170 epoch LOSS [-1.34903143] Parameters [1.50872525 1.59698812 3.14612483 1.00677486 1.50481165 1.44776612
 3.13645799 0.80636454] REAL [0.51063908] FAKE [0.49182997] 
171 epoch LOSS [-1.37624831] Parameters [1.50867615 1.59701895 3.14623102 0.9975737  1.50482406 1.44767982
 3.13676351 0.79714113] REAL [0.49780896] FAKE [0.49272875] 
172 epoch LOSS [-1.33019584] Parameters [1.5085544  1.59701023 3.14629993 0.98840964 1.50477781 1.44768166
 3.13693529 0.78804321] REAL [0.5186624] FAKE [0.49017806] 
173 epoch LOSS [-1.35938715] Parameters [1.50854588 1.5970515  3.14587029 0.97926944 1.50485889 1.44769626
 3.13633328 0.77901903] REAL [0.50815898] FAKE [0.49461068] 
174 epoch LOSS [-1.38002378] Parameters [1.50861338 1.59704493 3.14530037 0.97009414 1.50501715 1.44772699
 3.13601372 0.76979555] REAL [0.49834479] FAKE [0.49518371] 
175 epoch LOSS [-1.34312524] Parameters [1.508626   1.59705041 3.1460171  0.96080999 1.5051182  1.44771836
 3.13672114 0.76058528] REAL [0.51977988] FAKE [0.49780931] 
176 epoch LOSS [-1.36374437] Parameters [1.50874058 1.59714925 3.14566537 0.95138922 1.50507234 1.44778732
 3.13639295 0.75120922] REAL [0.50771687] FAKE [0.49636982] 
177 epoch LOSS [-1.34356003] Parameters [1.50873067 1.59728713 3.14583243 0.94228925 1.50507829 1.44776936
 3.13680628 0.74217244] REAL [0.51881363] FAKE [0.49709273] 
178 epoch LOSS [-1.40543762] Parameters [1.50871879 1.59726157 3.14552589 0.93306267 1.50499528 1.44771481
 3.13671289 0.73313838] REAL [0.48687579] FAKE [0.49625817] 
179 epoch LOSS [-1.40648346] Parameters [1.50874261 1.59723087 3.14532703 0.92415432 1.50495804 1.44771862
 3.13692791 0.72427335] REAL [0.48861965] FAKE [0.49858067] 
180 epoch LOSS [-1.3825337] Parameters [1.50874191 1.59726933 3.14511314 0.91511006 1.5048499  1.44772889
 3.13664291 0.7152737 ] REAL [0.49990321] FAKE [0.49801895] 
181 epoch LOSS [-1.36758808] Parameters [1.50868166 1.59728149 3.14524921 0.90664907 1.50482317 1.44776086
 3.13715443 0.70667086] REAL [0.50869336] FAKE [0.49926497] 
182 epoch LOSS [-1.34649984] Parameters [1.50862311 1.59720148 3.14577404 0.89849084 1.50486619 1.44787071
 3.1373951  0.69839492] REAL [0.51680928] FAKE [0.4966243] 
183 epoch LOSS [-1.37198267] Parameters [1.50859715 1.59724653 3.14570573 0.8904901  1.50484655 1.44791396
 3.13748331 0.69029309] REAL [0.50359649] FAKE [0.49641498] 
184 epoch LOSS [-1.39291792] Parameters [1.50861532 1.59721234 3.1458827  0.88256544 1.50483735 1.44787833
 3.13766661 0.68236078] REAL [0.49597009] FAKE [0.499265] 
185 epoch LOSS [-1.38035422] Parameters [1.50855373 1.59720048 3.14588051 0.875305   1.50477534 1.4478231
 3.13781627 0.67499491] REAL [0.50308208] FAKE [0.50010254] 
186 epoch LOSS [-1.37473252] Parameters [1.50857055 1.59728239 3.1460583  0.86812739 1.50475278 1.44795276
 3.13829657 0.66779847] REAL [0.50590785] FAKE [0.50009229] 
187 epoch LOSS [-1.41062513] Parameters [1.50852655 1.59727182 3.14624587 0.86137045 1.50476215 1.44793956
 3.13871762 0.66094112] REAL [0.48555641] FAKE [0.49750286] 
188 epoch LOSS [-1.40428768] Parameters [1.50851745 1.5972951  3.14642505 0.85521569 1.50478379 1.44796074
 3.1386096  0.65465489] REAL [0.49016236] FAKE [0.49906007] 
189 epoch LOSS [-1.35988165] Parameters [1.50851619 1.59730905 3.14673234 0.84920654 1.50475527 1.44793275
 3.1390829  0.64871814] REAL [0.51123547] FAKE [0.49790034] 
190 epoch LOSS [-1.41697757] Parameters [1.50849571 1.59729896 3.14655008 0.84354583 1.50472021 1.44794477
 3.13907012 0.64296625] REAL [0.48338122] FAKE [0.49843794] 
191 epoch LOSS [-1.37854545] Parameters [1.50850019 1.59727778 3.14679619 0.83825872 1.50473001 1.44797182
 3.13964333 0.63769802] REAL [0.50264685] FAKE [0.49876389] 
192 epoch LOSS [-1.38401015] Parameters [1.50847624 1.59731959 3.14692501 0.83326338 1.50471705 1.44799921
 3.13958131 0.63277609] REAL [0.50077899] FAKE [0.49963615] 
193 epoch LOSS [-1.35578808] Parameters [1.50852292 1.59732689 3.14716894 0.82874764 1.5047228  1.44802074
 3.13941722 0.62822163] REAL [0.51463556] FAKE [0.49917163] 
194 epoch LOSS [-1.37769413] Parameters [1.50852484 1.59731182 3.14703255 0.82440739 1.50477589 1.44798982
 3.13913219 0.62407076] REAL [0.5019772] FAKE [0.49766776] 
195 epoch LOSS [-1.36997383] Parameters [1.50851767 1.59731097 3.1470608  0.82064985 1.50476558 1.44796207
 3.13898311 0.6202364 ] REAL [0.50588641] FAKE [0.49768643] 
196 epoch LOSS [-1.35282231] Parameters [1.50852034 1.59729568 3.14681593 0.81743787 1.50474987 1.44796582
 3.13883243 0.61705248] REAL [0.51519043] FAKE [0.49822508] 
197 epoch LOSS [-1.40348862] Parameters [1.50850762 1.59729711 3.14688891 0.81399926 1.50475339 1.44796726
 3.13865567 0.6136325 ] REAL [0.49032538] FAKE [0.49882631] 
198 epoch LOSS [-1.41962464] Parameters [1.50850617 1.59727903 3.14732571 0.81140532 1.50474564 1.44796623
 3.13844977 0.61099598] REAL [0.48338178] FAKE [0.49976442] 
199 epoch LOSS [-1.37646755] Parameters [1.50851063 1.59728183 3.14747057 0.8092335  1.50475076 1.44796194
 3.13881674 0.60871993] REAL [0.50338256] FAKE [0.49845538] 
