RUN 10_12_2021__23_53_52 
0 epoch LOSS [-1.60584598] Parameters [1.54298682 1.63617378 1.43924933 1.61353846 1.53626578 1.57456796
 1.55350842 1.61165261] REAL [0.27450231] FAKE [0.26878693] 
1 epoch LOSS [-1.55005095] Parameters [1.54298744 1.6361707  1.43941938 1.6132879  1.53626507 1.57456652
 1.55368468 1.61138129] REAL [0.30058336] FAKE [0.29391582] 
2 epoch LOSS [-1.50785159] Parameters [1.54298699 1.63617189 1.4396089  1.61298472 1.53626467 1.57456532
 1.55387359 1.61107893] REAL [0.32409424] FAKE [0.31691136] 
3 epoch LOSS [-1.47593732] Parameters [1.54298621 1.63617297 1.43984055 1.6126348  1.53626964 1.57456501
 1.55410078 1.61078228] REAL [0.34499473] FAKE [0.33748441] 
4 epoch LOSS [-1.44976504] Parameters [1.54298772 1.63616671 1.44009911 1.61227352 1.53626705 1.57456396
 1.55436074 1.61043188] REAL [0.36437704] FAKE [0.35609168] 
5 epoch LOSS [-1.43172585] Parameters [1.54298598 1.63616359 1.44037089 1.61189538 1.53626749 1.57456928
 1.55462355 1.61003245] REAL [0.38075122] FAKE [0.37256599] 
6 epoch LOSS [-1.41441501] Parameters [1.54298887 1.63616024 1.44067064 1.61147263 1.5362685  1.57456652
 1.5549273  1.60961211] REAL [0.39648838] FAKE [0.38694858] 
7 epoch LOSS [-1.406355] Parameters [1.54299157 1.63616348 1.44098855 1.61109295 1.5362742  1.57456779
 1.55522738 1.60921199] REAL [0.40813169] FAKE [0.39961827] 
8 epoch LOSS [-1.392188] Parameters [1.54299176 1.63615875 1.44129244 1.61067105 1.5362765  1.57456948
 1.5555367  1.60878653] REAL [0.42160151] FAKE [0.41050751] 
9 epoch LOSS [-1.38862035] Parameters [1.54299086 1.63615981 1.44158272 1.61022091 1.53627602 1.57456786
 1.55583092 1.60836247] REAL [0.43001053] FAKE [0.41996961] 
10 epoch LOSS [-1.37786536] Parameters [1.54299711 1.63616329 1.44188542 1.60980478 1.53627983 1.57456588
 1.5561419  1.60793323] REAL [0.44086477] FAKE [0.42813268] 
11 epoch LOSS [-1.3723019] Parameters [1.54298933 1.63615727 1.44217756 1.60940523 1.53628135 1.57456749
 1.55643275 1.60752198] REAL [0.44878835] FAKE [0.43509518] 
12 epoch LOSS [-1.36725608] Parameters [1.5429927  1.63615476 1.44246693 1.60895264 1.53627852 1.57456586
 1.55670154 1.60703782] REAL [0.45586851] FAKE [0.44105557] 
13 epoch LOSS [-1.36282708] Parameters [1.54299636 1.63615499 1.44273983 1.60854046 1.53627789 1.57457316
 1.55695951 1.60662425] REAL [0.46198029] FAKE [0.44600191] 
14 epoch LOSS [-1.35984787] Parameters [1.54299952 1.63614724 1.44298509 1.60814627 1.53627216 1.57457721
 1.55720736 1.60620122] REAL [0.46714072] FAKE [0.45048716] 
15 epoch LOSS [-1.35817779] Parameters [1.54299445 1.63614748 1.44322425 1.60787426 1.53627031 1.57457595
 1.55744441 1.60590881] REAL [0.47107002] FAKE [0.45415993] 
16 epoch LOSS [-1.35472261] Parameters [1.54298959 1.63615251 1.44345041 1.60749282 1.53627345 1.57457588
 1.55767489 1.60550909] REAL [0.47530523] FAKE [0.45715124] 
17 epoch LOSS [-1.35312271] Parameters [1.5429833  1.63615175 1.44364222 1.60715636 1.53627356 1.57457645
 1.55786751 1.6051848 ] REAL [0.47838338] FAKE [0.45978058] 
18 epoch LOSS [-1.3485947] Parameters [1.54298124 1.63614733 1.44381096 1.60673328 1.5362758  1.57457592
 1.55803602 1.60476908] REAL [0.48246931] FAKE [0.46192468] 
19 epoch LOSS [-1.3436365] Parameters [1.54297973 1.63614691 1.44396414 1.60636765 1.53627911 1.57457456
 1.55819928 1.60441194] REAL [0.48635299] FAKE [0.46356823] 
20 epoch LOSS [-1.34288528] Parameters [1.54297755 1.63614767 1.44409391 1.60603758 1.53627834 1.57457442
 1.55832912 1.60408387] REAL [0.48800399] FAKE [0.46498131] 
21 epoch LOSS [-1.33807191] Parameters [1.54298046 1.63614592 1.44419388 1.60569084 1.53627771 1.57457233
 1.55843569 1.60373111] REAL [0.49131222] FAKE [0.46601976] 
22 epoch LOSS [-1.33522304] Parameters [1.54298201 1.63614484 1.44428072 1.6053572  1.53627586 1.57457528
 1.55851742 1.60343186] REAL [0.49354477] FAKE [0.4669187] 
23 epoch LOSS [-1.33323569] Parameters [1.54298119 1.63614615 1.44433568 1.60498657 1.53627557 1.57457716
 1.55856819 1.60308386] REAL [0.49507938] FAKE [0.46751392] 
24 epoch LOSS [-1.33226688] Parameters [1.54298125 1.63614805 1.44435957 1.604667   1.53627688 1.5745789
 1.55858999 1.60270119] REAL [0.49602851] FAKE [0.46801767] 
25 epoch LOSS [-1.32901742] Parameters [1.54298075 1.63615015 1.44435812 1.60430567 1.5362774  1.57457741
 1.55858486 1.60232524] REAL [0.49782445] FAKE [0.46821162] 
26 epoch LOSS [-1.32622548] Parameters [1.54298173 1.63614496 1.4443295  1.60401045 1.53627715 1.57457883
 1.55855135 1.60208741] REAL [0.49938273] FAKE [0.46838886] 
27 epoch LOSS [-1.32235018] Parameters [1.54298096 1.63614558 1.44427147 1.6037377  1.53627674 1.57457885
 1.5584961  1.60181875] REAL [0.5013522] FAKE [0.46842115] 
28 epoch LOSS [-1.31872823] Parameters [1.54298141 1.63614581 1.44418432 1.60345693 1.53627634 1.57457815
 1.55841197 1.60154092] REAL [0.50301461] FAKE [0.4682555] 
29 epoch LOSS [-1.31460987] Parameters [1.5429834  1.63614601 1.44406771 1.60321219 1.5362764  1.57457743
 1.55829621 1.60127964] REAL [0.50484688] FAKE [0.46799892] 
30 epoch LOSS [-1.3127759] Parameters [1.54298365 1.6361459  1.44391109 1.60298489 1.53627624 1.57457889
 1.55814838 1.60108122] REAL [0.50545776] FAKE [0.46766649] 
31 epoch LOSS [-1.30851828] Parameters [1.54298651 1.63614332 1.44372781 1.60271849 1.53627423 1.57458065
 1.55796265 1.60083895] REAL [0.50721054] FAKE [0.46724264] 
32 epoch LOSS [-1.30612499] Parameters [1.54298833 1.63614546 1.44353471 1.60248682 1.53627412 1.57457995
 1.55776507 1.60058241] REAL [0.50797272] FAKE [0.46676735] 
33 epoch LOSS [-1.30327792] Parameters [1.54298928 1.63614663 1.44331474 1.60227852 1.53627528 1.57458074
 1.55753684 1.60036277] REAL [0.50894471] FAKE [0.46626832] 
34 epoch LOSS [-1.30049826] Parameters [1.54299155 1.63614667 1.44303798 1.60204592 1.53627397 1.57457949
 1.55726827 1.60012549] REAL [0.50972299] FAKE [0.46559986] 
35 epoch LOSS [-1.29628764] Parameters [1.54299131 1.63614684 1.44272104 1.60185196 1.53627561 1.57457767
 1.55694451 1.5999244 ] REAL [0.51125961] FAKE [0.46495791] 
36 epoch LOSS [-1.29278047] Parameters [1.5429903  1.63614516 1.44237097 1.6016927  1.53627439 1.57457839
 1.55657932 1.59976253] REAL [0.51242803] FAKE [0.4643024] 
37 epoch LOSS [-1.2889274] Parameters [1.54298978 1.6361455  1.44201247 1.6014782  1.53627599 1.57457592
 1.55620212 1.5995579 ] REAL [0.51358369] FAKE [0.46344442] 
38 epoch LOSS [-1.28648254] Parameters [1.54299033 1.63614582 1.44158785 1.60134473 1.53627854 1.5745768
 1.55579766 1.59940233] REAL [0.51415132] FAKE [0.46272482] 
39 epoch LOSS [-1.28346154] Parameters [1.54298621 1.63614405 1.44114091 1.60117488 1.53628043 1.57457863
 1.55535105 1.59922221] REAL [0.51480687] FAKE [0.46178549] 
40 epoch LOSS [-1.27983818] Parameters [1.54298397 1.63614533 1.44068215 1.60104152 1.53627991 1.57457817
 1.55487107 1.59908611] REAL [0.51590871] FAKE [0.46098546] 
41 epoch LOSS [-1.27579213] Parameters [1.54298694 1.63614494 1.440135   1.60088662 1.53628103 1.57458027
 1.55434355 1.59895811] REAL [0.51714089] FAKE [0.46008967] 
42 epoch LOSS [-1.2714846] Parameters [1.54298454 1.63614204 1.43956988 1.60073338 1.5362803  1.57458151
 1.5537702  1.59881008] REAL [0.51839891] FAKE [0.45907484] 
43 epoch LOSS [-1.26729554] Parameters [1.54298746 1.63614332 1.43891502 1.60060377 1.5362782  1.57458852
 1.55314109 1.59868173] REAL [0.51969831] FAKE [0.45816228] 
44 epoch LOSS [-1.26304338] Parameters [1.5429847  1.63614004 1.43825208 1.60048003 1.53627948 1.57458403
 1.55250215 1.59855141] REAL [0.52091534] FAKE [0.4571247] 
45 epoch LOSS [-1.25976473] Parameters [1.54298314 1.63613545 1.43747347 1.60034559 1.53628369 1.5745828
 1.55174748 1.59841641] REAL [0.52157438] FAKE [0.45603009] 
46 epoch LOSS [-1.25604076] Parameters [1.54298467 1.63613363 1.43673359 1.60025308 1.53628294 1.57458473
 1.55100618 1.59832354] REAL [0.52240774] FAKE [0.45487157] 
47 epoch LOSS [-1.25137777] Parameters [1.54298531 1.63613105 1.43583931 1.60015235 1.53628773 1.57458673
 1.55018701 1.59823998] REAL [0.52384179] FAKE [0.45382301] 
48 epoch LOSS [-1.24625488] Parameters [1.54298548 1.63613143 1.43490212 1.60008341 1.53628792 1.57458328
 1.54927539 1.59816699] REAL [0.52546079] FAKE [0.4527093] 
49 epoch LOSS [-1.24227979] Parameters [1.54298427 1.63613106 1.43392735 1.59997971 1.53628517 1.57458774
 1.5482917  1.59809263] REAL [0.52637269] FAKE [0.45148136] 
50 epoch LOSS [-1.23797641] Parameters [1.54298055 1.6361342  1.43291351 1.59992831 1.5362869  1.57459189
 1.54726929 1.59803102] REAL [0.52743887] FAKE [0.45022936] 
51 epoch LOSS [-1.23302917] Parameters [1.54298586 1.63613467 1.431853   1.59985914 1.53628104 1.57459822
 1.54621022 1.59797582] REAL [0.52882939] FAKE [0.44895552] 
52 epoch LOSS [-1.2284242] Parameters [1.54298984 1.63613794 1.43072854 1.59980633 1.53628268 1.57460196
 1.54515444 1.59793455] REAL [0.52984219] FAKE [0.44747032] 
53 epoch LOSS [-1.2232513] Parameters [1.54298915 1.63613533 1.42963486 1.59976589 1.53628426 1.57460556
 1.54400942 1.59791136] REAL [0.5313117] FAKE [0.44614086] 
54 epoch LOSS [-1.21891183] Parameters [1.54298966 1.63613522 1.42825243 1.59972933 1.53628902 1.57461481
 1.54264463 1.59788125] REAL [0.5324266] FAKE [0.444897] 
55 epoch LOSS [-1.21368134] Parameters [1.54298592 1.63613848 1.42688398 1.59970047 1.53628551 1.57461856
 1.54124383 1.59785451] REAL [0.53389516] FAKE [0.44352083] 
56 epoch LOSS [-1.20826442] Parameters [1.54298192 1.63614038 1.42547538 1.59969177 1.53628439 1.57461514
 1.53986299 1.59784902] REAL [0.53523188] FAKE [0.44189559] 
57 epoch LOSS [-1.20362937] Parameters [1.5429811  1.63613776 1.42396997 1.59968476 1.5362848  1.5746137
 1.53845776 1.59785978] REAL [0.53658024] FAKE [0.4407117] 
58 epoch LOSS [-1.1981783] Parameters [1.54297784 1.6361339  1.42239591 1.59970533 1.53628803 1.57461336
 1.53687004 1.59788616] REAL [0.53800498] FAKE [0.43914385] 
59 epoch LOSS [-1.19311591] Parameters [1.5429828  1.63612179 1.42062444 1.59973563 1.53629675 1.57462211
 1.53506591 1.5979069 ] REAL [0.53945664] FAKE [0.4378143] 
60 epoch LOSS [-1.18738181] Parameters [1.54298283 1.6361312  1.41877871 1.59977573 1.536295   1.57462139
 1.53328658 1.5979377 ] REAL [0.54095522] FAKE [0.43614775] 
61 epoch LOSS [-1.18145544] Parameters [1.54297868 1.63613361 1.41692516 1.59983633 1.53630218 1.57461578
 1.531426   1.59800281] REAL [0.54251665] FAKE [0.43442872] 
62 epoch LOSS [-1.17598229] Parameters [1.54297567 1.6361335  1.41490712 1.59989459 1.53630317 1.57461796
 1.52944597 1.598064  ] REAL [0.54394401] FAKE [0.43281703] 
63 epoch LOSS [-1.16993147] Parameters [1.54296825 1.6361246  1.41289574 1.59997939 1.53629964 1.5746059
 1.52738007 1.59813768] REAL [0.5456114] FAKE [0.43111854] 
64 epoch LOSS [-1.16403624] Parameters [1.54296859 1.63611497 1.41046222 1.60004219 1.53629203 1.57460554
 1.52504014 1.59823409] REAL [0.54715519] FAKE [0.42936952] 
65 epoch LOSS [-1.1579588] Parameters [1.54296305 1.63611425 1.40801607 1.60012302 1.53629999 1.57461299
 1.5226453  1.59830919] REAL [0.54909494] FAKE [0.42791911] 
66 epoch LOSS [-1.15178677] Parameters [1.54296354 1.63610394 1.40551202 1.60024528 1.53629978 1.57461906
 1.5200872  1.59843719] REAL [0.55079941] FAKE [0.42615858] 
67 epoch LOSS [-1.14582555] Parameters [1.54297149 1.63611764 1.40282408 1.60036762 1.53628894 1.57462587
 1.51743631 1.59853327] REAL [0.55228409] FAKE [0.42427942] 
68 epoch LOSS [-1.13969955] Parameters [1.54296417 1.63611134 1.39992989 1.60050118 1.53629133 1.57461769
 1.51456473 1.59867678] REAL [0.55379647] FAKE [0.42232364] 
69 epoch LOSS [-1.13279968] Parameters [1.54295469 1.63610316 1.39672186 1.60062826 1.53629386 1.57461448
 1.51140847 1.59879103] REAL [0.55620444] FAKE [0.42084221] 
70 epoch LOSS [-1.12575626] Parameters [1.54295446 1.63610353 1.39352041 1.60083568 1.53631477 1.57462184
 1.50814423 1.59899462] REAL [0.55789672] FAKE [0.41851776] 
71 epoch LOSS [-1.11867551] Parameters [1.54292626 1.63609475 1.3901203  1.60101689 1.53632773 1.57463348
 1.50464983 1.59917633] REAL [0.56014827] FAKE [0.41673972] 
72 epoch LOSS [-1.11247049] Parameters [1.54294209 1.63608725 1.3866564  1.60122902 1.53634472 1.57465396
 1.50102937 1.59936464] REAL [0.56202523] FAKE [0.41506933] 
73 epoch LOSS [-1.10478368] Parameters [1.54292389 1.63606927 1.38283229 1.60143732 1.53635723 1.57465868
 1.49724762 1.59952971] REAL [0.5639759] FAKE [0.41259451] 
74 epoch LOSS [-1.09917633] Parameters [1.54295124 1.63607445 1.37870259 1.60166923 1.5363675  1.57465456
 1.4931569  1.59976257] REAL [0.5659887] FAKE [0.41139218] 
75 epoch LOSS [-1.09143994] Parameters [1.5429524  1.6360718  1.37432635 1.60193133 1.536385   1.57464883
 1.48896474 1.59997301] REAL [0.56825747] FAKE [0.40918909] 
76 epoch LOSS [-1.08763506] Parameters [1.5429457  1.6360703  1.36952067 1.60216897 1.53638591 1.57462918
 1.48430705 1.60023131] REAL [0.56877789] FAKE [0.40747948] 
77 epoch LOSS [-1.07714336] Parameters [1.54293599 1.63608343 1.36448187 1.60241181 1.53639832 1.57460796
 1.47939679 1.60051762] REAL [0.5724601] FAKE [0.40508166] 
78 epoch LOSS [-1.07062724] Parameters [1.54292747 1.63607704 1.35939194 1.60270133 1.53643716 1.57461961
 1.47434823 1.60078161] REAL [0.57373666] FAKE [0.40252478] 
79 epoch LOSS [-1.06446302] Parameters [1.54293563 1.63610629 1.35389204 1.60298397 1.53645702 1.57461753
 1.46876343 1.60109413] REAL [0.57558604] FAKE [0.40076202] 
80 epoch LOSS [-1.05694009] Parameters [1.54295306 1.63608466 1.34832171 1.60325063 1.53640699 1.57462326
 1.46305412 1.60139087] REAL [0.57786026] FAKE [0.39861316] 
81 epoch LOSS [-1.04779772] Parameters [1.54295417 1.63608357 1.34204498 1.60354782 1.53641737 1.57459564
 1.45687466 1.60167966] REAL [0.58042983] FAKE [0.39577664] 
82 epoch LOSS [-1.04256269] Parameters [1.54297236 1.63611561 1.3353077  1.6039403  1.5364572  1.5746057
 1.45001113 1.60204655] REAL [0.58317128] FAKE [0.39546054] 
83 epoch LOSS [-1.03312191] Parameters [1.54296576 1.63613686 1.32819263 1.60434994 1.5364277  1.57461871
 1.4430032  1.60250301] REAL [0.58585805] FAKE [0.39252494] 
84 epoch LOSS [-1.02751637] Parameters [1.54299774 1.63612235 1.32055694 1.60472496 1.53642396 1.5746187
 1.43545168 1.60283156] REAL [0.58703593] FAKE [0.3903359] 
85 epoch LOSS [-1.01838969] Parameters [1.54295873 1.63619389 1.31266477 1.605044   1.53642011 1.57461719
 1.42740725 1.60321702] REAL [0.58925305] FAKE [0.38706117] 
86 epoch LOSS [-1.01305185] Parameters [1.54298093 1.6362222  1.30434621 1.60557853 1.53646146 1.57460257
 1.41889135 1.60367289] REAL [0.59162666] FAKE [0.38625293] 
87 epoch LOSS [-1.00376253] Parameters [1.54299736 1.63617302 1.29495205 1.60593235 1.53642182 1.57460396
 1.40960429 1.60413715] REAL [0.59518253] FAKE [0.38422607] 
88 epoch LOSS [-0.99929659] Parameters [1.54307326 1.63614964 1.28512323 1.60638806 1.53640908 1.5746209
 1.3998186  1.60462801] REAL [0.59590884] FAKE [0.3822238] 
89 epoch LOSS [-0.988066] Parameters [1.54306305 1.63615255 1.27456194 1.60698137 1.53643986 1.57457781
 1.38930809 1.60525709] REAL [0.600203] FAKE [0.37971651] 
90 epoch LOSS [-0.98283657] Parameters [1.54306956 1.63611223 1.26351605 1.60752399 1.5364493  1.57457052
 1.37792797 1.60584864] REAL [0.60248677] FAKE [0.37882783] 
91 epoch LOSS [-0.972354] Parameters [1.54306406 1.63613628 1.25165913 1.6080504  1.53643837 1.57453945
 1.36584665 1.60639881] REAL [0.60482961] FAKE [0.37471361] 
92 epoch LOSS [-0.97079549] Parameters [1.54301906 1.63610506 1.23894562 1.60864659 1.53648766 1.574548
 1.35288992 1.60690023] REAL [0.60576294] FAKE [0.37470325] 
93 epoch LOSS [-0.96343942] Parameters [1.54301746 1.63604415 1.22536448 1.60927015 1.53646689 1.57464284
 1.33918259 1.6074534 ] REAL [0.60952584] FAKE [0.37397532] 
94 epoch LOSS [-0.95701477] Parameters [1.54305406 1.63614193 1.21088027 1.6099356  1.53652133 1.57462247
 1.32480597 1.60811575] REAL [0.61124898] FAKE [0.37171656] 
95 epoch LOSS [-0.94440348] Parameters [1.54309034 1.63616167 1.195139   1.61059118 1.53654563 1.57460281
 1.30888692 1.60901952] REAL [0.61622612] FAKE [0.36888184] 
96 epoch LOSS [-0.94459077] Parameters [1.54303355 1.63619646 1.17836464 1.61139621 1.53654462 1.57451353
 1.29206838 1.6097048 ] REAL [0.61642166] FAKE [0.36920019] 
97 epoch LOSS [-0.9394258] Parameters [1.54306841 1.63628301 1.15985413 1.61226127 1.5364399  1.57469569
 1.27360974 1.61046128] REAL [0.61846868] FAKE [0.36803235] 
98 epoch LOSS [-0.93136097] Parameters [1.54321271 1.63621361 1.14010765 1.61330266 1.53657788 1.57455639
 1.25360738 1.61140702] REAL [0.61961084] FAKE [0.3640894] 
99 epoch LOSS [-0.92613559] Parameters [1.54315309 1.63603683 1.11861342 1.61401929 1.53667564 1.57444695
 1.23197597 1.61233583] REAL [0.62407817] FAKE [0.36533371] 
100 epoch LOSS [-0.92837538] Parameters [1.54307084 1.63587055 1.09585928 1.61495447 1.53656159 1.57457981
 1.20900584 1.61301862] REAL [0.626258] FAKE [0.36895779] 
101 epoch LOSS [-0.91970725] Parameters [1.54302181 1.63571611 1.07080341 1.61601533 1.53651961 1.57462016
 1.18431424 1.61395135] REAL [0.62566206] FAKE [0.36285776] 
102 epoch LOSS [-0.92189861] Parameters [1.54293671 1.63595272 1.04446923 1.6172628  1.53644298 1.57452271
 1.15757238 1.61498811] REAL [0.62521423] FAKE [0.36379706] 
103 epoch LOSS [-0.93271573] Parameters [1.5427944  1.63608561 1.01503551 1.61806589 1.53635693 1.57456888
 1.12834849 1.61612335] REAL [0.62853859] FAKE [0.37397055] 
104 epoch LOSS [-0.93060003] Parameters [1.54276499 1.63618591 0.98363639 1.61937356 1.53643391 1.57458642
 1.09719221 1.61743283] REAL [0.62608344] FAKE [0.37018452] 
105 epoch LOSS [-0.93289555] Parameters [1.54264854 1.63618096 0.95012916 1.62041897 1.53648513 1.57451528
 1.06377264 1.61846038] REAL [0.62742467] FAKE [0.37297187] 
106 epoch LOSS [-0.93391074] Parameters [1.54290709 1.63602748 0.9149236  1.62152114 1.53631007 1.5744
 1.0283787  1.61985096] REAL [0.62746189] FAKE [0.37364526] 
107 epoch LOSS [-0.95320261] Parameters [1.54300079 1.63616525 0.87699308 1.62283054 1.53638437 1.57413136
 0.99019183 1.62094643] REAL [0.62471734] FAKE [0.38291384] 
108 epoch LOSS [-0.95307893] Parameters [1.54301388 1.63618057 0.83622919 1.62421299 1.53643243 1.57409967
 0.94930594 1.62245318] REAL [0.62466736] FAKE [0.38278814] 
109 epoch LOSS [-0.9967862] Parameters [1.54327188 1.6362142  0.7932604  1.62573889 1.5363993  1.5740454
 0.90619013 1.62399483] REAL [0.62335517] FAKE [0.40794004] 
110 epoch LOSS [-0.99524236] Parameters [1.54318175 1.63636793 0.74845149 1.62706326 1.53635059 1.57399766
 0.86123695 1.62556027] REAL [0.62303563] FAKE [0.40672117] 
111 epoch LOSS [-1.02560242] Parameters [1.5436615  1.63624509 0.70195694 1.62868926 1.53675014 1.57418697
 0.81492516 1.6266317 ] REAL [0.61788614] FAKE [0.41966592] 
112 epoch LOSS [-1.05528985] Parameters [1.54382697 1.63625962 0.65490505 1.62970503 1.53693676 1.57449156
 0.76777879 1.62748726] REAL [0.61629365] FAKE [0.43518561] 
113 epoch LOSS [-1.08472979] Parameters [1.54392579 1.63651561 0.60679563 1.63077751 1.53665529 1.57458404
 0.71987399 1.62874975] REAL [0.61060999] FAKE [0.44646647] 
114 epoch LOSS [-1.10348887] Parameters [1.54385151 1.63663096 0.55877737 1.63162527 1.5367327  1.57461009
 0.67191544 1.62954529] REAL [0.60366157] FAKE [0.45050045] 
115 epoch LOSS [-1.14086335] Parameters [1.5434     1.63640068 0.51156165 1.63304959 1.53681111 1.57430434
 0.62455199 1.63076893] REAL [0.59796842] FAKE [0.46561889] 
116 epoch LOSS [-1.15720608] Parameters [1.54351076 1.63614691 0.46545336 1.634238   1.53648802 1.57429644
 0.57825576 1.63147817] REAL [0.59001221] FAKE [0.46719194] 
117 epoch LOSS [-1.18069325] Parameters [1.54376938 1.63566858 0.42143595 1.63515027 1.5365809  1.57375507
 0.53406951 1.63240806] REAL [0.58381901] FAKE [0.47403941] 
118 epoch LOSS [-1.22491746] Parameters [1.54377974 1.63556002 0.37990677 1.63614201 1.53689219 1.57353777
 0.49218362 1.63286514] REAL [0.5715532] FAKE [0.4859937] 
119 epoch LOSS [-1.23888332] Parameters [1.54377709 1.6353961  0.3410541  1.63672844 1.5368178  1.5732327
 0.45310012 1.63359861] REAL [0.56649543] FAKE [0.48859684] 
120 epoch LOSS [-1.25336092] Parameters [1.54410698 1.6355033  0.30460667 1.63763911 1.53676171 1.57323157
 0.41678285 1.6340755 ] REAL [0.56509405] FAKE [0.4946974] 
121 epoch LOSS [-1.25261396] Parameters [1.54420671 1.63578276 0.27104367 1.63863536 1.53677634 1.57317038
 0.38361203 1.63474988] REAL [0.56226334] FAKE [0.49177398] 
122 epoch LOSS [-1.27190572] Parameters [1.54400703 1.63606029 0.24017793 1.63939018 1.53680898 1.57306204
 0.3527479  1.63542816] REAL [0.5521471] FAKE [0.49235096] 
123 epoch LOSS [-1.27929536] Parameters [1.54405134 1.63607066 0.21181638 1.63994134 1.53672045 1.57287291
 0.3247839  1.63639922] REAL [0.55094016] FAKE [0.49498457] 
124 epoch LOSS [-1.2909342] Parameters [1.54411523 1.63623195 0.18615787 1.64089023 1.53644546 1.57262532
 0.29978474 1.63739071] REAL [0.54483106] FAKE [0.49523115] 
125 epoch LOSS [-1.2761226] Parameters [1.54406171 1.63629876 0.16316187 1.64199976 1.53670682 1.57254496
 0.27695943 1.63847371] REAL [0.54940663] FAKE [0.49196563] 
126 epoch LOSS [-1.27694747] Parameters [1.5439474  1.63632918 0.14262191 1.64305183 1.53683752 1.57236853
 0.25636557 1.63973914] REAL [0.54613408] FAKE [0.48934278] 
127 epoch LOSS [-1.29215702] Parameters [1.54398628 1.63632077 0.12412213 1.64441734 1.53677627 1.5722303
 0.23764179 1.64093381] REAL [0.53593181] FAKE [0.48747648] 
128 epoch LOSS [-1.29813858] Parameters [1.5440162  1.63633247 0.10754747 1.64565666 1.53676159 1.57207252
 0.22121328 1.6423807 ] REAL [0.53582799] FAKE [0.4904343] 
129 epoch LOSS [-1.2939645] Parameters [1.54400637 1.63626726 0.09206971 1.64694589 1.53667535 1.57214443
 0.20606358 1.64386397] REAL [0.53581217] FAKE [0.48828779] 
130 epoch LOSS [-1.28656804] Parameters [1.54403642 1.63628851 0.07782149 1.64834479 1.53656479 1.57217984
 0.1919878  1.64547592] REAL [0.53562797] FAKE [0.48431162] 
131 epoch LOSS [-1.28560362] Parameters [1.54408468 1.63630236 0.06583556 1.65020653 1.53654796 1.57211391
 0.17985533 1.64712767] REAL [0.53398382] FAKE [0.48222469] 
132 epoch LOSS [-1.27930909] Parameters [1.54403202 1.63633136 0.05515114 1.65210201 1.53648311 1.57207061
 0.16936063 1.64913429] REAL [0.53791093] FAKE [0.48275922] 
133 epoch LOSS [-1.26724639] Parameters [1.54398216 1.63622204 0.04476309 1.65407309 1.53643063 1.57212908
 0.15931991 1.65120419] REAL [0.54198682] FAKE [0.48041912] 
134 epoch LOSS [-1.26568591] Parameters [1.54396555 1.63630446 0.03525415 1.6561284  1.53639442 1.57215427
 0.15007664 1.65342832] REAL [0.53861675] FAKE [0.47635165] 
135 epoch LOSS [-1.2543306] Parameters [1.5439259  1.63630091 0.02709142 1.65854528 1.53636682 1.57218404
 0.14147746 1.65584785] REAL [0.54397798] FAKE [0.47559138] 
136 epoch LOSS [-1.24940309] Parameters [1.54395193 1.63623841 0.01984124 1.66110313 1.53635201 1.57219545
 0.13457612 1.65836834] REAL [0.54418857] FAKE [0.47320491] 
137 epoch LOSS [-1.2615289] Parameters [1.5439415  1.63620238 0.01319168 1.66393498 1.53632699 1.57216294
 0.12803638 1.66106994] REAL [0.53676356] FAKE [0.47235487] 
138 epoch LOSS [-1.24971465] Parameters [1.54392116 1.63621356 0.00739692 1.66680727 1.53636802 1.57211901
 0.12236499 1.66374535] REAL [0.54140667] FAKE [0.47066304] 
139 epoch LOSS [-1.24579531] Parameters [1.5439378  1.63628165 0.00172621 1.67031104 1.53634561 1.57209634
 0.11668891 1.6673871 ] REAL [0.54153054] FAKE [0.46870587] 
140 epoch LOSS [-1.23982382] Parameters [ 1.5439816   1.63622608 -0.00306257  1.67393968  1.53632359  1.5721134
  0.1119519   1.67095806] REAL [0.54330856] FAKE [0.46727288] 
141 epoch LOSS [-1.23570013] Parameters [ 1.54396019  1.63624303 -0.00756981  1.67788861  1.53627639  1.57209102
  0.10763573  1.67480952] REAL [0.54408932] FAKE [0.46583916] 
142 epoch LOSS [-1.23327883] Parameters [ 1.5439857   1.63625533 -0.01175702  1.68208873  1.5362948   1.57209956
  0.10363369  1.67890993] REAL [0.54377227] FAKE [0.46423202] 
143 epoch LOSS [-1.2311506] Parameters [ 1.54399247  1.63625287 -0.01566456  1.68677372  1.53627748  1.57212324
  0.09971996  1.68357369] REAL [0.54352965] FAKE [0.46285091] 
144 epoch LOSS [-1.21359364] Parameters [ 1.54401538  1.63621332 -0.01867353  1.6917922   1.5362836   1.57210907
  0.09667056  1.68859146] REAL [0.5512578] FAKE [0.46100066] 
145 epoch LOSS [-1.21977729] Parameters [ 1.54401124  1.63623308 -0.02145122  1.69733964  1.53628407  1.57208815
  0.09353484  1.69407891] REAL [0.54610204] FAKE [0.45926603] 
146 epoch LOSS [-1.20538618] Parameters [ 1.54399959  1.6362539  -0.02428894  1.7028265   1.53628325  1.57206443
  0.09079587  1.69965431] REAL [0.55197416] FAKE [0.45726393] 
147 epoch LOSS [-1.20124324] Parameters [ 1.543981    1.63628702 -0.02644645  1.70927536  1.53632086  1.57208462
  0.08862189  1.70610902] REAL [0.55344487] FAKE [0.45645898] 
148 epoch LOSS [-1.19662288] Parameters [ 1.54397929  1.63630396 -0.02926662  1.71603659  1.53631175  1.57205036
  0.08619275  1.71284177] REAL [0.55303085] FAKE [0.45353302] 
149 epoch LOSS [-1.19586018] Parameters [ 1.54397575  1.63633162 -0.03150087  1.72346555  1.53630098  1.57204272
  0.08383509  1.72009447] REAL [0.551297] FAKE [0.4513961] 
150 epoch LOSS [-1.18063881] Parameters [ 1.54402488  1.6363506  -0.03297081  1.73158511  1.53631153  1.5720346
  0.08209701  1.72829235] REAL [0.55951693] FAKE [0.45116494] 
151 epoch LOSS [-1.18634589] Parameters [ 1.54402356  1.63634462 -0.03476209  1.74022582  1.5363343   1.57210858
  0.08009404  1.7368909 ] REAL [0.55455146] FAKE [0.44940194] 
152 epoch LOSS [-1.16348812] Parameters [ 1.54400751  1.63630933 -0.03673815  1.74961488  1.53638382  1.57206683
  0.07830486  1.74629556] REAL [0.56519412] FAKE [0.44727909] 
153 epoch LOSS [-1.16474397] Parameters [ 1.54400246  1.63635874 -0.03840477  1.75969721  1.5363466   1.57210539
  0.07650599  1.75652921] REAL [0.56427526] FAKE [0.44707387] 
154 epoch LOSS [-1.17462265] Parameters [ 1.54397736  1.63640563 -0.03961485  1.77132308  1.53651225  1.57211545
  0.07539963  1.76787735] REAL [0.56005034] FAKE [0.44837899] 
155 epoch LOSS [-1.15696338] Parameters [ 1.54394917  1.63643513 -0.04090151  1.78342235  1.53655098  1.57198164
  0.07421067  1.7797376 ] REAL [0.56533364] FAKE [0.44379824] 
156 epoch LOSS [-1.15557334] Parameters [ 1.54401218  1.63653027 -0.04224555  1.79699219  1.53642078  1.57189027
  0.07307422  1.7933635 ] REAL [0.5637148] FAKE [0.44142507] 
157 epoch LOSS [-1.14150747] Parameters [ 1.54397174  1.63650932 -0.04302188  1.81133691  1.53634673  1.57197753
  0.07246365  1.80774017] REAL [0.57085331] FAKE [0.44059663] 
158 epoch LOSS [-1.15316436] Parameters [ 1.54405526  1.63653695 -0.04401934  1.82774435  1.53626014  1.57193289
  0.07154536  1.82411508] REAL [0.56741255] FAKE [0.44372679] 
159 epoch LOSS [-1.14454465] Parameters [ 1.54404389  1.6365647  -0.0448394   1.84584238  1.53626595  1.5720752
  0.07054844  1.8422295 ] REAL [0.57186896] FAKE [0.44328356] 
160 epoch LOSS [-1.14642882] Parameters [ 1.54394122  1.6365829  -0.04562717  1.86534431  1.53635794  1.57212314
  0.06951676  1.86173291] REAL [0.5690316] FAKE [0.44156079] 
161 epoch LOSS [-1.14390483] Parameters [ 1.5438276   1.63664246 -0.04617327  1.88667369  1.53618231  1.57217612
  0.06884536  1.88319022] REAL [0.56831413] FAKE [0.43944273] 
162 epoch LOSS [-1.14088003] Parameters [ 1.54387631  1.63688528 -0.04683933  1.90949281  1.5362075   1.57189485
  0.06806112  1.90649527] REAL [0.57330102] FAKE [0.44263539] 
163 epoch LOSS [-1.15142214] Parameters [ 1.54383855  1.63691996 -0.04728109  1.93490882  1.53612933  1.57179562
  0.06747626  1.93194041] REAL [0.5688387] FAKE [0.44415388] 
164 epoch LOSS [-1.14741344] Parameters [ 1.54398292  1.63689649 -0.04815968  1.96353736  1.53615446  1.57192048
  0.06666504  1.96019495] REAL [0.57544932] FAKE [0.44833225] 
165 epoch LOSS [-1.15110186] Parameters [ 1.54403262  1.63657297 -0.04878469  1.99436737  1.53625393  1.57194767
  0.06573997  1.99127884] REAL [0.56934632] FAKE [0.44447156] 
166 epoch LOSS [-1.15754467] Parameters [ 1.54397589  1.63657453 -0.04981991  2.02891395  1.5363448   1.5716176
  0.06512381  2.0258267 ] REAL [0.5695761] FAKE [0.4482619] 
167 epoch LOSS [-1.1908302] Parameters [ 1.54422769  1.63662959 -0.05041051  2.06592812  1.53600102  1.57132366
  0.06498255  2.06284538] REAL [0.56190377] FAKE [0.45903761] 
168 epoch LOSS [-1.18755157] Parameters [ 1.544439    1.63671441 -0.05033973  2.10685106  1.53597999  1.57154474
  0.06464845  2.10365049] REAL [0.56418619] FAKE [0.45945674] 
169 epoch LOSS [-1.21766154] Parameters [ 1.54445287  1.63658395 -0.05124226  2.15120088  1.5359224   1.57141012
  0.06385591  2.14867804] REAL [0.55951697] FAKE [0.47111281] 
170 epoch LOSS [-1.24374343] Parameters [ 1.54481047  1.63630863 -0.0515893   2.19950994  1.53603644  1.57109084
  0.06338717  2.19670902] REAL [0.55645762] FAKE [0.48189594] 
171 epoch LOSS [-1.25078541] Parameters [ 1.54472096  1.63629808 -0.05177748  2.25060836  1.53620032  1.57105285
  0.06362926  2.24776752] REAL [0.55059725] FAKE [0.48005577] 
172 epoch LOSS [-1.30591525] Parameters [ 1.54480863  1.63613506 -0.05156819  2.3047265   1.53611086  1.5715663
  0.06372932  2.30151438] REAL [0.54290957] FAKE [0.50097683] 
173 epoch LOSS [-1.35114407] Parameters [ 1.54530267  1.6362551  -0.05142494  2.36053048  1.53593856  1.5718872
  0.0633168   2.35736804] REAL [0.52995693] FAKE [0.51138701] 
174 epoch LOSS [-1.36980371] Parameters [ 1.54497544  1.636339   -0.05186447  2.4172287   1.53560702  1.57143778
  0.06307906  2.41383538] REAL [0.52635815] FAKE [0.51714086] 
175 epoch LOSS [-1.46097556] Parameters [ 1.54490059  1.63622007 -0.05241601  2.47399649  1.53554717  1.57118491
  0.06240694  2.47047046] REAL [0.51221084] FAKE [0.54704234] 
176 epoch LOSS [-1.49512785] Parameters [ 1.5448775   1.63648242 -0.0527844   2.52898298  1.53608571  1.57123508
  0.06185549  2.52563224] REAL [0.50302319] FAKE [0.55425527] 
177 epoch LOSS [-1.50217946] Parameters [ 1.54464631  1.6370321  -0.05233971  2.5819096   1.53608807  1.571613
  0.06181633  2.57853321] REAL [0.49662172] FAKE [0.55168213] 
178 epoch LOSS [-1.57245076] Parameters [ 1.54488396  1.63650704 -0.05215796  2.63147483  1.53572054  1.57171888
  0.06263429  2.62853755] REAL [0.48282533] FAKE [0.57016353] 
179 epoch LOSS [-1.57564967] Parameters [ 1.54483974  1.63736188 -0.05239814  2.67760998  1.53595562  1.57185229
  0.06256451  2.67432004] REAL [0.48369861] FAKE [0.5723099] 
180 epoch LOSS [-1.59690065] Parameters [ 1.54503101  1.63745588 -0.05303631  2.71886309  1.53561443  1.57201468
  0.06232722  2.71621053] REAL [0.47594318] FAKE [0.57448022] 
181 epoch LOSS [-1.63835971] Parameters [ 1.54522645  1.63728635 -0.05375457  2.75656615  1.53569093  1.57206051
  0.06136383  2.75382897] REAL [0.46088752] FAKE [0.57842537] 
182 epoch LOSS [-1.63906685] Parameters [ 1.54518988  1.63745276 -0.05468234  2.78992411  1.53588563  1.57189464
  0.06018544  2.78709331] REAL [0.45701958] FAKE [0.57515794] 
183 epoch LOSS [-1.62975129] Parameters [ 1.54525559  1.63730209 -0.05497003  2.81969939  1.53612513  1.57183807
  0.05976115  2.81633605] REAL [0.46263531] FAKE [0.57638705] 
184 epoch LOSS [-1.63188968] Parameters [ 1.54533184  1.63719378 -0.05542739  2.84602594  1.53623194  1.57192978
  0.05942184  2.84262538] REAL [0.45566438] FAKE [0.57082518] 
185 epoch LOSS [-1.62370897] Parameters [ 1.5453336   1.63724091 -0.05554852  2.86914441  1.53617631  1.57176629
  0.05923106  2.86586258] REAL [0.45454991] FAKE [0.56623892] 
186 epoch LOSS [-1.62423873] Parameters [ 1.54531692  1.63729287 -0.05580018  2.88999419  1.53602605  1.57174374
  0.05979701  2.88660441] REAL [0.45431178] FAKE [0.56624141] 
187 epoch LOSS [-1.63078848] Parameters [ 1.54534586  1.63736382 -0.05580461  2.90817971  1.53598274  1.57174325
  0.05946737  2.9048245 ] REAL [0.44682166] FAKE [0.56184947] 
188 epoch LOSS [-1.62650084] Parameters [ 1.54541909  1.63736509 -0.05552224  2.92438372  1.53588456  1.57176233
  0.05980864  2.92063839] REAL [0.44692787] FAKE [0.56007137] 
189 epoch LOSS [-1.59766429] Parameters [ 1.54548582  1.63726796 -0.05563175  2.93877092  1.5358815   1.57170844
  0.05972063  2.93496034] REAL [0.45667518] FAKE [0.55686525] 
190 epoch LOSS [-1.58603253] Parameters [ 1.5454559   1.63727579 -0.05545522  2.95187814  1.53593532  1.5717354
  0.05951306  2.94777548] REAL [0.45794989] FAKE [0.55292862] 
191 epoch LOSS [-1.58196241] Parameters [ 1.54547404  1.63735693 -0.05573743  2.96295755  1.53596112  1.57172339
  0.05923392  2.95921213] REAL [0.45627104] FAKE [0.54945357] 
192 epoch LOSS [-1.5892074] Parameters [ 1.54549274  1.63735523 -0.05589175  2.97293029  1.5359823   1.57169535
  0.0591696   2.96930517] REAL [0.45006993] FAKE [0.54654312] 
193 epoch LOSS [-1.56192306] Parameters [ 1.5454794   1.63740963 -0.05541378  2.98191106  1.53597286  1.57170713
  0.0594841   2.97835349] REAL [0.46063028] FAKE [0.54468395] 
194 epoch LOSS [-1.54945459] Parameters [ 1.54545675  1.63745072 -0.0554831   2.99008446  1.53601982  1.57173861
  0.05955773  2.9865773 ] REAL [0.46149609] FAKE [0.53983625] 
195 epoch LOSS [-1.56074782] Parameters [ 1.54548297  1.63750829 -0.05602659  2.99703594  1.5360325   1.57171625
  0.05953626  2.99343325] REAL [0.45449774] FAKE [0.53799774] 
196 epoch LOSS [-1.54964392] Parameters [ 1.5454855   1.63748876 -0.05610809  3.00349073  1.53601292  1.57173581
  0.05967649  2.99984862] REAL [0.45626063] FAKE [0.53464412] 
197 epoch LOSS [-1.52813271] Parameters [ 1.54551324  1.63745417 -0.05599311  3.00918914  1.53600602  1.57175661
  0.05994944  3.00551503] REAL [0.46436822] FAKE [0.53282682] 
198 epoch LOSS [-1.5172735] Parameters [ 1.54552333  1.63745242 -0.05610106  3.01436694  1.53601274  1.57174761
  0.05968056  3.01073408] REAL [0.46705213] FAKE [0.53043996] 
199 epoch LOSS [-1.51170443] Parameters [ 1.54557486  1.63746308 -0.05650728  3.01895187  1.53597906  1.57179299
  0.05964862  3.01530686] REAL [0.46698842] FAKE [0.52775323] 
200 epoch LOSS [-1.50344364] Parameters [ 1.54558765  1.6374722  -0.05669728  3.02307212  1.53599602  1.57179602
  0.05953323  3.01950652] REAL [0.46807254] FAKE [0.5249388] 
201 epoch LOSS [-1.49023775] Parameters [ 1.54560219  1.63743983 -0.05718394  3.02684186  1.53597433  1.57177881
  0.0590717   3.02335223] REAL [0.47170742] FAKE [0.52233298] 
202 epoch LOSS [-1.49029785] Parameters [ 1.54560971  1.63743433 -0.05718747  3.03025594  1.53597859  1.57177643
  0.05893266  3.02683921] REAL [0.4694655] FAKE [0.52008073] 
203 epoch LOSS [-1.48010215] Parameters [ 1.54563883  1.63741094 -0.05725899  3.03330413  1.53596212  1.57177713
  0.05918344  3.02986949] REAL [0.47216787] FAKE [0.51793747] 
204 epoch LOSS [-1.49045568] Parameters [ 1.54562753  1.63740694 -0.05711951  3.03600785  1.53597984  1.57177502
  0.05926026  3.03254366] REAL [0.4656365] FAKE [0.51621065] 
205 epoch LOSS [-1.46957818] Parameters [ 1.54563908  1.63739101 -0.05752885  3.0384067   1.53598306  1.57178792
  0.05912589  3.03490202] REAL [0.47357121] FAKE [0.51428109] 
206 epoch LOSS [-1.45631925] Parameters [ 1.54563147  1.63738059 -0.05749734  3.04061403  1.53597906  1.57179066
  0.05914955  3.03717009] REAL [0.47749469] FAKE [0.51184242] 
207 epoch LOSS [-1.45002874] Parameters [ 1.54562259  1.63737698 -0.05752792  3.04257402  1.53598051  1.57179775
  0.05911354  3.03904465] REAL [0.478622] FAKE [0.509919] 
208 epoch LOSS [-1.45682309] Parameters [ 1.54561762  1.63737456 -0.05766359  3.04419305  1.53596992  1.5717945
  0.05917417  3.04065403] REAL [0.47357192] FAKE [0.50804675] 
209 epoch LOSS [-1.44024738] Parameters [ 1.54560886  1.63738204 -0.05757558  3.04559255  1.53597974  1.57180036
  0.05925315  3.04202965] REAL [0.47961081] FAKE [0.50612215] 
210 epoch LOSS [-1.4474984] Parameters [ 1.54560668  1.63738497 -0.05759246  3.04681997  1.53597313  1.57180209
  0.0590775   3.0432886 ] REAL [0.47456841] FAKE [0.50448066] 
211 epoch LOSS [-1.42227768] Parameters [ 1.54560986  1.63738817 -0.05784224  3.04787249  1.53597026  1.57180729
  0.05875945  3.04430737] REAL [0.48469973] FAKE [0.5024464] 
212 epoch LOSS [-1.41993616] Parameters [ 1.5456058   1.63738674 -0.05755963  3.04874339  1.5359644   1.57180761
  0.05877311  3.04522847] REAL [0.48427138] FAKE [0.50083887] 
213 epoch LOSS [-1.42642515] Parameters [ 1.54561442  1.637387   -0.05756203  3.04947499  1.53596387  1.57180474
  0.05892383  3.04596454] REAL [0.47938198] FAKE [0.49900923] 
214 epoch LOSS [-1.40324194] Parameters [ 1.54561789  1.63738662 -0.05722038  3.0500253   1.53596086  1.57180396
  0.05922762  3.046518  ] REAL [0.48879779] FAKE [0.49713602] 
215 epoch LOSS [-1.41075174] Parameters [ 1.54561997  1.63739248 -0.0571716   3.05041479  1.53596112  1.57180208
  0.05928365  3.04691061] REAL [0.48350974] FAKE [0.4954397] 
216 epoch LOSS [-1.3941419] Parameters [ 1.54561798  1.6373877  -0.05680384  3.05063905  1.53596158  1.57180202
  0.05974943  3.04712691] REAL [0.48988177] FAKE [0.49366192] 
217 epoch LOSS [-1.39306019] Parameters [ 1.54561976  1.6373889  -0.05687605  3.05072555  1.53596332  1.57180115
  0.05989886  3.04720923] REAL [0.48879711] FAKE [0.49198912] 
218 epoch LOSS [-1.3890885] Parameters [ 1.54562168  1.63738914 -0.05672125  3.05066576  1.53596326  1.57179977
  0.06016522  3.04714784] REAL [0.48910591] FAKE [0.49028945] 
219 epoch LOSS [-1.38012186] Parameters [ 1.54562195  1.63738983 -0.05650096  3.05046903  1.53596356  1.57180032
  0.06018986  3.04695561] REAL [0.49197631] FAKE [0.48869917] 
220 epoch LOSS [-1.38439493] Parameters [ 1.54562029  1.63738592 -0.05678748  3.05012172  1.53596822  1.57179892
  0.05988921  3.0466146 ] REAL [0.48835436] FAKE [0.48710336] 
221 epoch LOSS [-1.37254119] Parameters [ 1.54561406  1.63738535 -0.05704203  3.0496268   1.53596345  1.57179442
  0.05986461  3.04613722] REAL [0.49277278] FAKE [0.48564114] 
222 epoch LOSS [-1.35757784] Parameters [ 1.54561212  1.63738254 -0.0574125   3.04896963  1.53595878  1.57179715
  0.05943872  3.0454617 ] REAL [0.49893404] FAKE [0.48433424] 
223 epoch LOSS [-1.36786076] Parameters [ 1.5456152   1.63738413 -0.05746053  3.04818504  1.53595426  1.57179655
  0.05945838  3.04468221] REAL [0.49247145] FAKE [0.48291188] 
224 epoch LOSS [-1.34647569] Parameters [ 1.54561314  1.63738431 -0.0574189   3.04722981  1.53594847  1.57180251
  0.05929559  3.0437007 ] REAL [0.50188131] FAKE [0.48163936] 
225 epoch LOSS [-1.33984114] Parameters [ 1.54560996  1.63738891 -0.05718329  3.04618402  1.53595642  1.57181936
  0.05942892  3.04263564] REAL [0.50360508] FAKE [0.47997493] 
226 epoch LOSS [-1.3421921] Parameters [ 1.54559985  1.63738475 -0.057131    3.04499987  1.53595751  1.57181847
  0.05946158  3.04144588] REAL [0.50084375] FAKE [0.4783357] 
227 epoch LOSS [-1.33482121] Parameters [ 1.54560131  1.63739016 -0.05703714  3.04361404  1.53595462  1.57183158
  0.05939732  3.04002094] REAL [0.50332477] FAKE [0.47706681] 
228 epoch LOSS [-1.3425916] Parameters [ 1.54560094  1.63737995 -0.05710073  3.04205579  1.53596039  1.57183398
  0.0593513   3.03851966] REAL [0.4980887] FAKE [0.47565976] 
229 epoch LOSS [-1.32308251] Parameters [ 1.54561271  1.63737909 -0.05731924  3.04037592  1.53595614  1.57182653
  0.05893655  3.03689751] REAL [0.50650875] FAKE [0.47421812] 
230 epoch LOSS [-1.33152716] Parameters [ 1.54560661  1.63738763 -0.0573115   3.03852756  1.53594455  1.57183903
  0.05891765  3.03506152] REAL [0.50118262] FAKE [0.47309891] 
231 epoch LOSS [-1.32117274] Parameters [ 1.54561378  1.63739221 -0.05742645  3.03645027  1.5359542   1.57184217
  0.05893989  3.03306872] REAL [0.50536807] FAKE [0.47202401] 
232 epoch LOSS [-1.30560939] Parameters [ 1.54560807  1.63739361 -0.05739323  3.0342137   1.53593034  1.57184063
  0.05895712  3.03085599] REAL [0.51180425] FAKE [0.47048635] 
233 epoch LOSS [-1.31436361] Parameters [ 1.54562432  1.63740401 -0.05743649  3.03172664  1.53592847  1.57183873
  0.05895613  3.02839661] REAL [0.50606831] FAKE [0.46915223] 
234 epoch LOSS [-1.29669163] Parameters [ 1.5456421   1.63740188 -0.057444    3.02905632  1.53593318  1.57184221
  0.05902357  3.0256778 ] REAL [0.51350857] FAKE [0.46751634] 
235 epoch LOSS [-1.28957086] Parameters [ 1.54561687  1.63740558 -0.05754999  3.02615014  1.53591833  1.57184044
  0.05895818  3.02261965] REAL [0.51578171] FAKE [0.46607464] 
236 epoch LOSS [-1.29113579] Parameters [ 1.54564556  1.6374024  -0.05764327  3.02303382  1.53591308  1.57183349
  0.05887899  3.01951157] REAL [0.51331288] FAKE [0.46434558] 
237 epoch LOSS [-1.28291806] Parameters [ 1.54565521  1.63740346 -0.05751719  3.01964727  1.53593129  1.57182613
  0.05888528  3.01619781] REAL [0.5165422] FAKE [0.46330202] 
238 epoch LOSS [-1.28484229] Parameters [ 1.54563921  1.63741487 -0.05755553  3.01620099  1.53594119  1.57180293
  0.05882363  3.01265028] REAL [0.51391653] FAKE [0.46159697] 
239 epoch LOSS [-1.28470624] Parameters [ 1.54564613  1.63741539 -0.05757359  3.01231567  1.53592173  1.57180301
  0.05885998  3.00870376] REAL [0.51368559] FAKE [0.46128163] 
240 epoch LOSS [-1.27956931] Parameters [ 1.54564105  1.63742507 -0.05762112  3.00833981  1.53591155  1.57177655
  0.0588211   3.00469117] REAL [0.51502929] FAKE [0.45991989] 
241 epoch LOSS [-1.26428588] Parameters [ 1.54563576  1.63741921 -0.05746149  3.00395368  1.53594181  1.57179149
  0.05895343  3.00024837] REAL [0.52228016] FAKE [0.45921568] 
242 epoch LOSS [-1.25940976] Parameters [ 1.54565731  1.63740174 -0.0573196   2.99929717  1.53594149  1.57179201
  0.05903297  2.99554301] REAL [0.52298129] FAKE [0.45730086] 
243 epoch LOSS [-1.26294243] Parameters [ 1.54564949  1.63743154 -0.05738041  2.99397195  1.53596136  1.57181886
  0.05906283  2.99023743] REAL [0.52032126] FAKE [0.45645001] 
244 epoch LOSS [-1.24742413] Parameters [ 1.54562806  1.63742831 -0.05722438  2.98857344  1.53594903  1.57182939
  0.05935502  2.98463941] REAL [0.52782646] FAKE [0.45579889] 
245 epoch LOSS [-1.25555736] Parameters [ 1.54564443  1.63745759 -0.05713773  2.98269442  1.53597889  1.57177882
  0.05931485  2.97855764] REAL [0.52231658] FAKE [0.45451281] 
246 epoch LOSS [-1.24587831] Parameters [ 1.54565496  1.63746314 -0.05702607  2.97646001  1.53601339  1.57176268
  0.05938146  2.97241531] REAL [0.52575374] FAKE [0.45280824] 
247 epoch LOSS [-1.24573356] Parameters [ 1.5456994   1.63748019 -0.05702999  2.96982117  1.53592617  1.57179081
  0.05922532  2.96571199] REAL [0.52437903] FAKE [0.4512943] 
248 epoch LOSS [-1.23999036] Parameters [ 1.54566401  1.63753312 -0.05712846  2.96260307  1.53595711  1.57185765
  0.0591645   2.95851779] REAL [0.52543331] FAKE [0.44924122] 
249 epoch LOSS [-1.2321938] Parameters [ 1.54564278  1.63750181 -0.05732065  2.95467502  1.53599     1.57182884
  0.05908978  2.95059514] REAL [0.5306902] FAKE [0.4504288] 
250 epoch LOSS [-1.23504135] Parameters [ 1.54565405  1.63745743 -0.05727713  2.94618004  1.53603648  1.57185363
  0.05922321  2.94204819] REAL [0.52806401] FAKE [0.44926613] 
251 epoch LOSS [-1.21977698] Parameters [ 1.54566984  1.63738139 -0.05727267  2.93720505  1.53601131  1.5718618
  0.05904656  2.93307291] REAL [0.53445738] FAKE [0.44748444] 
252 epoch LOSS [-1.22473903] Parameters [ 1.54566552  1.63748718 -0.05725065  2.92726129  1.53606259  1.57191306
  0.05906879  2.92309661] REAL [0.5312061] FAKE [0.4468543] 
253 epoch LOSS [-1.21563734] Parameters [ 1.54564097  1.63743859 -0.05719655  2.9168811   1.53606529  1.5719382
  0.05905084  2.91266151] REAL [0.5349691] FAKE [0.44572319] 
254 epoch LOSS [-1.2180292] Parameters [ 1.5456273   1.63743636 -0.05719142  2.90571868  1.5360953   1.57188232
  0.05910004  2.90160485] REAL [0.53246295] FAKE [0.44444477] 
255 epoch LOSS [-1.22076687] Parameters [ 1.54565887  1.6373671  -0.05715945  2.89364833  1.53606051  1.57182952
  0.05908416  2.88940052] REAL [0.53167696] FAKE [0.44514456] 
256 epoch LOSS [-1.21166095] Parameters [ 1.54566157  1.6372533  -0.05730706  2.88075508  1.53612688  1.57186276
  0.05902797  2.87648911] REAL [0.53469763] FAKE [0.44323224] 
257 epoch LOSS [-1.21607861] Parameters [ 1.54571719  1.63728444 -0.05733443  2.86677698  1.5360328   1.57191198
  0.05889243  2.86246672] REAL [0.53477989] FAKE [0.4457717] 
258 epoch LOSS [-1.21521135] Parameters [ 1.54573924  1.63728235 -0.05725331  2.85177269  1.53597177  1.57197099
  0.05891196  2.84747572] REAL [0.53401519] FAKE [0.44449649] 
259 epoch LOSS [-1.20817289] Parameters [ 1.54566679  1.63739798 -0.05740382  2.83570411  1.53592827  1.57206276
  0.05881456  2.83116805] REAL [0.540491] FAKE [0.44727551] 
260 epoch LOSS [-1.20257779] Parameters [ 1.54583455  1.63727706 -0.05743289  2.81833862  1.53587533  1.57190888
  0.05855069  2.81402281] REAL [0.54004345] FAKE [0.44371365] 
261 epoch LOSS [-1.20574695] Parameters [ 1.54585029  1.63729395 -0.05719708  2.79988009  1.53593395  1.57189126
  0.05867822  2.79563823] REAL [0.54070499] FAKE [0.44615228] 
262 epoch LOSS [-1.20410862] Parameters [ 1.54593064  1.63754532 -0.05707572  2.77985037  1.53588528  1.57196785
  0.0588042   2.7757092 ] REAL [0.54024281] FAKE [0.44476955] 
263 epoch LOSS [-1.20994316] Parameters [ 1.54609888  1.63743508 -0.05723028  2.75826333  1.53574581  1.57198358
  0.05878368  2.75412786] REAL [0.53909017] FAKE [0.44681938] 
264 epoch LOSS [-1.2224582] Parameters [ 1.5460717   1.63739593 -0.05724257  2.73528408  1.53571178  1.57189299
  0.05878149  2.73129976] REAL [0.53333697] FAKE [0.44780629] 
265 epoch LOSS [-1.22307586] Parameters [ 1.5459242   1.63752076 -0.0573251   2.71080915  1.53571806  1.57170543
  0.05864365  2.70655147] REAL [0.53456479] FAKE [0.44941478] 
266 epoch LOSS [-1.22785086] Parameters [ 1.54579228  1.63741219 -0.05723269  2.68436644  1.53574018  1.57190744
  0.05869099  2.68029985] REAL [0.53518911] FAKE [0.45267677] 
267 epoch LOSS [-1.22554652] Parameters [ 1.54575569  1.63737633 -0.05739518  2.65674613  1.53574335  1.57199779
  0.05885519  2.65267794] REAL [0.54008656] FAKE [0.45638862] 
268 epoch LOSS [-1.23790841] Parameters [ 1.54584636  1.63744966 -0.05754704  2.62695009  1.5355671   1.57189268
  0.05889024  2.62312117] REAL [0.53742095] FAKE [0.46040413] 
269 epoch LOSS [-1.24289138] Parameters [ 1.54579964  1.63751033 -0.05765164  2.59597197  1.53535771  1.57194724
  0.05883965  2.59221736] REAL [0.53481969] FAKE [0.46047479] 
270 epoch LOSS [-1.2750531] Parameters [ 1.54555308  1.63757489 -0.05745843  2.5633886   1.53530384  1.57218618
  0.05879365  2.55956354] REAL [0.52614747] FAKE [0.46893951] 
271 epoch LOSS [-1.27391144] Parameters [ 1.54562113  1.63768644 -0.05753983  2.52968336  1.53517029  1.57205404
  0.05889929  2.52572197] REAL [0.52884519] FAKE [0.47104499] 
272 epoch LOSS [-1.29367689] Parameters [ 1.54560462  1.63760818 -0.05749139  2.49443066  1.53529703  1.57211489
  0.0589364   2.49056409] REAL [0.52667319] FAKE [0.47925867] 
273 epoch LOSS [-1.30091194] Parameters [ 1.54564595  1.63759846 -0.05734744  2.45846645  1.53511272  1.57208806
  0.05889958  2.45454536] REAL [0.52276501] FAKE [0.47914767] 
274 epoch LOSS [-1.31654084] Parameters [ 1.54580425  1.63764918 -0.05752136  2.42182568  1.53499174  1.57250036
  0.05864576  2.41769333] REAL [0.52281161] FAKE [0.48727044] 
275 epoch LOSS [-1.34950826] Parameters [ 1.54565781  1.6377341  -0.05714915  2.38471176  1.53472978  1.57268912
  0.05857815  2.38023997] REAL [0.51873013] FAKE [0.49999478] 
276 epoch LOSS [-1.36387089] Parameters [ 1.54517396  1.63743144 -0.05706444  2.34745929  1.53448755  1.57283067
  0.0586404   2.34321693] REAL [0.51535463] FAKE [0.50389659] 
277 epoch LOSS [-1.39761962] Parameters [ 1.5450053   1.6370136  -0.05687202  2.31056486  1.53425142  1.57294708
  0.05901026  2.30611504] REAL [0.50916975] FAKE [0.51453389] 
278 epoch LOSS [-1.40913758] Parameters [ 1.54519125  1.63701383 -0.05679205  2.27408818  1.5341782   1.57315404
  0.05907044  2.26987507] REAL [0.50615075] FAKE [0.51723093] 
279 epoch LOSS [-1.4213553] Parameters [ 1.54522104  1.6372238  -0.0578703   2.23864947  1.53402353  1.57327475
  0.05789069  2.23428224] REAL [0.50648612] FAKE [0.52340916] 
280 epoch LOSS [-1.46749926] Parameters [ 1.54541786  1.63748854 -0.05740003  2.20433219  1.53428161  1.57316458
  0.05885842  2.19986537] REAL [0.49496257] FAKE [0.53430581] 
281 epoch LOSS [-1.45589909] Parameters [ 1.54548768  1.63751394 -0.05667292  2.17141348  1.53401012  1.57338558
  0.05883888  2.16679336] REAL [0.49684034] FAKE [0.53065282] 
282 epoch LOSS [-1.48696148] Parameters [ 1.54543951  1.63763977 -0.05671662  2.13989012  1.53409369  1.57346003
  0.05861196  2.13535217] REAL [0.49007253] FAKE [0.53872441] 
283 epoch LOSS [-1.48380398] Parameters [ 1.54555362  1.63775201 -0.05698961  2.11033486  1.53417321  1.57308429
  0.05839533  2.10569009] REAL [0.49447212] FAKE [0.54138283] 
284 epoch LOSS [-1.49659354] Parameters [ 1.54561156  1.63789462 -0.05640709  2.08236664  1.53417679  1.57323442
  0.05901995  2.07776121] REAL [0.49305373] FAKE [0.54590843] 
285 epoch LOSS [-1.50765095] Parameters [ 1.54552307  1.63773222 -0.05646754  2.05627035  1.53390418  1.57348492
  0.0593244   2.0518839 ] REAL [0.48656168] FAKE [0.54490967] 
286 epoch LOSS [-1.49795276] Parameters [ 1.54551478  1.63765253 -0.05696678  2.0320772   1.53395783  1.57355086
  0.05882921  2.02724209] REAL [0.49193935] FAKE [0.54549798] 
287 epoch LOSS [-1.50990594] Parameters [ 1.54545075  1.63759472 -0.056986    2.00954848  1.53413148  1.57370862
  0.05901154  2.00477072] REAL [0.48769058] FAKE [0.54698581] 
288 epoch LOSS [-1.52791782] Parameters [ 1.5453177   1.63753877 -0.05660272  1.98835255  1.53427085  1.57390863
  0.0595062   1.98385776] REAL [0.48233504] FAKE [0.5501322] 
289 epoch LOSS [-1.51374242] Parameters [ 1.54534566  1.63771859 -0.05624668  1.96886349  1.53425279  1.57376471
  0.05950994  1.96427661] REAL [0.48786177] FAKE [0.54887881] 
290 epoch LOSS [-1.52537459] Parameters [ 1.54539403  1.63774545 -0.05664559  1.95095083  1.5342193   1.5737578
  0.05917112  1.94642607] REAL [0.48125096] FAKE [0.54797066] 
291 epoch LOSS [-1.51068715] Parameters [ 1.5453575   1.6377296  -0.05677331  1.93432731  1.5341036   1.57370741
  0.05886058  1.92989088] REAL [0.48967324] FAKE [0.54917236] 
292 epoch LOSS [-1.52336722] Parameters [ 1.54526225  1.63778169 -0.05726172  1.91933624  1.53407304  1.57367426
  0.05931532  1.91479774] REAL [0.48281042] FAKE [0.54852533] 
293 epoch LOSS [-1.50842412] Parameters [ 1.54526948  1.6378104  -0.05769926  1.90541911  1.53402488  1.57357948
  0.0593793   1.90117311] REAL [0.48886206] FAKE [0.5474012] 
294 epoch LOSS [-1.51331783] Parameters [ 1.54529484  1.63783022 -0.05762548  1.8929049   1.5339665   1.57349046
  0.05942378  1.88869654] REAL [0.48745154] FAKE [0.54830741] 
295 epoch LOSS [-1.51170088] Parameters [ 1.54524045  1.63789872 -0.05802945  1.88123112  1.53396487  1.5735336
  0.05914892  1.87707841] REAL [0.48648802] FAKE [0.5466804] 
296 epoch LOSS [-1.51098331] Parameters [ 1.54528055  1.63787418 -0.05831966  1.8706279   1.53398117  1.57349594
  0.05870462  1.8664098 ] REAL [0.48426401] FAKE [0.5442716] 
297 epoch LOSS [-1.50678453] Parameters [ 1.54518463  1.63794656 -0.05812342  1.860795    1.53399602  1.57351738
  0.05931489  1.85651013] REAL [0.48457699] FAKE [0.54264966] 
298 epoch LOSS [-1.48445749] Parameters [ 1.54522588  1.63797939 -0.05817129  1.85170936  1.53401983  1.5734771
  0.05947945  1.84720384] REAL [0.49446783] FAKE [0.54167847] 
299 epoch LOSS [-1.49713448] Parameters [ 1.54517526  1.63794856 -0.058584    1.84371915  1.53402823  1.57341893
  0.05906983  1.83902081] REAL [0.48770201] FAKE [0.5411738] 
300 epoch LOSS [-1.49436589] Parameters [ 1.54514814  1.63793035 -0.058884    1.83639113  1.53404263  1.57343696
  0.0591836   1.83166642] REAL [0.48736606] FAKE [0.53958458] 
301 epoch LOSS [-1.46783107] Parameters [ 1.54513957  1.63792056 -0.0589006   1.8297549   1.53401164  1.57339658
  0.05923655  1.8249492 ] REAL [0.49779636] FAKE [0.53711049] 
302 epoch LOSS [-1.47995309] Parameters [ 1.54514237  1.63793939 -0.05884535  1.82370966  1.53401015  1.57337298
  0.05968265  1.81882397] REAL [0.49040528] FAKE [0.53579544] 
303 epoch LOSS [-1.45996002] Parameters [ 1.54511819  1.6379478  -0.0592164   1.81819042  1.5340379   1.57337949
  0.05910858  1.81355463] REAL [0.49865829] FAKE [0.5342591] 
304 epoch LOSS [-1.46820417] Parameters [ 1.54509882  1.63797393 -0.0586173   1.81331261  1.53405847  1.57337664
  0.05962038  1.80871018] REAL [0.49309771] FAKE [0.532874] 
305 epoch LOSS [-1.44485554] Parameters [ 1.54510869  1.63796073 -0.0580143   1.80895982  1.53404868  1.57338544
  0.06010384  1.80432451] REAL [0.50299098] FAKE [0.53124381] 
306 epoch LOSS [-1.45577903] Parameters [ 1.54511248  1.63796667 -0.05834763  1.80515219  1.53404682  1.57338955
  0.05976341  1.800536  ] REAL [0.4958412] FAKE [0.52965061] 
307 epoch LOSS [-1.4524741] Parameters [ 1.54512009  1.63796604 -0.05880673  1.8017628   1.53405109  1.57338665
  0.05939418  1.79718324] REAL [0.49570969] FAKE [0.52796837] 
308 epoch LOSS [-1.43841977] Parameters [ 1.54512102  1.63796567 -0.05849943  1.79892635  1.53403511  1.57337366
  0.05961752  1.79430638] REAL [0.50077947] FAKE [0.52613382] 
309 epoch LOSS [-1.43707011] Parameters [ 1.54511869  1.63798081 -0.05835562  1.79638659  1.53404044  1.57336208
  0.05976676  1.79179676] REAL [0.49991346] FAKE [0.52467183] 
310 epoch LOSS [-1.4390352] Parameters [ 1.54511475  1.63798032 -0.05887339  1.79435295  1.53404275  1.57336367
  0.05940972  1.78981532] REAL [0.49688757] FAKE [0.52271606] 
311 epoch LOSS [-1.415792] Parameters [ 1.54511518  1.63797259 -0.05866908  1.79277004  1.53403847  1.57336397
  0.05958422  1.78819352] REAL [0.50624916] FAKE [0.52052604] 
312 epoch LOSS [-1.41668909] Parameters [ 1.54510839  1.63796978 -0.05830655  1.79154681  1.53404525  1.57336567
  0.05996851  1.78698386] REAL [0.50381076] FAKE [0.51863744] 
313 epoch LOSS [-1.41923596] Parameters [ 1.54510396  1.63796046 -0.05815898  1.79062809  1.5340426   1.57336311
  0.06009803  1.78606083] REAL [0.50091339] FAKE [0.51708465] 
314 epoch LOSS [-1.40023597] Parameters [ 1.54509613  1.63795492 -0.05788731  1.79009882  1.5340348   1.5733636
  0.06054571  1.78556516] REAL [0.50850646] FAKE [0.5151708] 
315 epoch LOSS [-1.40117084] Parameters [ 1.54509584  1.63795254 -0.05818896  1.79000339  1.53402573  1.57336259
  0.06050088  1.78545624] REAL [0.50619164] FAKE [0.51340878] 
316 epoch LOSS [-1.40017145] Parameters [ 1.54509092  1.63795074 -0.05831534  1.79027086  1.53403257  1.57336546
  0.06065638  1.78569557] REAL [0.50508979] FAKE [0.51185968] 
317 epoch LOSS [-1.38265142] Parameters [ 1.54507956  1.63795948 -0.05916378  1.79088228  1.53401189  1.57335171
  0.0599927   1.78629804] REAL [0.51192458] FAKE [0.50986452] 
318 epoch LOSS [-1.37444964] Parameters [ 1.54507905  1.63792925 -0.05920736  1.79184286  1.53400922  1.57336547
  0.06000718  1.78726845] REAL [0.51465622] FAKE [0.50845093] 
319 epoch LOSS [-1.36797981] Parameters [ 1.54507625  1.6379369  -0.05896992  1.79317526  1.53400791  1.57338736
  0.06027354  1.78862188] REAL [0.51570373] FAKE [0.50626531] 
320 epoch LOSS [-1.3610747] Parameters [ 1.5450698   1.63794809 -0.05864447  1.79490385  1.53399878  1.57339845
  0.06058445  1.79034306] REAL [0.5174568] FAKE [0.50452851] 
321 epoch LOSS [-1.37170552] Parameters [ 1.54507497  1.63794377 -0.05892261  1.79700274  1.53400161  1.57339894
  0.06059312  1.7924582 ] REAL [0.5094579] FAKE [0.50207084] 
322 epoch LOSS [-1.3495986] Parameters [ 1.54505811  1.63795705 -0.05936315  1.79948437  1.53398602  1.57340382
  0.0605476   1.79493127] REAL [0.51897203] FAKE [0.50027299] 
323 epoch LOSS [-1.35553257] Parameters [ 1.5450453   1.63795989 -0.05928858  1.80239405  1.53397886  1.57339344
  0.06087848  1.79785046] REAL [0.5146909] FAKE [0.4990975] 
324 epoch LOSS [-1.33939117] Parameters [ 1.54504809  1.6379974  -0.05944955  1.80573053  1.5339718   1.57339734
  0.06098884  1.8011417 ] REAL [0.52089054] FAKE [0.49700538] 
325 epoch LOSS [-1.34501177] Parameters [ 1.54509364  1.63796674 -0.05986703  1.80942216  1.53398189  1.57339208
  0.06028794  1.80483841] REAL [0.51652897] FAKE [0.4956011] 
326 epoch LOSS [-1.32345636] Parameters [ 1.54510348  1.63795133 -0.06002381  1.81355247  1.53395067  1.57335556
  0.05979276  1.8089849 ] REAL [0.5256612] FAKE [0.49356434] 
327 epoch LOSS [-1.33505773] Parameters [ 1.54511236  1.63792282 -0.06018048  1.81813013  1.53396072  1.57334129
  0.05962827  1.81353906] REAL [0.51817099] FAKE [0.4921696] 
328 epoch LOSS [-1.31692685] Parameters [ 1.54513187  1.6379281  -0.05973957  1.82322501  1.53400161  1.5733418
  0.0599024   1.81871746] REAL [0.52584606] FAKE [0.49042594] 
329 epoch LOSS [-1.31780221] Parameters [ 1.54511842  1.63794687 -0.05996385  1.82884809  1.53396577  1.57335571
  0.05956577  1.82439036] REAL [0.52339378] FAKE [0.48848637] 
330 epoch LOSS [-1.30422263] Parameters [ 1.54513969  1.63792861 -0.05998143  1.83492489  1.53393061  1.57331371
  0.0596243   1.83047405] REAL [0.52967061] FAKE [0.48763739] 
331 epoch LOSS [-1.3021753] Parameters [ 1.54511324  1.63792621 -0.0601133   1.841616    1.53387505  1.57332097
  0.05929721  1.83718178] REAL [0.52903694] FAKE [0.48597238] 
332 epoch LOSS [-1.29663476] Parameters [ 1.54513728  1.63795874 -0.05981933  1.84882066  1.53388847  1.57332866
  0.05932375  1.84430881] REAL [0.53037178] FAKE [0.48441737] 
333 epoch LOSS [-1.2976785] Parameters [ 1.54513698  1.63798267 -0.05934566  1.85661122  1.53388336  1.57333144
  0.05994214  1.85213197] REAL [0.52815447] FAKE [0.48279296] 
334 epoch LOSS [-1.30795423] Parameters [ 1.54509655  1.63798787 -0.05965568  1.86514172  1.53398653  1.57332789
  0.059905    1.86066858] REAL [0.52226818] FAKE [0.48231077] 
335 epoch LOSS [-1.28639133] Parameters [ 1.54514456  1.63805992 -0.05928063  1.87448123  1.53402233  1.57331339
  0.05973105  1.86992513] REAL [0.53171395] FAKE [0.48042375] 
336 epoch LOSS [-1.28813556] Parameters [ 1.54509496  1.63806581 -0.05976483  1.88442638  1.53412018  1.57324442
  0.05909888  1.87985981] REAL [0.53070572] FAKE [0.48034386] 
337 epoch LOSS [-1.27320199] Parameters [ 1.54511008  1.63807086 -0.05974395  1.89506882  1.53419998  1.57331286
  0.05949434  1.8905026 ] REAL [0.53567346] FAKE [0.47741701] 
338 epoch LOSS [-1.28305009] Parameters [ 1.54507039  1.63816093 -0.05973648  1.90645748  1.53416541  1.57337745
  0.05960114  1.90189553] REAL [0.5310562] FAKE [0.47803914] 
339 epoch LOSS [-1.27137005] Parameters [ 1.5450557   1.63821357 -0.05911177  1.91865857  1.53411593  1.57335604
  0.06044487  1.91405156] REAL [0.5356333] FAKE [0.47641954] 
340 epoch LOSS [-1.2699668] Parameters [ 1.54508898  1.63832479 -0.05903212  1.93189068  1.53408321  1.57341905
  0.0605177   1.92719594] REAL [0.53429251] FAKE [0.47436855] 
341 epoch LOSS [-1.27406894] Parameters [ 1.54497702  1.63823749 -0.05876739  1.94583138  1.53401764  1.57346587
  0.06072498  1.94114563] REAL [0.53239848] FAKE [0.47465805] 
342 epoch LOSS [-1.25589175] Parameters [ 1.54506373  1.63815078 -0.05856826  1.96068962  1.534187    1.57348818
  0.06139076  1.95595054] REAL [0.54054462] FAKE [0.47308375] 
343 epoch LOSS [-1.27847945] Parameters [ 1.54501232  1.63821733 -0.05865796  1.97648624  1.53423941  1.57343332
  0.06136678  1.97177547] REAL [0.5313624] FAKE [0.47595014] 
344 epoch LOSS [-1.27614247] Parameters [ 1.54498623  1.63811036 -0.05925601  1.99316225  1.53423383  1.5734709
  0.06095342  1.98855368] REAL [0.5320173] FAKE [0.47537062] 
345 epoch LOSS [-1.27488404] Parameters [ 1.54502476  1.6383139  -0.05931847  2.01105918  1.53421803  1.57341894
  0.06078039  2.0063099 ] REAL [0.53299752] FAKE [0.47567603] 
346 epoch LOSS [-1.27471262] Parameters [ 1.54513803  1.63831322 -0.05945644  2.03004098  1.53433325  1.57342378
  0.06059947  2.02504759] REAL [0.53164343] FAKE [0.47425047] 
347 epoch LOSS [-1.27877869] Parameters [ 1.54512953  1.63828331 -0.05974568  2.05006879  1.53427462  1.5734205
  0.06054598  2.04512352] REAL [0.53422238] FAKE [0.47891161] 
348 epoch LOSS [-1.28448911] Parameters [ 1.54522152  1.63817188 -0.05951912  2.07100604  1.53421994  1.57324998
  0.06102781  2.06619459] REAL [0.52828837] FAKE [0.47605896] 
349 epoch LOSS [-1.28944329] Parameters [ 1.54508516  1.63799893 -0.05965394  2.09318065  1.53420052  1.57333554
  0.06107578  2.08837589] REAL [0.52746265] FAKE [0.47783209] 
350 epoch LOSS [-1.27057321] Parameters [ 1.54513539  1.63816596 -0.05963993  2.11612705  1.53415726  1.57334513
  0.06070023  2.11131313] REAL [0.53907126] FAKE [0.47934399] 
351 epoch LOSS [-1.28362751] Parameters [ 1.54522898  1.63804034 -0.05940206  2.1402279   1.53422965  1.57363155
  0.06122545  2.1353763 ] REAL [0.53601853] FAKE [0.48316984] 
352 epoch LOSS [-1.31132655] Parameters [ 1.54510197  1.63815918 -0.05899797  2.16517411  1.53413986  1.57353849
  0.06160261  2.16025026] REAL [0.52512556] FAKE [0.48686107] 
353 epoch LOSS [-1.30427641] Parameters [ 1.54527399  1.63813963 -0.05931034  2.19090153  1.53408909  1.5737614
  0.0606421   2.18597108] REAL [0.52875789] FAKE [0.48678057] 
354 epoch LOSS [-1.31971041] Parameters [ 1.54527357  1.63826051 -0.05915102  2.21730778  1.53420323  1.57352288
  0.0607006   2.21243249] REAL [0.52430953] FAKE [0.4903532] 
355 epoch LOSS [-1.33701162] Parameters [ 1.54528406  1.63805706 -0.05963956  2.24421865  1.53401837  1.57365323
  0.06048456  2.23944305] REAL [0.51679128] FAKE [0.49180773] 
356 epoch LOSS [-1.33354181] Parameters [ 1.54514973  1.63805794 -0.05973214  2.27159069  1.5338421   1.57361858
  0.06065814  2.26665945] REAL [0.52238561] FAKE [0.49550258] 
357 epoch LOSS [-1.35972425] Parameters [ 1.54529954  1.6383528  -0.05979053  2.29913069  1.53385575  1.57367457
  0.06071788  2.29416581] REAL [0.51664313] FAKE [0.50307757] 
358 epoch LOSS [-1.35506624] Parameters [ 1.54506526  1.63844742 -0.06012724  2.32662883  1.53393347  1.57357402
  0.06046348  2.32166725] REAL [0.51558276] FAKE [0.49973074] 
359 epoch LOSS [-1.35271601] Parameters [ 1.54513746  1.63845058 -0.06026222  2.35397262  1.53393515  1.5735918
  0.06012669  2.34910278] REAL [0.5192458] FAKE [0.50209107] 
360 epoch LOSS [-1.3753734] Parameters [ 1.54514425  1.63855707 -0.06033285  2.38101386  1.5338951   1.57346441
  0.05982877  2.37620957] REAL [0.51497949] FAKE [0.50921307] 
361 epoch LOSS [-1.39961631] Parameters [ 1.54522393  1.63873203 -0.06053713  2.40757675  1.5339033   1.57359075
  0.05961807  2.40270498] REAL [0.50652178] FAKE [0.51296941] 
362 epoch LOSS [-1.39834111] Parameters [ 1.54507219  1.63894378 -0.06116847  2.43357997  1.53381129  1.57363122
  0.05928714  2.42847066] REAL [0.50829957] FAKE [0.51405353] 
363 epoch LOSS [-1.41601104] Parameters [ 1.54516422  1.63922907 -0.06103288  2.45856789  1.53359353  1.57356819
  0.05959584  2.45344443] REAL [0.50445909] FAKE [0.51893001] 
364 epoch LOSS [-1.40337128] Parameters [ 1.54526742  1.63898623 -0.06116828  2.48253706  1.53371223  1.57371221
  0.05947725  2.47734927] REAL [0.50574722] FAKE [0.51405167] 
365 epoch LOSS [-1.44632942] Parameters [ 1.54519076  1.63909797 -0.06093399  2.50522788  1.53367384  1.57380198
  0.05992912  2.50028894] REAL [0.49007362] FAKE [0.51959692] 
366 epoch LOSS [-1.42280463] Parameters [ 1.54514016  1.63924742 -0.06115015  2.5268745   1.53364704  1.57381202
  0.0598699   2.52190771] REAL [0.50045952] FAKE [0.51836854] 
367 epoch LOSS [-1.43260387] Parameters [ 1.54515218  1.63917385 -0.06133239  2.54704593  1.53365529  1.5739126
  0.05954543  2.54201214] REAL [0.49616951] FAKE [0.51894142] 
368 epoch LOSS [-1.45319777] Parameters [ 1.54524499  1.63916278 -0.06178138  2.56618844  1.53375652  1.57388673
  0.05920506  2.56101253] REAL [0.48690106] FAKE [0.51977639] 
369 epoch LOSS [-1.43872936] Parameters [ 1.54529841  1.63907669 -0.06167043  2.58387872  1.53389609  1.57401226
  0.05942558  2.57885671] REAL [0.49206718] FAKE [0.51789306] 
370 epoch LOSS [-1.45391036] Parameters [ 1.54533153  1.63900603 -0.06185765  2.60028697  1.53375553  1.57402187
  0.0593758   2.59542371] REAL [0.48318753] FAKE [0.51643035] 
371 epoch LOSS [-1.45844588] Parameters [ 1.54527496  1.63890648 -0.06195964  2.61554514  1.53381918  1.5740094
  0.05953621  2.61057649] REAL [0.48192849] FAKE [0.51736101] 
372 epoch LOSS [-1.43638207] Parameters [ 1.5452396   1.63889962 -0.06214504  2.62949548  1.53381961  1.57392769
  0.05976137  2.62428184] REAL [0.49203767] FAKE [0.51673111] 
373 epoch LOSS [-1.44169549] Parameters [ 1.54526987  1.63889186 -0.06197723  2.64234654  1.53386699  1.57391362
  0.05989757  2.63728422] REAL [0.48660332] FAKE [0.51392359] 
374 epoch LOSS [-1.43915943] Parameters [ 1.54532153  1.63883451 -0.06141383  2.65388531  1.53390092  1.5739446
  0.06068883  2.64899358] REAL [0.48777034] FAKE [0.51385524] 
375 epoch LOSS [-1.44991078] Parameters [ 1.54526759  1.63874854 -0.06113076  2.66448689  1.53388562  1.57391808
  0.06083669  2.65970138] REAL [0.48135484] FAKE [0.5126439] 
376 epoch LOSS [-1.43613526] Parameters [ 1.54520586  1.63873234 -0.06065245  2.67373391  1.53385145  1.57389865
  0.06128034  2.66890982] REAL [0.48625589] FAKE [0.51086413] 
377 epoch LOSS [-1.43763583] Parameters [ 1.54524502  1.63876154 -0.06099278  2.68204036  1.53382548  1.57392957
  0.06110029  2.67725713] REAL [0.48440066] FAKE [0.50972701] 
378 epoch LOSS [-1.42325522] Parameters [ 1.54520066  1.63876171 -0.06098373  2.68933326  1.53384469  1.57392786
  0.06093731  2.68461464] REAL [0.48953043] FAKE [0.50783762] 
379 epoch LOSS [-1.42461408] Parameters [ 1.54519317  1.63877921 -0.06091124  2.69583767  1.5338473   1.57391341
  0.06099859  2.69103813] REAL [0.48723549] FAKE [0.50619094] 
380 epoch LOSS [-1.43034431] Parameters [ 1.5452161   1.63878729 -0.06107177  2.70130265  1.5338415   1.57390658
  0.06086688  2.69645367] REAL [0.48304854] FAKE [0.50475673] 
381 epoch LOSS [-1.43368903] Parameters [ 1.5452308   1.63879202 -0.06131923  2.70618434  1.53384214  1.57392106
  0.0606613   2.70120898] REAL [0.48018998] FAKE [0.50347209] 
382 epoch LOSS [-1.42845675] Parameters [ 1.54522931  1.63879035 -0.06127878  2.71020402  1.53385313  1.57392325
  0.06046012  2.70543321] REAL [0.48094952] FAKE [0.50165556] 
383 epoch LOSS [-1.40280793] Parameters [ 1.54523031  1.63878362 -0.06105107  2.71335764  1.53384451  1.57392592
  0.06080032  2.70851526] REAL [0.49226213] FAKE [0.50045821] 
384 epoch LOSS [-1.39529325] Parameters [ 1.54523799  1.6387844  -0.06050779  2.71579749  1.53384169  1.57392674
  0.06114744  2.7109742 ] REAL [0.4944058] FAKE [0.49887244] 
385 epoch LOSS [-1.4105041] Parameters [ 1.54523822  1.63877953 -0.06027514  2.71760289  1.5338464   1.57391794
  0.06134784  2.7127786 ] REAL [0.48536796] FAKE [0.4972469] 
386 epoch LOSS [-1.40897796] Parameters [ 1.54523295  1.63877524 -0.06031086  2.71873467  1.53384856  1.5739182
  0.06145292  2.7139928 ] REAL [0.48519915] FAKE [0.49630387] 
387 epoch LOSS [-1.38118306] Parameters [ 1.54524205  1.63878922 -0.06018389  2.71913997  1.53383481  1.57391745
  0.06145752  2.714463  ] REAL [0.49679087] FAKE [0.4941914] 
388 epoch LOSS [-1.37336227] Parameters [ 1.54524386  1.63880847 -0.0602634   2.71895621  1.53383264  1.5739224
  0.06142385  2.71435688] REAL [0.49872368] FAKE [0.49219573] 
389 epoch LOSS [-1.38475956] Parameters [ 1.54523024  1.63880486 -0.06052409  2.71816368  1.53381462  1.57392287
  0.06131818  2.71360848] REAL [0.49220283] FAKE [0.49129916] 
390 epoch LOSS [-1.38074516] Parameters [ 1.54521878  1.63884145 -0.06078075  2.71672531  1.53378287  1.57394673
  0.06115065  2.71212717] REAL [0.49251768] FAKE [0.48957943] 
391 epoch LOSS [-1.38016918] Parameters [ 1.54521406  1.6387905  -0.06088328  2.71477502  1.53376129  1.57394142
  0.06123735  2.71019975] REAL [0.49350284] FAKE [0.49030486] 
392 epoch LOSS [-1.35896225] Parameters [ 1.54520214  1.63878673 -0.06086078  2.71224919  1.53378129  1.57392512
  0.06130842  2.70767393] REAL [0.50163794] FAKE [0.4878233] 
393 epoch LOSS [-1.36492667] Parameters [ 1.54518007  1.63882292 -0.06058347  2.70917225  1.53375063  1.57398617
  0.06143909  2.7045538 ] REAL [0.49812102] FAKE [0.48727439] 
394 epoch LOSS [-1.36404849] Parameters [ 1.54521679  1.63876902 -0.06065807  2.70553897  1.53377686  1.57393979
  0.06110328  2.70092184] REAL [0.4966557] FAKE [0.48530986] 
395 epoch LOSS [-1.3613587] Parameters [ 1.54525646  1.63876713 -0.06071485  2.70135047  1.53380888  1.57397926
  0.06086903  2.69673045] REAL [0.49785516] FAKE [0.48516696] 
396 epoch LOSS [-1.36933625] Parameters [ 1.54522523  1.63872145 -0.06031958  2.69663786  1.53381435  1.57392695
  0.06153607  2.69201558] REAL [0.49361728] FAKE [0.48487282] 
397 epoch LOSS [-1.34536665] Parameters [ 1.54522465  1.63864223 -0.06071114  2.69139412  1.53384444  1.57392129
  0.06135357  2.68677617] REAL [0.5039714] FAKE [0.48321631] 
398 epoch LOSS [-1.34553651] Parameters [ 1.54521663  1.63858448 -0.06072931  2.68561385  1.53381302  1.57393767
  0.06136524  2.68099275] REAL [0.50199582] FAKE [0.48127065] 
399 epoch LOSS [-1.34412093] Parameters [ 1.54521287  1.6386025  -0.06028111  2.67932352  1.53384352  1.5738596
  0.06168165  2.67470201] REAL [0.50383441] FAKE [0.48243146] 
