RUN 11_12_2021__13_08_31 
0 epoch LOSS [-1.4558675] Parameters [1.77762447 1.62191864 1.86028704 1.63738546 1.64847827 1.79092648
 1.68876469 1.56738485] REAL [0.4910732] FAKE [0.52512583] 
1 epoch LOSS [-1.44214174] Parameters [1.77761114 1.62193292 1.85663617 1.63767585 1.64847191 1.79092241
 1.68507144 1.56764894] REAL [0.49173013] FAKE [0.51920607] 
2 epoch LOSS [-1.43348086] Parameters [1.77759278 1.6219436  1.85350401 1.63806746 1.64846399 1.79091536
 1.68201498 1.56801738] REAL [0.49147095] FAKE [0.51476813] 
3 epoch LOSS [-1.41990577] Parameters [1.77760148 1.62193366 1.8508435  1.63844714 1.64845125 1.79093541
 1.67937377 1.56843113] REAL [0.49397604] FAKE [0.51063053] 
4 epoch LOSS [-1.40836688] Parameters [1.77759378 1.62192133 1.84856628 1.63901378 1.64843951 1.7909329
 1.67710421 1.56889612] REAL [0.49556719] FAKE [0.50654053] 
5 epoch LOSS [-1.39551708] Parameters [1.7775962  1.62191889 1.84668033 1.63951458 1.64844029 1.79093449
 1.6752448  1.56945457] REAL [0.49883301] FAKE [0.50343118] 
6 epoch LOSS [-1.38363927] Parameters [1.77759977 1.62191202 1.84517898 1.64019992 1.64844641 1.79093459
 1.67375329 1.57018808] REAL [0.50144188] FAKE [0.50011224] 
7 epoch LOSS [-1.37301952] Parameters [1.77759453 1.62191787 1.8440329  1.64099175 1.64844488 1.79093669
 1.67261796 1.57095059] REAL [0.50367202] FAKE [0.49701229] 
8 epoch LOSS [-1.36124129] Parameters [1.7775954  1.6219222  1.84324429 1.64194332 1.6484427  1.79093573
 1.67182687 1.57190256] REAL [0.50656618] FAKE [0.49396073] 
9 epoch LOSS [-1.34930608] Parameters [1.777599   1.62192542 1.84280711 1.64280021 1.64843735 1.79093446
 1.67139327 1.57288205] REAL [0.50946748] FAKE [0.49080123] 
10 epoch LOSS [-1.33896763] Parameters [1.77758695 1.62193088 1.84271515 1.64363564 1.648431   1.79093382
 1.67128332 1.57384003] REAL [0.51175479] FAKE [0.48780913] 
11 epoch LOSS [-1.32684419] Parameters [1.77758446 1.62193689 1.84295956 1.64480781 1.64842959 1.79093691
 1.67152147 1.57491829] REAL [0.51523597] FAKE [0.48506464] 
12 epoch LOSS [-1.31602253] Parameters [1.77758681 1.62193169 1.84354363 1.64593581 1.64843087 1.79093655
 1.67211111 1.57604633] REAL [0.51788536] FAKE [0.48212488] 
13 epoch LOSS [-1.3045292] Parameters [1.77759033 1.62192886 1.84443072 1.6473366  1.64842575 1.79095298
 1.6729855  1.57743739] REAL [0.52055437] FAKE [0.47882441] 
14 epoch LOSS [-1.29429907] Parameters [1.77759695 1.62191573 1.84567982 1.64876147 1.64843081 1.79095223
 1.67422105 1.57881798] REAL [0.52347794] FAKE [0.47640598] 
15 epoch LOSS [-1.28296875] Parameters [1.7775806  1.62192941 1.84717734 1.65049071 1.64843639 1.79094854
 1.67572251 1.58072943] REAL [0.52643865] FAKE [0.47341803] 
16 epoch LOSS [-1.27274734] Parameters [1.77757364 1.62192969 1.8490795  1.65212894 1.64844663 1.79094879
 1.67759927 1.58242624] REAL [0.52921026] FAKE [0.47079419] 
17 epoch LOSS [-1.26133461] Parameters [1.77760778 1.62193258 1.85132914 1.65412932 1.64846067 1.79092683
 1.67984949 1.58447708] REAL [0.53206841] FAKE [0.46759532] 
18 epoch LOSS [-1.25033318] Parameters [1.77760763 1.6219326  1.8539656  1.65627755 1.64847208 1.79093098
 1.68253189 1.58643316] REAL [0.53494859] FAKE [0.46460396] 
19 epoch LOSS [-1.23978112] Parameters [1.77760139 1.62194329 1.85684831 1.65875775 1.6484567  1.79095238
 1.68543217 1.58877684] REAL [0.53795361] FAKE [0.46194698] 
20 epoch LOSS [-1.22903928] Parameters [1.77762099 1.62192856 1.86014272 1.66093021 1.64846146 1.79097588
 1.68867035 1.59118372] REAL [0.54139559] FAKE [0.45959382] 
21 epoch LOSS [-1.21982131] Parameters [1.77759153 1.6219521  1.86381987 1.66385674 1.64846372 1.79093391
 1.69230439 1.59407735] REAL [0.54334665] FAKE [0.45654781] 
22 epoch LOSS [-1.20869709] Parameters [1.77763531 1.62194517 1.86795818 1.6667574  1.64842781 1.79097503
 1.69640871 1.59694202] REAL [0.54623232] FAKE [0.45337168] 
23 epoch LOSS [-1.19883905] Parameters [1.77759194 1.62191602 1.872466   1.67012951 1.64842368 1.79097064
 1.70096533 1.60019106] REAL [0.54952215] FAKE [0.45126127] 
24 epoch LOSS [-1.18924548] Parameters [1.77758965 1.62189186 1.87742917 1.67375443 1.64840382 1.79094143
 1.70593825 1.60379742] REAL [0.55226054] FAKE [0.44871873] 
25 epoch LOSS [-1.17822857] Parameters [1.77757245 1.62189152 1.88283256 1.67753823 1.6483656  1.79092412
 1.71130721 1.60794054] REAL [0.55487844] FAKE [0.44524148] 
26 epoch LOSS [-1.16633609] Parameters [1.77760499 1.62184212 1.88882299 1.68183367 1.64836103 1.79088349
 1.7173642  1.61216401] REAL [0.55836361] FAKE [0.44210872] 
27 epoch LOSS [-1.1570679] Parameters [1.77760797 1.6218678  1.89521432 1.68621381 1.64829235 1.79093616
 1.7238402  1.61656891] REAL [0.56171266] FAKE [0.44027129] 
28 epoch LOSS [-1.15079251] Parameters [1.77766111 1.62186979 1.90207284 1.6915969  1.6482807  1.79096709
 1.73069074 1.62199058] REAL [0.56301174] FAKE [0.43804736] 
29 epoch LOSS [-1.13742301] Parameters [1.77762656 1.62189057 1.90953821 1.69746332 1.64825796 1.7910545
 1.7382437  1.62771746] REAL [0.56744749] FAKE [0.43493581] 
30 epoch LOSS [-1.13244846] Parameters [1.77754195 1.62190385 1.91764806 1.70387036 1.64821324 1.79110131
 1.74639116 1.63415493] REAL [0.56850416] FAKE [0.43317338] 
31 epoch LOSS [-1.12213245] Parameters [1.77760637 1.62184079 1.92649933 1.71047614 1.64820933 1.79115259
 1.75505482 1.64074104] REAL [0.57122608] FAKE [0.43002469] 
32 epoch LOSS [-1.11209711] Parameters [1.77764752 1.62183165 1.93590045 1.71812719 1.64821189 1.79123052
 1.76452663 1.64839032] REAL [0.5748186] FAKE [0.42787418] 
33 epoch LOSS [-1.10983437] Parameters [1.77757644 1.62186139 1.94623169 1.72611459 1.64824549 1.79130032
 1.77486105 1.65604543] REAL [0.57596175] FAKE [0.42771625] 
34 epoch LOSS [-1.0990994] Parameters [1.7775571  1.62187928 1.95698773 1.73492021 1.64828491 1.79133593
 1.78565387 1.66461169] REAL [0.5801387] FAKE [0.42570457] 
35 epoch LOSS [-1.09221582] Parameters [1.7774837  1.62186904 1.96836916 1.74441392 1.6482785  1.79136775
 1.79716912 1.67414363] REAL [0.57998693] FAKE [0.4215864] 
36 epoch LOSS [-1.07754788] Parameters [1.77763662 1.62185534 1.98076977 1.75477605 1.64834769 1.79151403
 1.80959422 1.68436504] REAL [0.58539954] FAKE [0.41846679] 
37 epoch LOSS [-1.07634204] Parameters [1.7776616  1.62197505 1.99412069 1.76629148 1.64833763 1.79151357
 1.82287598 1.69563259] REAL [0.5870547] FAKE [0.41940669] 
38 epoch LOSS [-1.06946876] Parameters [1.77752883 1.6219472  2.00829087 1.77833614 1.64854142 1.79152014
 1.83714977 1.70800194] REAL [0.58741669] FAKE [0.41576262] 
39 epoch LOSS [-1.05745304] Parameters [1.77737578 1.62184482 2.02314917 1.79204836 1.64863618 1.79143294
 1.85213684 1.72167855] REAL [0.59069755] FAKE [0.41198445] 
40 epoch LOSS [-1.0574118] Parameters [1.77742499 1.62186323 2.03907796 1.80707503 1.64871096 1.79129112
 1.8681595  1.73687347] REAL [0.59020398] FAKE [0.41146845] 
41 epoch LOSS [-1.06511812] Parameters [1.77753721 1.62168256 2.05591456 1.82318552 1.64874255 1.79134066
 1.88504707 1.75290159] REAL [0.58988024] FAKE [0.4156659] 
42 epoch LOSS [-1.05931918] Parameters [1.77741857 1.62162452 2.07371825 1.84074169 1.64875476 1.7913169
 1.90313554 1.7706379 ] REAL [0.59372454] FAKE [0.41607304] 
43 epoch LOSS [-1.05339872] Parameters [1.77743922 1.62152124 2.09258723 1.8594095  1.64887636 1.79113422
 1.92225703 1.78952591] REAL [0.59368272] FAKE [0.41256429] 
44 epoch LOSS [-1.05491471] Parameters [1.77747642 1.62144866 2.11235868 1.87976381 1.64870214 1.79123359
 1.94210998 1.81014375] REAL [0.59257204] FAKE [0.41235479] 
45 epoch LOSS [-1.05758603] Parameters [1.77734831 1.62138566 2.13341342 1.9008428  1.64851516 1.79144263
 1.96320792 1.83176172] REAL [0.59527742] FAKE [0.41658604] 
46 epoch LOSS [-1.05638934] Parameters [1.77741034 1.62128948 2.15495424 1.92444295 1.64832754 1.79165745
 1.98492515 1.85539845] REAL [0.59493274] FAKE [0.41554905] 
47 epoch LOSS [-1.07821211] Parameters [1.77747286 1.6214379  2.17768778 1.94897248 1.64829883 1.79172738
 2.00758959 1.88006719] REAL [0.59112109] FAKE [0.42447794] 
48 epoch LOSS [-1.07393557] Parameters [1.77734937 1.62155175 2.20121933 1.97526014 1.64838383 1.79176202
 2.03101574 1.90633483] REAL [0.59083116] FAKE [0.4217278] 
49 epoch LOSS [-1.10493815] Parameters [1.7770509  1.62156268 2.22501947 2.00319356 1.64850692 1.79166617
 2.05480385 1.93444413] REAL [0.58437893] FAKE [0.43319077] 
50 epoch LOSS [-1.08984007] Parameters [1.77716835 1.62179476 2.24927188 2.03225558 1.64827714 1.79163641
 2.07863207 1.96328794] REAL [0.58676743] FAKE [0.42691047] 
51 epoch LOSS [-1.12832189] Parameters [1.77690661 1.62166775 2.27352775 2.06229451 1.64837645 1.79176326
 2.10278911 1.99332497] REAL [0.57907142] FAKE [0.44121608] 
52 epoch LOSS [-1.1480948] Parameters [1.77694578 1.62161253 2.29750259 2.09336841 1.64837897 1.79146762
 2.12658204 2.02451613] REAL [0.57608936] FAKE [0.4493205] 
53 epoch LOSS [-1.15675188] Parameters [1.77675747 1.62131496 2.32108467 2.12503075 1.64856191 1.79131134
 2.15022671 2.05594403] REAL [0.57483241] FAKE [0.45287345] 
54 epoch LOSS [-1.15754634] Parameters [1.77685629 1.62157366 2.34406048 2.15693557 1.64871898 1.79133694
 2.17340207 2.08799838] REAL [0.57086585] FAKE [0.44950935] 
55 epoch LOSS [-1.18844332] Parameters [1.77678028 1.6220022  2.36638936 2.18931969 1.64846766 1.79122301
 2.1956532  2.12012568] REAL [0.56142672] FAKE [0.4572841] 
56 epoch LOSS [-1.20768535] Parameters [1.77663559 1.6221958  2.38759357 2.22174909 1.64851133 1.79173819
 2.21725008 2.15241243] REAL [0.55964874] FAKE [0.4659359] 
57 epoch LOSS [-1.23119991] Parameters [1.77670685 1.62220117 2.40785209 2.25408787 1.6485842  1.79160126
 2.2372608  2.18490068] REAL [0.55298466] FAKE [0.47206119] 
58 epoch LOSS [-1.23980624] Parameters [1.77682867 1.62220835 2.42678397 2.28608856 1.64848414 1.79157096
 2.25579713 2.21679642] REAL [0.54577092] FAKE [0.46966706] 
59 epoch LOSS [-1.25590945] Parameters [1.77690511 1.62203056 2.44430593 2.31775734 1.648174   1.79177644
 2.27318037 2.24860499] REAL [0.54732443] FAKE [0.47961997] 
60 epoch LOSS [-1.26138195] Parameters [1.77672383 1.62193326 2.46059861 2.34880556 1.64815585 1.79137787
 2.28953611 2.2793166 ] REAL [0.54018031] FAKE [0.47561528] 
61 epoch LOSS [-1.29473969] Parameters [1.77686926 1.62196277 2.4755209  2.37938766 1.64820191 1.79167123
 2.30457732 2.31004771] REAL [0.53412744] FAKE [0.48707152] 
62 epoch LOSS [-1.32054566] Parameters [1.77683263 1.62221152 2.4892013  2.4091733  1.64811221 1.79180143
 2.31778393 2.33965245] REAL [0.52700126] FAKE [0.49337962] 
63 epoch LOSS [-1.32898906] Parameters [1.77681529 1.62221541 2.50127823 2.43782026 1.64861349 1.79199883
 2.32985782 2.36836342] REAL [0.52672594] FAKE [0.49737664] 
64 epoch LOSS [-1.34294182] Parameters [1.77660947 1.6223841  2.51271721 2.46593753 1.6485259  1.79171729
 2.34126161 2.39645183] REAL [0.51927746] FAKE [0.49723121] 
65 epoch LOSS [-1.34290943] Parameters [1.77677009 1.62208139 2.52246365 2.49301475 1.64861214 1.79139581
 2.35107774 2.42390677] REAL [0.52078953] FAKE [0.49867473] 
66 epoch LOSS [-1.35574334] Parameters [1.77660235 1.62206913 2.53148431 2.51955855 1.64850755 1.79145014
 2.36020684 2.45009116] REAL [0.51626719] FAKE [0.50073212] 
67 epoch LOSS [-1.37036391] Parameters [1.7766946  1.62222171 2.53963813 2.54490145 1.64828273 1.79146948
 2.36822787 2.47562699] REAL [0.51267958] FAKE [0.50453556] 
68 epoch LOSS [-1.37350026] Parameters [1.77658353 1.62216776 2.54663463 2.56924153 1.64835699 1.79137969
 2.37543091 2.50027857] REAL [0.50939427] FAKE [0.50290161] 
69 epoch LOSS [-1.39234771] Parameters [1.77654379 1.62218192 2.55282959 2.59237584 1.6483405  1.79142631
 2.38187743 2.52368457] REAL [0.50634781] FAKE [0.50924793] 
70 epoch LOSS [-1.39001157] Parameters [1.77655248 1.62225929 2.55839479 2.61451369 1.6482138  1.7914698
 2.38693693 2.54629469] REAL [0.50642388] FAKE [0.50817402] 
71 epoch LOSS [-1.39416424] Parameters [1.776644   1.622373   2.56316676 2.63602895 1.64805789 1.79142841
 2.39178431 2.56798398] REAL [0.5045701] FAKE [0.5084127] 
72 epoch LOSS [-1.40560653] Parameters [1.77678308 1.62233068 2.56720588 2.65680629 1.64795319 1.79145062
 2.3959481  2.58883682] REAL [0.50316362] FAKE [0.51264704] 
73 epoch LOSS [-1.38982442] Parameters [1.77683474 1.62221121 2.57099886 2.67676467 1.64797947 1.79139379
 2.39982119 2.60880783] REAL [0.50733956] FAKE [0.50896981] 
74 epoch LOSS [-1.41497114] Parameters [1.77679867 1.62218304 2.57411665 2.69556693 1.64805003 1.79136934
 2.40290248 2.62775601] REAL [0.49998905] FAKE [0.51412411] 
75 epoch LOSS [-1.41712264] Parameters [1.77670806 1.62213856 2.57677713 2.71360396 1.64806143 1.7914105
 2.40580535 2.6458899 ] REAL [0.49700931] FAKE [0.51226162] 
76 epoch LOSS [-1.40694003] Parameters [1.77668708 1.62227865 2.5792245  2.73098143 1.64806363 1.79142772
 2.40806164 2.66345885] REAL [0.50337624] FAKE [0.51350207] 
77 epoch LOSS [-1.41293007] Parameters [1.77663166 1.62225636 2.58113228 2.74722165 1.64799431 1.79148748
 2.40991173 2.67997266] REAL [0.50298971] FAKE [0.51603587] 
78 epoch LOSS [-1.41093802] Parameters [1.77666568 1.62240626 2.58239353 2.76269397 1.64801455 1.79169435
 2.41131742 2.69559622] REAL [0.50236053] FAKE [0.51446349] 
79 epoch LOSS [-1.4258371] Parameters [1.77658674 1.62239989 2.58337687 2.77758616 1.64806357 1.79151728
 2.41241217 2.71074496] REAL [0.49439451] FAKE [0.51393631] 
80 epoch LOSS [-1.42507983] Parameters [1.77663036 1.62246512 2.58418069 2.79166565 1.648065   1.79154578
 2.41325596 2.72473021] REAL [0.4955565] FAKE [0.51470869] 
81 epoch LOSS [-1.42263863] Parameters [1.77659967 1.62234861 2.58454014 2.8051188  1.64815957 1.79155042
 2.41367317 2.73805247] REAL [0.49647931] FAKE [0.51442677] 
82 epoch LOSS [-1.42116768] Parameters [1.77655005 1.62231488 2.58488844 2.81770059 1.64817035 1.7914636
 2.41387904 2.75079055] REAL [0.49784769] FAKE [0.51504859] 
83 epoch LOSS [-1.42008899] Parameters [1.77651612 1.62232978 2.58488173 2.82962217 1.64827328 1.79146134
 2.41373903 2.76284612] REAL [0.49718508] FAKE [0.5138782] 
84 epoch LOSS [-1.41481711] Parameters [1.77651417 1.62225879 2.58477332 2.84115289 1.64832941 1.79145384
 2.4134731  2.77442627] REAL [0.49748233] FAKE [0.51160065] 
85 epoch LOSS [-1.42558839] Parameters [1.77647507 1.622314   2.58431396 2.85229246 1.64824684 1.79146926
 2.41318689 2.78544861] REAL [0.49282899] FAKE [0.512271] 
86 epoch LOSS [-1.41413315] Parameters [1.77639814 1.62252077 2.58379944 2.86276902 1.64823312 1.79147613
 2.4126089  2.79592265] REAL [0.50000627] FAKE [0.51373353] 
87 epoch LOSS [-1.42975204] Parameters [1.77643863 1.62251631 2.58293008 2.87263664 1.64811093 1.79146896
 2.41177831 2.80590516] REAL [0.49297536] FAKE [0.51444172] 
88 epoch LOSS [-1.41535119] Parameters [1.77642246 1.62254365 2.58196093 2.88194415 1.64814629 1.79143808
 2.41074916 2.81525176] REAL [0.49883914] FAKE [0.51318913] 
89 epoch LOSS [-1.40681421] Parameters [1.77634387 1.62251822 2.58101668 2.89145245 1.64809588 1.79146799
 2.40983814 2.82466549] REAL [0.50149408] FAKE [0.51161475] 
90 epoch LOSS [-1.41506955] Parameters [1.77625998 1.62245577 2.57977623 2.90005618 1.64801449 1.79148232
 2.40865692 2.83325289] REAL [0.49836587] FAKE [0.51258958] 
91 epoch LOSS [-1.40778587] Parameters [1.77629842 1.62249411 2.5783973  2.90807728 1.64797815 1.791458
 2.40741092 2.84136686] REAL [0.49900128] FAKE [0.50965166] 
92 epoch LOSS [-1.40667896] Parameters [1.77630587 1.62252378 2.57705784 2.91587969 1.64799299 1.79139392
 2.40603239 2.84918104] REAL [0.50189921] FAKE [0.51194297] 
93 epoch LOSS [-1.41844357] Parameters [1.77624826 1.62252194 2.5753901  2.92315855 1.6479173  1.79133649
 2.40435925 2.8562967 ] REAL [0.49470966] FAKE [0.51064121] 
94 epoch LOSS [-1.40078913] Parameters [1.77623326 1.62253858 2.57372104 2.93013015 1.64800112 1.79130771
 2.40275772 2.86315192] REAL [0.5015726] FAKE [0.50874022] 
95 epoch LOSS [-1.41135871] Parameters [1.77627805 1.62259161 2.57211273 2.93677768 1.6479971  1.79126928
 2.40115993 2.86992186] REAL [0.49561379] FAKE [0.50806092] 
96 epoch LOSS [-1.39644549] Parameters [1.77626632 1.62255801 2.57059601 2.9433367  1.64795623 1.79127735
 2.39964053 2.87652316] REAL [0.50258432] FAKE [0.50759495] 
97 epoch LOSS [-1.39288429] Parameters [1.77626557 1.62264311 2.56881545 2.94943527 1.6479571  1.79128429
 2.39794826 2.88264457] REAL [0.50433961] FAKE [0.50755814] 
98 epoch LOSS [-1.40016779] Parameters [1.77620674 1.62258325 2.5670652  2.95524606 1.64793001 1.79126661
 2.39620309 2.88822565] REAL [0.50029613] FAKE [0.5071807] 
99 epoch LOSS [-1.40366482] Parameters [1.77616725 1.62260783 2.56524425 2.96067628 1.64794525 1.79131823
 2.39438544 2.89380679] REAL [0.49712384] FAKE [0.50576725] 
100 epoch LOSS [-1.40656079] Parameters [1.77612805 1.62250248 2.56339221 2.9657117  1.64789712 1.79130783
 2.39247862 2.89892307] REAL [0.49669555] FAKE [0.50677152] 
101 epoch LOSS [-1.39439498] Parameters [1.77612981 1.6225735  2.56141395 2.97042971 1.64798466 1.79134525
 2.39053683 2.90385534] REAL [0.50139325] FAKE [0.50541212] 
102 epoch LOSS [-1.38490568] Parameters [1.7761677  1.62249161 2.55954917 2.97550012 1.64798302 1.79132129
 2.38865621 2.90885039] REAL [0.50586886] FAKE [0.50511401] 
103 epoch LOSS [-1.39383322] Parameters [1.77611653 1.62254113 2.55757449 2.98005191 1.64801186 1.79135795
 2.38668205 2.91323082] REAL [0.50046147] FAKE [0.50421284] 
104 epoch LOSS [-1.37970445] Parameters [1.77612135 1.62255803 2.55567117 2.98434189 1.64801364 1.79136991
 2.38480077 2.91762674] REAL [0.50608818] FAKE [0.50274888] 
105 epoch LOSS [-1.37919528] Parameters [1.77610409 1.62254997 2.553809   2.98861164 1.64797544 1.7913221
 2.38290082 2.92171552] REAL [0.50609778] FAKE [0.50250505] 
106 epoch LOSS [-1.38121299] Parameters [1.77610772 1.62258613 2.55191554 2.99259579 1.64797217 1.7912933
 2.38099863 2.92568489] REAL [0.50458425] FAKE [0.50201859] 
107 epoch LOSS [-1.37783762] Parameters [1.77613077 1.6226146  2.55000184 2.99637843 1.64785649 1.79128181
 2.37907376 2.92963392] REAL [0.50562729] FAKE [0.50136562] 
108 epoch LOSS [-1.36789089] Parameters [1.77608802 1.62256148 2.54815926 2.99998062 1.64788745 1.79130676
 2.37713819 2.933425  ] REAL [0.50963859] FAKE [0.50034501] 
109 epoch LOSS [-1.37260934] Parameters [1.77609857 1.62255757 2.54629214 3.00346891 1.64790474 1.7912844
 2.37531936 2.9368734 ] REAL [0.50726795] FAKE [0.50037298] 
110 epoch LOSS [-1.36370379] Parameters [1.77609682 1.62255238 2.5444777  3.00682894 1.64790344 1.79134858
 2.37345393 2.94017544] REAL [0.51151808] FAKE [0.50009212] 
111 epoch LOSS [-1.36405469] Parameters [1.77608269 1.62257538 2.54263664 3.00996046 1.6479131  1.79134036
 2.371553   2.94331335] REAL [0.51030401] FAKE [0.49907859] 
112 epoch LOSS [-1.35649407] Parameters [1.77608317 1.62259957 2.54075071 3.01294629 1.64797431 1.79135334
 2.36969752 2.94632637] REAL [0.51231093] FAKE [0.49725416] 
113 epoch LOSS [-1.35806023] Parameters [1.77606728 1.6225782  2.53896102 3.0160174  1.64797626 1.79135357
 2.36787406 2.94936027] REAL [0.5113112] FAKE [0.49705948] 
114 epoch LOSS [-1.35740182] Parameters [1.77608381 1.62256762 2.53715249 3.01875272 1.64799739 1.79134627
 2.36608227 2.95211652] REAL [0.51018737] FAKE [0.49561963] 
115 epoch LOSS [-1.36307476] Parameters [1.77606517 1.62254651 2.53540097 3.02143119 1.64797461 1.79136948
 2.36435065 2.9547888 ] REAL [0.50754122] FAKE [0.49585806] 
116 epoch LOSS [-1.36595347] Parameters [1.77608029 1.62252751 2.5336556  3.02387724 1.64801625 1.79135963
 2.36266908 2.95739925] REAL [0.50434797] FAKE [0.49412448] 
117 epoch LOSS [-1.36377842] Parameters [1.77601745 1.6225249  2.53189762 3.0264068  1.64802638 1.79134214
 2.36090692 2.95967041] REAL [0.50506915] FAKE [0.49374687] 
118 epoch LOSS [-1.35093193] Parameters [1.77598784 1.62252196 2.53033227 3.02879582 1.64805206 1.79134594
 2.35933609 2.96202698] REAL [0.51053642] FAKE [0.49269285] 
119 epoch LOSS [-1.35006608] Parameters [1.7759894  1.62250897 2.52876454 3.03104309 1.64813071 1.79135814
 2.3577645  2.96415599] REAL [0.5103032] FAKE [0.49202135] 
120 epoch LOSS [-1.34818604] Parameters [1.77603468 1.62248189 2.5271496  3.03313738 1.64811252 1.79135261
 2.35622995 2.96606883] REAL [0.51037289] FAKE [0.49113493] 
121 epoch LOSS [-1.33356526] Parameters [1.77599653 1.62249695 2.52579419 3.0350003  1.64811018 1.79136279
 2.35476539 2.96815635] REAL [0.51799424] FAKE [0.49123757] 
122 epoch LOSS [-1.34307727] Parameters [1.77602685 1.62251143 2.5243261  3.03705313 1.64813836 1.79134597
 2.35338955 2.97018105] REAL [0.51223829] FAKE [0.49039121] 
123 epoch LOSS [-1.34826926] Parameters [1.77602196 1.62248108 2.52294786 3.0388517  1.64812512 1.79132951
 2.35201813 2.97194227] REAL [0.50874576] FAKE [0.48954989] 
124 epoch LOSS [-1.33796814] Parameters [1.77602037 1.62245533 2.52159349 3.04047182 1.64813265 1.79131511
 2.35063457 2.97360447] REAL [0.51337114] FAKE [0.48891119] 
125 epoch LOSS [-1.32641611] Parameters [1.77605229 1.62244969 2.52046195 3.04216119 1.64811764 1.79134761
 2.34939701 2.97517345] REAL [0.51819636] FAKE [0.48778718] 
126 epoch LOSS [-1.33104777] Parameters [1.77608657 1.62246281 2.51925187 3.0436338  1.64814875 1.79130527
 2.34823663 2.97670374] REAL [0.51540099] FAKE [0.48738885] 
127 epoch LOSS [-1.32606869] Parameters [1.77613833 1.62244556 2.51801247 3.04496133 1.64817114 1.79128096
 2.34702232 2.97809135] REAL [0.51790169] FAKE [0.48731767] 
128 epoch LOSS [-1.32995221] Parameters [1.77614767 1.62244437 2.51704232 3.04637152 1.64821538 1.79125293
 2.34608639 2.97951606] REAL [0.51496099] FAKE [0.48638847] 
129 epoch LOSS [-1.32396565] Parameters [1.77614045 1.62246786 2.51601158 3.04758109 1.64820864 1.79124454
 2.34506832 2.98080904] REAL [0.51673309] FAKE [0.48507646] 
130 epoch LOSS [-1.30703867] Parameters [1.77614037 1.62248106 2.51516587 3.04869668 1.64820904 1.79125674
 2.34424205 2.98203566] REAL [0.52461736] FAKE [0.48415686] 
131 epoch LOSS [-1.30576272] Parameters [1.77612429 1.62246861 2.51438593 3.04991522 1.64819692 1.79122426
 2.34353871 2.98321818] REAL [0.52489003] FAKE [0.48376656] 
132 epoch LOSS [-1.30802298] Parameters [1.77612361 1.62247309 2.5135859  3.05080934 1.64822728 1.7912669
 2.34259991 2.98412315] REAL [0.52228808] FAKE [0.48236609] 
133 epoch LOSS [-1.31763686] Parameters [1.77612688 1.62247691 2.51281643 3.05165881 1.64823284 1.79128148
 2.34188588 2.98505692] REAL [0.51720001] FAKE [0.48227509] 
134 epoch LOSS [-1.29667342] Parameters [1.77612486 1.62248515 2.51226394 3.05257362 1.64822248 1.79127354
 2.34136262 2.98593523] REAL [0.52675657] FAKE [0.48089892] 
135 epoch LOSS [-1.30990263] Parameters [1.7761158  1.6224871  2.51165899 3.05319228 1.64821749 1.7912741
 2.34069854 2.9867577 ] REAL [0.51870391] FAKE [0.47976808] 
136 epoch LOSS [-1.29432683] Parameters [1.77611059 1.62250862 2.51119074 3.05402559 1.64819555 1.79127341
 2.34020454 2.98735621] REAL [0.52598775] FAKE [0.47891884] 
137 epoch LOSS [-1.29622028] Parameters [1.7760705  1.62247509 2.51077126 3.0547734  1.6482074  1.79127647
 2.33985815 2.98809397] REAL [0.52401068] FAKE [0.47794225] 
138 epoch LOSS [-1.30664993] Parameters [1.77607286 1.62245801 2.51044153 3.05544567 1.64822918 1.7912892
 2.33958895 2.98861037] REAL [0.5176828] FAKE [0.47704369] 
139 epoch LOSS [-1.28984543] Parameters [1.7760742  1.62246508 2.51015384 3.05591281 1.64822579 1.79125742
 2.3393454  2.98913671] REAL [0.52623269] FAKE [0.47682206] 
140 epoch LOSS [-1.28719014] Parameters [1.77604566 1.62244261 2.51008125 3.05641958 1.64822109 1.7912654
 2.33926745 2.98958409] REAL [0.52602721] FAKE [0.47522612] 
141 epoch LOSS [-1.29039296] Parameters [1.77603339 1.62242328 2.50991971 3.05667955 1.64823977 1.79123267
 2.339123   2.98986934] REAL [0.52419689] FAKE [0.47507771] 
142 epoch LOSS [-1.2810902] Parameters [1.77602136 1.62245029 2.5099573  3.05693484 1.64822707 1.7912114
 2.33913851 2.99017856] REAL [0.52881101] FAKE [0.47479469] 
143 epoch LOSS [-1.27454179] Parameters [1.77601364 1.62244938 2.51015951 3.0573248  1.64822156 1.79120563
 2.339235   2.99043943] REAL [0.53053092] FAKE [0.47305798] 
144 epoch LOSS [-1.26470431] Parameters [1.77603036 1.62245587 2.51035559 3.05750926 1.64822799 1.7912198
 2.3395089  2.99049235] REAL [0.53490846] FAKE [0.47220359] 
145 epoch LOSS [-1.28172942] Parameters [1.77602309 1.62245064 2.51044371 3.0575284  1.64822619 1.79119848
 2.33959156 2.99062867] REAL [0.52504942] FAKE [0.47137] 
146 epoch LOSS [-1.25846237] Parameters [1.77600736 1.62247844 2.51085935 3.05761227 1.64820366 1.7912111
 2.3399919  2.99069992] REAL [0.53566051] FAKE [0.46964446] 
147 epoch LOSS [-1.27300908] Parameters [1.77598329 1.62246517 2.51125482 3.0574619  1.64818294 1.79120124
 2.34039233 2.99053986] REAL [0.52732443] FAKE [0.46904063] 
148 epoch LOSS [-1.2584978] Parameters [1.77595152 1.62249511 2.51177084 3.05722899 1.64819608 1.79118481
 2.34085957 2.9904978 ] REAL [0.53421208] FAKE [0.46822533] 
149 epoch LOSS [-1.25124386] Parameters [1.77598984 1.62248959 2.51245183 3.05710058 1.64818326 1.79118657
 2.34147742 2.99035471] REAL [0.53759481] FAKE [0.46772431] 
150 epoch LOSS [-1.26638933] Parameters [1.77596571 1.6224722  2.51315395 3.05691613 1.64820938 1.79121266
 2.34215922 2.9900989 ] REAL [0.52832965] FAKE [0.46653108] 
151 epoch LOSS [-1.26268529] Parameters [1.77599537 1.62244781 2.51390539 3.0565749  1.64822469 1.79121444
 2.34289115 2.98968347] REAL [0.52949563] FAKE [0.46573052] 
152 epoch LOSS [-1.24363588] Parameters [1.77599502 1.62248491 2.51472146 3.05606668 1.64824036 1.7912217
 2.3437193  2.98914348] REAL [0.53831688] FAKE [0.46437874] 
153 epoch LOSS [-1.24488663] Parameters [1.77601223 1.62245743 2.51570233 3.0554271  1.64824701 1.79120208
 2.34459705 2.98863543] REAL [0.53603411] FAKE [0.4627701] 
154 epoch LOSS [-1.25106656] Parameters [1.77603847 1.62244585 2.5167788  3.05457921 1.64825383 1.79119015
 2.34561063 2.9879886 ] REAL [0.53180043] FAKE [0.46182935] 
155 epoch LOSS [-1.2449279] Parameters [1.77606772 1.62244596 2.51786795 3.05385814 1.64825769 1.79115174
 2.3467399  2.98722861] REAL [0.53456832] FAKE [0.46131923] 
156 epoch LOSS [-1.24616098] Parameters [1.77605586 1.62244859 2.51896269 3.05296468 1.64824365 1.79119543
 2.34781726 2.98622664] REAL [0.53378036] FAKE [0.46118886] 
157 epoch LOSS [-1.24381487] Parameters [1.7760545  1.62244713 2.52023326 3.05189803 1.64826664 1.79117986
 2.34903918 2.98533636] REAL [0.53383626] FAKE [0.45997982] 
158 epoch LOSS [-1.23264995] Parameters [1.77602963 1.62245935 2.52153738 3.05085231 1.6482421  1.79119095
 2.35034507 2.98431889] REAL [0.53829201] FAKE [0.45843699] 
159 epoch LOSS [-1.23027251] Parameters [1.77604112 1.62246781 2.52298705 3.04950756 1.64820544 1.79116696
 2.35181195 2.98318976] REAL [0.53775305] FAKE [0.45660385] 
160 epoch LOSS [-1.23178187] Parameters [1.77609916 1.62248466 2.52450352 3.04819201 1.64825545 1.79122092
 2.35324467 2.98187425] REAL [0.53601202] FAKE [0.45566106] 
161 epoch LOSS [-1.22335966] Parameters [1.7761085  1.62253171 2.52598295 3.04688729 1.64823595 1.79118823
 2.35468743 2.98046876] REAL [0.53933254] FAKE [0.45443685] 
162 epoch LOSS [-1.20213047] Parameters [1.77611816 1.62254399 2.52756342 3.04536214 1.6482009  1.79122088
 2.35625532 2.9789098 ] REAL [0.55115383] FAKE [0.45468362] 
163 epoch LOSS [-1.20417477] Parameters [1.77610031 1.62253976 2.52913144 3.04355632 1.64814872 1.79126386
 2.35803038 2.97739131] REAL [0.54773841] FAKE [0.45240391] 
164 epoch LOSS [-1.21307453] Parameters [1.77612314 1.62252628 2.53092234 3.04181595 1.64812261 1.79126413
 2.35985535 2.97572854] REAL [0.54200271] FAKE [0.4515122] 
165 epoch LOSS [-1.19394542] Parameters [1.77607337 1.62253797 2.53277136 3.03987269 1.64814599 1.79125958
 2.36168975 2.97385674] REAL [0.55289345] FAKE [0.45193175] 
166 epoch LOSS [-1.18224262] Parameters [1.77602931 1.62250584 2.53450142 3.03763537 1.64815007 1.79126356
 2.3634088  2.97172454] REAL [0.55736444] FAKE [0.44992831] 
167 epoch LOSS [-1.18503361] Parameters [1.77608041 1.62256251 2.53643365 3.03530954 1.64818457 1.79125037
 2.36524834 2.9696542 ] REAL [0.55440798] FAKE [0.44853626] 
168 epoch LOSS [-1.1949835] Parameters [1.77609026 1.62253919 2.53829842 3.03317014 1.64818933 1.79127425
 2.36716438 2.96757489] REAL [0.54810256] FAKE [0.44771477] 
169 epoch LOSS [-1.18495024] Parameters [1.77606122 1.62256268 2.540266   3.0303523  1.64816646 1.79122583
 2.3692287  2.96487124] REAL [0.55258966] FAKE [0.44667551] 
170 epoch LOSS [-1.18264874] Parameters [1.77612266 1.62254159 2.54219654 3.02743878 1.64818848 1.79120016
 2.37116207 2.96193611] REAL [0.55270345] FAKE [0.44551474] 
171 epoch LOSS [-1.17486755] Parameters [1.77616866 1.62252183 2.54434117 3.02443607 1.64817614 1.79118151
 2.37327098 2.95875862] REAL [0.55481631] FAKE [0.44331146] 
172 epoch LOSS [-1.18718044] Parameters [1.77618224 1.62254546 2.5465373  3.02123866 1.64819259 1.79115971
 2.37542443 2.9556717 ] REAL [0.54883273] FAKE [0.44412892] 
173 epoch LOSS [-1.15403542] Parameters [1.77611865 1.6225308  2.54883808 3.01784649 1.64814485 1.79116252
 2.37772985 2.95231581] REAL [0.56504363] FAKE [0.441881] 
174 epoch LOSS [-1.16625549] Parameters [1.77622676 1.6225113  2.55098126 3.01409184 1.64812097 1.79121495
 2.3800124  2.94864635] REAL [0.55747408] FAKE [0.44117349] 
175 epoch LOSS [-1.15608003] Parameters [1.77626978 1.62254065 2.55331834 3.01010811 1.64810897 1.79121784
 2.38231318 2.94496055] REAL [0.5613333] FAKE [0.43933943] 
176 epoch LOSS [-1.14778746] Parameters [1.77631303 1.62253963 2.55575268 3.00594911 1.64813107 1.79113646
 2.38473392 2.94067574] REAL [0.56485097] FAKE [0.43819143] 
177 epoch LOSS [-1.1705468] Parameters [1.77628644 1.62261276 2.55825932 3.0015314  1.64808107 1.79112333
 2.38723726 2.93621157] REAL [0.55262466] FAKE [0.43868361] 
178 epoch LOSS [-1.16278109] Parameters [1.77626835 1.62262938 2.56069569 2.99685091 1.64804454 1.79105353
 2.38979338 2.93147158] REAL [0.55762173] FAKE [0.43937701] 
179 epoch LOSS [-1.14586135] Parameters [1.77625813 1.62264829 2.56301868 2.9918097  1.64806159 1.79103061
 2.39222579 2.9267879 ] REAL [0.56450235] FAKE [0.43676065] 
180 epoch LOSS [-1.15812644] Parameters [1.77628886 1.62258031 2.56562702 2.98645246 1.64809642 1.79097923
 2.39483605 2.9213568 ] REAL [0.55526005] FAKE [0.43436581] 
181 epoch LOSS [-1.15049981] Parameters [1.77627126 1.62260837 2.56819509 2.98073321 1.64818804 1.79094406
 2.39740871 2.91577793] REAL [0.55901128] FAKE [0.43386018] 
182 epoch LOSS [-1.14229742] Parameters [1.77620917 1.62251095 2.5709728  2.97492178 1.6481708  1.79093427
 2.40020547 2.90984085] REAL [0.56223453] FAKE [0.43246974] 
183 epoch LOSS [-1.13812314] Parameters [1.77618861 1.62251385 2.57377241 2.96834393 1.64824771 1.79091489
 2.40278046 2.90325216] REAL [0.56444116] FAKE [0.43232375] 
184 epoch LOSS [-1.13847632] Parameters [1.77626188 1.62255924 2.57677231 2.9616516  1.64822587 1.79092206
 2.405702   2.89631239] REAL [0.5644618] FAKE [0.43254496] 
185 epoch LOSS [-1.11353839] Parameters [1.77628371 1.62253178 2.57988825 2.95454495 1.64833745 1.79086157
 2.40860453 2.88921625] REAL [0.57455279] FAKE [0.42843387] 
186 epoch LOSS [-1.12812658] Parameters [1.77633862 1.62250426 2.58296272 2.94687285 1.64837958 1.79084853
 2.41179197 2.8815988 ] REAL [0.56942872] FAKE [0.43164265] 
187 epoch LOSS [-1.12260155] Parameters [1.77635055 1.62245462 2.58624428 2.93862318 1.64844198 1.79092443
 2.41510641 2.87365535] REAL [0.56980587] FAKE [0.42887204] 
188 epoch LOSS [-1.10084596] Parameters [1.7763468  1.62260522 2.58978437 2.9295436  1.64834996 1.79085972
 2.4184397  2.86458037] REAL [0.58066759] FAKE [0.42722892] 
189 epoch LOSS [-1.12764999] Parameters [1.77632464 1.62266952 2.59336382 2.92003314 1.64834826 1.79086832
 2.42191603 2.85499272] REAL [0.56494663] FAKE [0.42686041] 
190 epoch LOSS [-1.12072903] Parameters [1.77634048 1.62268741 2.59718951 2.90971179 1.6483907  1.79093978
 2.4256164  2.84474364] REAL [0.56671212] FAKE [0.42467788] 
191 epoch LOSS [-1.10624382] Parameters [1.77636245 1.62274766 2.60122333 2.89838045 1.6485061  1.79098763
 2.42950561 2.83366917] REAL [0.57440335] FAKE [0.4240995] 
192 epoch LOSS [-1.11933547] Parameters [1.77634033 1.62270571 2.60540753 2.88697851 1.64860859 1.79117048
 2.43361315 2.82192143] REAL [0.56611581] FAKE [0.42326873] 
193 epoch LOSS [-1.11981804] Parameters [1.77643592 1.62260522 2.60979764 2.87451803 1.64865616 1.79126938
 2.43791102 2.80938019] REAL [0.56623275] FAKE [0.42366602] 
194 epoch LOSS [-1.0899988] Parameters [1.77634926 1.62240033 2.61453528 2.86105042 1.64877193 1.79124434
 2.44273388 2.79557631] REAL [0.58310056] FAKE [0.42339809] 
195 epoch LOSS [-1.11025697] Parameters [1.77648043 1.62231015 2.61960119 2.84686999 1.64869735 1.79129239
 2.44776111 2.78106854] REAL [0.57315358] FAKE [0.42515532] 
196 epoch LOSS [-1.08465779] Parameters [1.77652331 1.62235211 2.62502586 2.83129715 1.64865971 1.79105002
 2.45294221 2.76539169] REAL [0.58767802] FAKE [0.42482545] 
197 epoch LOSS [-1.10739005] Parameters [1.77641558 1.62231097 2.63080413 2.81472665 1.64879355 1.79103556
 2.45842319 2.74893006] REAL [0.57083767] FAKE [0.42116606] 
198 epoch LOSS [-1.09822402] Parameters [1.77642245 1.62245172 2.63701148 2.79692251 1.64880451 1.79099229
 2.46462354 2.73070463] REAL [0.57800083] FAKE [0.4230756] 
199 epoch LOSS [-1.09891441] Parameters [1.7763969  1.62235074 2.64390738 2.77772346 1.64875514 1.79129704
 2.47173245 2.71114077] REAL [0.57784362] FAKE [0.42331692] 
200 epoch LOSS [-1.08749622] Parameters [1.77647861 1.62243702 2.65157586 2.75730659 1.64871015 1.79150805
 2.47961967 2.69067983] REAL [0.58852394] FAKE [0.42728012] 
201 epoch LOSS [-1.10686487] Parameters [1.77617177 1.62237008 2.66018254 2.73527795 1.64854599 1.79142586
 2.4884129  2.66835669] REAL [0.57437168] FAKE [0.42442533] 
202 epoch LOSS [-1.08888011] Parameters [1.77623976 1.62236809 2.66929815 2.71143179 1.64848172 1.79152385
 2.49741654 2.64458003] REAL [0.58529144] FAKE [0.42491346] 
203 epoch LOSS [-1.11532196] Parameters [1.77641306 1.62227342 2.68006863 2.68597438 1.64864417 1.79140984
 2.50799842 2.61917237] REAL [0.57690183] FAKE [0.43177556] 
204 epoch LOSS [-1.12655807] Parameters [1.77657523 1.62228556 2.6915496  2.65851781 1.64863923 1.7915346
 2.51926746 2.59188975] REAL [0.57733899] FAKE [0.43854991] 
205 epoch LOSS [-1.13448312] Parameters [1.7764134  1.62192144 2.70473448 2.62925376 1.64837176 1.79135189
 2.53207539 2.56250474] REAL [0.56618082] FAKE [0.43200425] 
206 epoch LOSS [-1.16708402] Parameters [1.77616278 1.62162649 2.71893501 2.59761253 1.64804929 1.79153757
 2.54655905 2.53139062] REAL [0.560942] FAKE [0.44508829] 
207 epoch LOSS [-1.16757287] Parameters [1.77636304 1.62214287 2.73532902 2.56397607 1.64837594 1.79166595
 2.56300709 2.49783877] REAL [0.57083648] FAKE [0.45497324] 
208 epoch LOSS [-1.17546556] Parameters [1.77617749 1.62234717 2.75309381 2.52878775 1.64812416 1.79160769
 2.58059174 2.462273  ] REAL [0.56419399] FAKE [0.45289165] 
209 epoch LOSS [-1.22548856] Parameters [1.77601453 1.62245632 2.77235506 2.49160944 1.64837107 1.79163293
 2.59970029 2.4247858 ] REAL [0.54340368] FAKE [0.45967569] 
210 epoch LOSS [-1.21126116] Parameters [1.77659254 1.62254116 2.7945165  2.45296194 1.64825411 1.79154221
 2.62202363 2.38614811] REAL [0.55735571] FAKE [0.46565284] 
211 epoch LOSS [-1.23607525] Parameters [1.77647961 1.62259097 2.81818221 2.41214188 1.64789434 1.79205008
 2.64554017 2.34558745] REAL [0.5551022] FAKE [0.47663293] 
212 epoch LOSS [-1.32876334] Parameters [1.77615288 1.6227299  2.84348609 2.37080255 1.64796078 1.79211893
 2.67120764 2.30361281] REAL [0.52636267] FAKE [0.4969162] 
213 epoch LOSS [-1.31269292] Parameters [1.77619969 1.62273018 2.86996101 2.32859117 1.64817281 1.79183707
 2.69708321 2.26172116] REAL [0.53430687] FAKE [0.49636726] 
214 epoch LOSS [-1.35999166] Parameters [1.77623191 1.62281925 2.89689511 2.28655444 1.64810856 1.79227788
 2.72404356 2.21991186] REAL [0.52338403] FAKE [0.50960881] 
215 epoch LOSS [-1.40005403] Parameters [1.77600594 1.62281911 2.92367168 2.24480322 1.64788267 1.79181216
 2.75106718 2.17866094] REAL [0.50721171] FAKE [0.51384474] 
216 epoch LOSS [-1.4571841] Parameters [1.77636554 1.62306748 2.95013118 2.20460517 1.64802408 1.79182318
 2.77737725 2.13888978] REAL [0.49702128] FAKE [0.5314262] 
217 epoch LOSS [-1.47390116] Parameters [1.77641868 1.6227146  2.97613922 2.16703446 1.64798421 1.79167246
 2.80303588 2.10119868] REAL [0.49420174] FAKE [0.53656526] 
218 epoch LOSS [-1.52510562] Parameters [1.77609048 1.62279746 3.0006384  2.13154745 1.64845183 1.79179312
 2.827122   2.06525011] REAL [0.47918679] FAKE [0.54590135] 
219 epoch LOSS [-1.51483476] Parameters [1.77611352 1.62257101 3.02320253 2.0988838  1.6483144  1.79185462
 2.84941643 2.03224054] REAL [0.48103569] FAKE [0.54297672] 
220 epoch LOSS [-1.48904019] Parameters [1.77609889 1.62274895 3.04402114 2.0688646  1.6481207  1.79206203
 2.87008965 2.00207408] REAL [0.49476347] FAKE [0.54404662] 
221 epoch LOSS [-1.54602517] Parameters [1.77611548 1.62280126 3.0621546  2.04120151 1.64820812 1.79220957
 2.88872856 1.9740359 ] REAL [0.47090301] FAKE [0.54747943] 
222 epoch LOSS [-1.52656145] Parameters [1.77591568 1.62274873 3.07907635 2.01653564 1.64824315 1.79234291
 2.90560099 1.9497487 ] REAL [0.48254178] FAKE [0.5497146] 
223 epoch LOSS [-1.52334083] Parameters [1.77569612 1.6226149  3.09422518 1.99396202 1.64815497 1.79237148
 2.92088835 1.927274  ] REAL [0.48111549] FAKE [0.54692287] 
224 epoch LOSS [-1.55400242] Parameters [1.7757891  1.62261962 3.10690399 1.97352445 1.64823976 1.79251469
 2.93327131 1.90695381] REAL [0.46720828] FAKE [0.54752479] 
225 epoch LOSS [-1.53249541] Parameters [1.77569346 1.6226743  3.11847754 1.95554471 1.64825996 1.79241363
 2.9453353  1.88892269] REAL [0.47785173] FAKE [0.54798532] 
226 epoch LOSS [-1.55982584] Parameters [1.77576689 1.62274287 3.12941616 1.93962402 1.64827968 1.79243827
 2.95684961 1.87305995] REAL [0.46436446] FAKE [0.54739716] 
227 epoch LOSS [-1.5455232] Parameters [1.77583069 1.62268752 3.13884028 1.92545825 1.6482003  1.79231615
 2.96613869 1.85882278] REAL [0.46882583] FAKE [0.54524627] 
228 epoch LOSS [-1.5546853] Parameters [1.7758295  1.62256221 3.14737755 1.91255614 1.64826278 1.79224975
 2.97501973 1.84572717] REAL [0.46159417] FAKE [0.54233422] 
229 epoch LOSS [-1.55368174] Parameters [1.77581416 1.62257065 3.15547469 1.90104295 1.64813884 1.79227296
 2.98329314 1.83398254] REAL [0.46105904] FAKE [0.54134298] 
230 epoch LOSS [-1.50125858] Parameters [1.77579451 1.62253129 3.16242198 1.89045257 1.64813492 1.7922683
 2.99010812 1.82332674] REAL [0.4814803] FAKE [0.53715758] 
231 epoch LOSS [-1.53503457] Parameters [1.77584021 1.62251881 3.16896225 1.88114322 1.64811447 1.79226237
 2.99651705 1.81412412] REAL [0.46495832] FAKE [0.53662891] 
232 epoch LOSS [-1.53733453] Parameters [1.77582911 1.622565   3.17414291 1.87267735 1.64806362 1.79223802
 3.00183667 1.80586109] REAL [0.46225997] FAKE [0.5349948] 
233 epoch LOSS [-1.49698563] Parameters [1.77576979 1.62255746 3.17902461 1.86545657 1.64806267 1.79225528
 3.00683545 1.79845999] REAL [0.47906665] FAKE [0.53283375] 
234 epoch LOSS [-1.52192175] Parameters [1.77582543 1.62248879 3.18368424 1.85883862 1.64804807 1.79227113
 3.01135688 1.79184802] REAL [0.46604893] FAKE [0.53161146] 
235 epoch LOSS [-1.50347337] Parameters [1.77582677 1.6224504  3.1876003  1.85298018 1.64804797 1.79230078
 3.01579281 1.78599695] REAL [0.47129473] FAKE [0.52820077] 
236 epoch LOSS [-1.48252496] Parameters [1.77581975 1.62244726 3.19151682 1.84778776 1.64806391 1.79230188
 3.01984944 1.78079005] REAL [0.47968472] FAKE [0.52663984] 
237 epoch LOSS [-1.45112831] Parameters [1.77583546 1.62244777 3.19464982 1.8433091  1.6480699  1.7923025
 3.02289112 1.7764308 ] REAL [0.49255959] FAKE [0.5243098] 
238 epoch LOSS [-1.49457891] Parameters [1.77584462 1.6224555  3.19781602 1.83941094 1.64808378 1.79229454
 3.02611057 1.77261835] REAL [0.47053166] FAKE [0.52321369] 
239 epoch LOSS [-1.47695809] Parameters [1.77583999 1.62246144 3.1997602  1.83619358 1.64808315 1.79232039
 3.02824546 1.76937774] REAL [0.47648984] FAKE [0.52080574] 
240 epoch LOSS [-1.47019738] Parameters [1.77582714 1.62246482 3.20188578 1.83342376 1.64808603 1.79232092
 3.03002802 1.7665786 ] REAL [0.47842806] FAKE [0.51950956] 
241 epoch LOSS [-1.45441908] Parameters [1.77583144 1.62247199 3.20335115 1.83112312 1.64808102 1.7923352
 3.0316213  1.76432474] REAL [0.48352821] FAKE [0.51701682] 
242 epoch LOSS [-1.42046418] Parameters [1.77582342 1.62247819 3.20553884 1.82941354 1.64806105 1.79232867
 3.03380245 1.76265614] REAL [0.49825514] FAKE [0.51510416] 
243 epoch LOSS [-1.45936392] Parameters [1.7758218  1.6224967  3.20772537 1.82817055 1.64806669 1.79232845
 3.03580203 1.7613303 ] REAL [0.47758791] FAKE [0.51342143] 
244 epoch LOSS [-1.43712859] Parameters [1.77582563 1.62251082 3.20907878 1.82732003 1.64804424 1.79235534
 3.03694189 1.76054009] REAL [0.4867695] FAKE [0.51186536] 
245 epoch LOSS [-1.41096955] Parameters [1.7758281  1.62250524 3.21076864 1.82690031 1.64803949 1.79236306
 3.03843271 1.76017211] REAL [0.4968606] FAKE [0.50910438] 
246 epoch LOSS [-1.39786469] Parameters [1.77584692 1.62247529 3.21185955 1.82690168 1.64802107 1.79236819
 3.03951643 1.76018705] REAL [0.50187113] FAKE [0.50759454] 
247 epoch LOSS [-1.38625172] Parameters [1.77584785 1.62249644 3.21283057 1.82731988 1.64802432 1.79236141
 3.0402661  1.76063078] REAL [0.50546593] FAKE [0.50538573] 
248 epoch LOSS [-1.40193131] Parameters [1.77584973 1.62247165 3.21347069 1.82818297 1.64803396 1.79236352
 3.04096221 1.76149613] REAL [0.49625277] FAKE [0.50404072] 
249 epoch LOSS [-1.37347808] Parameters [1.7758718  1.62248345 3.21422052 1.82948765 1.64805854 1.79234752
 3.04166161 1.76273876] REAL [0.50829266] FAKE [0.50181321] 
250 epoch LOSS [-1.37978138] Parameters [1.77586393 1.62247132 3.2151386  1.83113182 1.64802468 1.79239294
 3.04264857 1.76434865] REAL [0.50416325] FAKE [0.50088874] 
251 epoch LOSS [-1.40597397] Parameters [1.77587804 1.62245187 3.21614908 1.83318469 1.64802667 1.79241325
 3.04343861 1.76640407] REAL [0.49049776] FAKE [0.50024605] 
252 epoch LOSS [-1.36356612] Parameters [1.77586139 1.62241611 3.21723639 1.83566768 1.64805181 1.79243073
 3.04461396 1.76890697] REAL [0.50986877] FAKE [0.49840598] 
253 epoch LOSS [-1.36706795] Parameters [1.77588383 1.62242537 3.21789411 1.83856936 1.64801961 1.79244417
 3.04550686 1.77177895] REAL [0.50587961] FAKE [0.49621787] 
254 epoch LOSS [-1.35201922] Parameters [1.77589473 1.62241844 3.21877891 1.84190722 1.64798104 1.79245633
 3.04674061 1.77509896] REAL [0.51169539] FAKE [0.49439191] 
255 epoch LOSS [-1.38022203] Parameters [1.77591044 1.62242341 3.21946321 1.84564797 1.64796314 1.79244498
 3.04739423 1.77886196] REAL [0.49728686] FAKE [0.49421005] 
256 epoch LOSS [-1.37524751] Parameters [1.77589981 1.62243548 3.22009    1.84985733 1.64796472 1.79239396
 3.04807413 1.78307431] REAL [0.49852173] FAKE [0.49294683] 
257 epoch LOSS [-1.36923558] Parameters [1.77591701 1.62246737 3.22067085 1.85450235 1.64794601 1.79240242
 3.04846779 1.78770084] REAL [0.49855912] FAKE [0.48992754] 
258 epoch LOSS [-1.33283593] Parameters [1.77591256 1.62244801 3.22139259 1.8597077  1.64801112 1.79245978
 3.04892935 1.79287982] REAL [0.51535977] FAKE [0.48826373] 
259 epoch LOSS [-1.34606375] Parameters [1.77590757 1.62240615 3.22188871 1.8652963  1.64797845 1.79251746
 3.04926947 1.79849616] REAL [0.5071126] FAKE [0.48677531] 
260 epoch LOSS [-1.34223244] Parameters [1.77592412 1.62244392 3.22177856 1.87145447 1.64797207 1.79251994
 3.04924916 1.80466578] REAL [0.50672057] FAKE [0.48440664] 
261 epoch LOSS [-1.33307851] Parameters [1.77600336 1.62234522 3.22229219 1.87800807 1.64794044 1.79249651
 3.0499319  1.81123219] REAL [0.51164114] FAKE [0.48466943] 
262 epoch LOSS [-1.32388661] Parameters [1.77602928 1.62234422 3.22279676 1.88510901 1.64791582 1.79247253
 3.0502319  1.81838224] REAL [0.51473135] FAKE [0.4830331] 
263 epoch LOSS [-1.31976638] Parameters [1.77602389 1.62239689 3.22283768 1.89281945 1.64798632 1.79241818
 3.05020739 1.82606952] REAL [0.51734875] FAKE [0.48352495] 
264 epoch LOSS [-1.30272982] Parameters [1.77604864 1.62243464 3.22293167 1.90107893 1.64790775 1.79235585
 3.05042897 1.83434515] REAL [0.52243821] FAKE [0.47976844] 
265 epoch LOSS [-1.3222694] Parameters [1.77617239 1.62244597 3.22342759 1.90987188 1.64786514 1.79237697
 3.05097138 1.84316421] REAL [0.5118951] FAKE [0.4793274] 
266 epoch LOSS [-1.30126729] Parameters [1.77623312 1.62234231 3.22373259 1.91935    1.64776928 1.7923309
 3.05130768 1.85267806] REAL [0.52293078] FAKE [0.47949777] 
267 epoch LOSS [-1.28299681] Parameters [1.77632646 1.62236581 3.22412089 1.92938642 1.64774264 1.79227509
 3.05181875 1.8627222 ] REAL [0.53046807] FAKE [0.47743259] 
268 epoch LOSS [-1.28309084] Parameters [1.77640157 1.62235493 3.22430587 1.94012894 1.64772279 1.79228508
 3.05193133 1.87346529] REAL [0.53026335] FAKE [0.47728] 
269 epoch LOSS [-1.31289751] Parameters [1.776436   1.62238018 3.22437816 1.9515314  1.64756102 1.79233029
 3.05223587 1.88477092] REAL [0.51425525] FAKE [0.47683688] 
270 epoch LOSS [-1.30182766] Parameters [1.77641442 1.62241644 3.22471329 1.96364925 1.64761763 1.79234275
 3.05281382 1.89687272] REAL [0.51918726] FAKE [0.47603847] 
271 epoch LOSS [-1.31496818] Parameters [1.77635178 1.62239553 3.2248549  1.97636342 1.64774617 1.79242611
 3.05311747 1.90953342] REAL [0.5140658] FAKE [0.47772665] 
272 epoch LOSS [-1.29340568] Parameters [1.77642871 1.62242602 3.22487337 1.98976741 1.64779524 1.79240998
 3.05301043 1.9229361 ] REAL [0.52706303] FAKE [0.47950268] 
273 epoch LOSS [-1.30142188] Parameters [1.77653525 1.62243474 3.2251333  2.00380289 1.6478113  1.79250521
 3.05313495 1.9370356 ] REAL [0.52178537] FAKE [0.47843581] 
274 epoch LOSS [-1.30951495] Parameters [1.77650167 1.62232666 3.22542098 2.01858155 1.64801907 1.79251401
 3.05319829 1.95185789] REAL [0.51563466] FAKE [0.47646854] 
275 epoch LOSS [-1.30121926] Parameters [1.77638324 1.62230038 3.22535648 2.03405084 1.64788615 1.79246117
 3.05337189 1.9673281 ] REAL [0.52041138] FAKE [0.47695281] 
276 epoch LOSS [-1.3031047] Parameters [1.77633915 1.62216381 3.22540467 2.05011779 1.64794809 1.79248725
 3.05365219 1.98339776] REAL [0.52025238] FAKE [0.4777785] 
277 epoch LOSS [-1.26951363] Parameters [1.77634263 1.62219205 3.22557345 2.06682938 1.64797054 1.79252544
 3.05372131 2.00012382] REAL [0.53455431] FAKE [0.47438784] 
278 epoch LOSS [-1.29715302] Parameters [1.77631461 1.62211634 3.22536593 2.08406835 1.6479306  1.79249923
 3.05339177 2.0174538 ] REAL [0.5259915] FAKE [0.48039314] 
279 epoch LOSS [-1.28347725] Parameters [1.77618027 1.62226526 3.22531133 2.10190771 1.64785894 1.79234702
 3.05338251 2.03531479] REAL [0.53206114] FAKE [0.47924749] 
280 epoch LOSS [-1.30059235] Parameters [1.77634363 1.62223178 3.22549264 2.12023063 1.64772013 1.79217674
 3.05345663 2.05363055] REAL [0.5271248] FAKE [0.48329047] 
281 epoch LOSS [-1.29207658] Parameters [1.77606801 1.62207907 3.22514611 2.13897014 1.64758173 1.79217849
 3.05337972 2.07232055] REAL [0.52907527] FAKE [0.48079268] 
282 epoch LOSS [-1.30716024] Parameters [1.77604515 1.62214304 3.22504658 2.15804597 1.64748067 1.7919887
 3.05366728 2.09133651] REAL [0.52215869] FAKE [0.48179093] 
283 epoch LOSS [-1.33407035] Parameters [1.7761752  1.62216287 3.22510835 2.17739495 1.64736272 1.79193075
 3.05347234 2.11065633] REAL [0.5136445] FAKE [0.48718825] 
284 epoch LOSS [-1.30848409] Parameters [1.77633429 1.62206027 3.22525788 2.19692803 1.64735135 1.7919869
 3.05363613 2.13012315] REAL [0.52665551] FAKE [0.48689535] 
285 epoch LOSS [-1.34296629] Parameters [1.77616438 1.62195748 3.22533083 2.21657698 1.64735797 1.79208465
 3.05365496 2.14978689] REAL [0.5112086] FAKE [0.48930807] 
286 epoch LOSS [-1.32536579] Parameters [1.77609066 1.62195554 3.22501892 2.23620263 1.64731905 1.79208514
 3.05360482 2.16943852] REAL [0.52222147] FAKE [0.49120103] 
287 epoch LOSS [-1.32956745] Parameters [1.7758877  1.6221187  3.22536363 2.25580404 1.64731811 1.79241772
 3.0538866  2.1891086 ] REAL [0.51875392] FAKE [0.48994759] 
288 epoch LOSS [-1.36629688] Parameters [1.77588548 1.62223172 3.22522769 2.27510322 1.64733799 1.79246387
 3.0537278  2.20838342] REAL [0.50780506] FAKE [0.49774094] 
289 epoch LOSS [-1.35925586] Parameters [1.77571392 1.62210494 3.22589275 2.29430008 1.64733822 1.79244786
 3.05397249 2.22744988] REAL [0.50901081] FAKE [0.4953902] 
290 epoch LOSS [-1.38386923] Parameters [1.77575877 1.62213083 3.22618401 2.31323786 1.64746613 1.792533
 3.05390011 2.24640886] REAL [0.50091312] FAKE [0.49969964] 
291 epoch LOSS [-1.36619004] Parameters [1.77563199 1.62215304 3.22664115 2.33187188 1.64760098 1.79235698
 3.05423056 2.26495474] REAL [0.50579563] FAKE [0.49569168] 
292 epoch LOSS [-1.35201726] Parameters [1.77565217 1.62237761 3.22655207 2.34984574 1.64752432 1.79227287
 3.05393791 2.28293839] REAL [0.51744625] FAKE [0.50001023] 
293 epoch LOSS [-1.37371195] Parameters [1.77572234 1.6224522  3.22698871 2.36748422 1.64759855 1.79215959
 3.05435135 2.30057314] REAL [0.50645043] FAKE [0.50011796] 
294 epoch LOSS [-1.36931645] Parameters [1.77571333 1.62236961 3.22684531 2.38423591 1.647684   1.79209432
 3.05448955 2.31738931] REAL [0.50567968] FAKE [0.49715062] 
295 epoch LOSS [-1.37410769] Parameters [1.77577543 1.62219729 3.22671822 2.40032842 1.64758434 1.79228816
 3.05455059 2.33339596] REAL [0.50653268] FAKE [0.50039687] 
296 epoch LOSS [-1.40574477] Parameters [1.77575297 1.62214265 3.22690236 2.41587697 1.6475247  1.7921981
 3.05448493 2.34913514] REAL [0.49188592] FAKE [0.50154218] 
297 epoch LOSS [-1.38727366] Parameters [1.77578304 1.62226324 3.22705452 2.43049456 1.64759645 1.79236317
 3.05455116 2.36386845] REAL [0.50374278] FAKE [0.50420074] 
298 epoch LOSS [-1.40986283] Parameters [1.77573251 1.62230251 3.22723137 2.44455156 1.64759742 1.79246935
 3.0545472  2.377671  ] REAL [0.49337075] FAKE [0.50508462] 
299 epoch LOSS [-1.41241317] Parameters [1.77575946 1.62232878 3.22786678 2.45795072 1.64751513 1.79244599
 3.05495381 2.39099837] REAL [0.48884338] FAKE [0.50177327] 
300 epoch LOSS [-1.41011203] Parameters [1.77583721 1.62222548 3.22738396 2.47024421 1.64747608 1.79238535
 3.05480219 2.40334941] REAL [0.49308745] FAKE [0.50492366] 
301 epoch LOSS [-1.41183879] Parameters [1.77582456 1.62218556 3.22718229 2.48196967 1.64745112 1.79242239
 3.05461841 2.4152115 ] REAL [0.49293117] FAKE [0.5056211] 
302 epoch LOSS [-1.41085399] Parameters [1.7757414  1.62219072 3.22774803 2.49274234 1.64741279 1.79238847
 3.05489349 2.42588281] REAL [0.49157554] FAKE [0.5037693] 
303 epoch LOSS [-1.38725388] Parameters [1.77570971 1.62210231 3.22773641 2.50307861 1.64733226 1.79246795
 3.05451204 2.43618519] REAL [0.50463797] FAKE [0.50507047] 
304 epoch LOSS [-1.39285495] Parameters [1.7757396  1.62207351 3.22683161 2.51236123 1.64735594 1.7925305
 3.05360998 2.44544322] REAL [0.50055226] FAKE [0.50381761] 
305 epoch LOSS [-1.40538771] Parameters [1.77574935 1.62214174 3.22726187 2.52097669 1.64732319 1.79250721
 3.05392526 2.45426681] REAL [0.49501781] FAKE [0.50451895] 
306 epoch LOSS [-1.38790601] Parameters [1.77576055 1.62213501 3.22759659 2.52899562 1.64736427 1.79245468
 3.05422147 2.46232622] REAL [0.50331687] FAKE [0.50409488] 
307 epoch LOSS [-1.4048371] Parameters [1.77576049 1.62215012 3.22779187 2.53632149 1.64733074 1.79250538
 3.05449314 2.46977246] REAL [0.49450735] FAKE [0.50373431] 
308 epoch LOSS [-1.37956058] Parameters [1.77575748 1.62215585 3.22806573 2.54265466 1.6473258  1.79251727
 3.05491646 2.47623654] REAL [0.50662834] FAKE [0.50320757] 
309 epoch LOSS [-1.42494188] Parameters [1.77576345 1.62214798 3.22786411 2.54828245 1.64731573 1.79254213
 3.05499912 2.48194208] REAL [0.48430511] FAKE [0.50336588] 
310 epoch LOSS [-1.38655775] Parameters [1.77574871 1.62214259 3.22757597 2.5532563  1.64731262 1.792544
 3.05509968 2.48689121] REAL [0.5029481] FAKE [0.50306173] 
311 epoch LOSS [-1.37728157] Parameters [1.77574172 1.62214519 3.22717928 2.55769981 1.64730616 1.79255075
 3.0547767  2.49139458] REAL [0.5073418] FAKE [0.5027743] 
312 epoch LOSS [-1.40801501] Parameters [1.77574398 1.6221441  3.22745329 2.56137054 1.64730541 1.79257424
 3.05498516 2.49517227] REAL [0.49201474] FAKE [0.50280273] 
313 epoch LOSS [-1.3830817] Parameters [1.77574027 1.62214644 3.22733657 2.56456512 1.64731727 1.79257966
 3.05469163 2.49836452] REAL [0.50327761] FAKE [0.50165783] 
314 epoch LOSS [-1.39022972] Parameters [1.77573234 1.62213232 3.22711896 2.56702473 1.64733016 1.79257555
 3.05466205 2.50089483] REAL [0.49910902] FAKE [0.50107475] 
315 epoch LOSS [-1.40750426] Parameters [1.77576302 1.62213926 3.22737232 2.56911197 1.6473284  1.79258131
 3.05482739 2.50304117] REAL [0.49080103] FAKE [0.50131857] 
316 epoch LOSS [-1.36673038] Parameters [1.77576561 1.62214443 3.22711696 2.57041534 1.64733598 1.79257739
 3.05445123 2.50465255] REAL [0.50904425] FAKE [0.49918076] 
317 epoch LOSS [-1.39899448] Parameters [1.77576799 1.62212578 3.22757895 2.5714445  1.64733757 1.79259019
 3.05506348 2.5056208 ] REAL [0.49319685] FAKE [0.49949996] 
318 epoch LOSS [-1.37921251] Parameters [1.77577138 1.62213727 3.22790105 2.57147993 1.64735179 1.79258018
 3.05541247 2.5056373 ] REAL [0.50179704] FAKE [0.49824984] 
319 epoch LOSS [-1.40585156] Parameters [1.77580679 1.62216683 3.22802373 2.5712052  1.64740142 1.7926248
 3.05570285 2.50539442] REAL [0.48899119] FAKE [0.49864496] 
320 epoch LOSS [-1.37110298] Parameters [1.77580781 1.62218385 3.22837974 2.5704456  1.64743635 1.79261087
 3.05594142 2.504676  ] REAL [0.50532536] FAKE [0.49769622] 
321 epoch LOSS [-1.3961876] Parameters [1.7758435  1.62213912 3.22849591 2.56942461 1.64742146 1.79257948
 3.0558278  2.50354282] REAL [0.4937726] FAKE [0.49867837] 
322 epoch LOSS [-1.36312828] Parameters [1.77584555 1.62211959 3.22842447 2.56757062 1.64734918 1.79262262
 3.05573673 2.50196974] REAL [0.5093069] FAKE [0.49763272] 
323 epoch LOSS [-1.37366327] Parameters [1.77578197 1.62211473 3.22796419 2.56542298 1.64727725 1.79267076
 3.0555044  2.49993815] REAL [0.50486826] FAKE [0.498527] 
324 epoch LOSS [-1.39504697] Parameters [1.7757047  1.6220204  3.22795441 2.56281106 1.64723131 1.79274944
 3.05531497 2.49740862] REAL [0.49203063] FAKE [0.49632934] 
325 epoch LOSS [-1.37769439] Parameters [1.77573587 1.62198648 3.22833121 2.55971271 1.64720004 1.79282053
 3.05555208 2.4944666 ] REAL [0.50120094] FAKE [0.49688988] 
326 epoch LOSS [-1.35938622] Parameters [1.77573574 1.62198566 3.22798957 2.55641819 1.64722103 1.79286248
 3.05526642 2.49122711] REAL [0.50998475] FAKE [0.49641953] 
327 epoch LOSS [-1.3832457] Parameters [1.77577119 1.62209086 3.22815269 2.55286239 1.64730227 1.79285808
 3.05504217 2.48768755] REAL [0.49640994] FAKE [0.49484628] 
328 epoch LOSS [-1.39406816] Parameters [1.77574924 1.6220563  3.22822257 2.54886931 1.64725482 1.79283482
 3.05527266 2.48371449] REAL [0.49198987] FAKE [0.49579432] 
329 epoch LOSS [-1.36844412] Parameters [1.77569638 1.62204275 3.22778111 2.54442327 1.64731939 1.79286721
 3.05498366 2.47934797] REAL [0.50529692] FAKE [0.49633054] 
330 epoch LOSS [-1.37174258] Parameters [1.77571001 1.62201849 3.22746527 2.53999916 1.64741889 1.79287985
 3.05481517 2.47485123] REAL [0.5047344] FAKE [0.49742965] 
331 epoch LOSS [-1.3613158] Parameters [1.77573718 1.62199156 3.22787784 2.53515396 1.647395   1.79294801
 3.05502973 2.47003423] REAL [0.5084153] FAKE [0.49583876] 
332 epoch LOSS [-1.35219913] Parameters [1.77570117 1.62190339 3.22811906 2.52999204 1.64742861 1.79292104
 3.05533019 2.46476576] REAL [0.51374947] FAKE [0.49650404] 
333 epoch LOSS [-1.37648036] Parameters [1.77573888 1.62189709 3.22779275 2.52486159 1.64748189 1.79287511
 3.05510986 2.4597373 ] REAL [0.50121521] FAKE [0.49629306] 
334 epoch LOSS [-1.35606675] Parameters [1.77563693 1.62186516 3.22768585 2.51942672 1.64736563 1.79288844
 3.05486134 2.4542928 ] REAL [0.50932232] FAKE [0.49408799] 
335 epoch LOSS [-1.39232888] Parameters [1.77565149 1.62192752 3.22776531 2.51375725 1.64739568 1.79287205
 3.05517713 2.44850801] REAL [0.49323996] FAKE [0.49619671] 
336 epoch LOSS [-1.36846544] Parameters [1.77564009 1.62193366 3.2278085  2.50831911 1.64745476 1.79285513
 3.05506887 2.4431538 ] REAL [0.50557602] FAKE [0.49661932] 
337 epoch LOSS [-1.35549301] Parameters [1.77567657 1.622004   3.22758607 2.50250132 1.64758659 1.79283857
 3.05460585 2.43740136] REAL [0.51178992] FAKE [0.49623831] 
338 epoch LOSS [-1.39388789] Parameters [1.77565895 1.62190989 3.22742525 2.49664041 1.64755909 1.79280356
 3.05452489 2.43149938] REAL [0.48970686] FAKE [0.4933524] 
339 epoch LOSS [-1.3754175] Parameters [1.77561263 1.62190689 3.22752479 2.49091507 1.64752227 1.79272902
 3.05454729 2.42574646] REAL [0.50076644] FAKE [0.49530553] 
340 epoch LOSS [-1.38349417] Parameters [1.77562275 1.62194582 3.22792418 2.48494905 1.64751335 1.79272172
 3.05522294 2.41961067] REAL [0.49627052] FAKE [0.4948299] 
341 epoch LOSS [-1.36115871] Parameters [1.7756584  1.62191932 3.2281796  2.47889867 1.64749067 1.79271373
 3.05560334 2.41358775] REAL [0.50849837] FAKE [0.49584194] 
342 epoch LOSS [-1.36474691] Parameters [1.77569868 1.62189456 3.22844839 2.47289892 1.64747272 1.79273873
 3.05580912 2.40726297] REAL [0.50571741] FAKE [0.49488526] 
343 epoch LOSS [-1.38889469] Parameters [1.7757781  1.62193291 3.22849604 2.46683679 1.64749798 1.7926753
 3.05554038 2.40108302] REAL [0.4948866] FAKE [0.49614566] 
344 epoch LOSS [-1.3988369] Parameters [1.77578442 1.62190401 3.22859329 2.46110363 1.64751897 1.79270939
 3.05538003 2.39520992] REAL [0.4923101] FAKE [0.49851943] 
345 epoch LOSS [-1.38217233] Parameters [1.77578228 1.62186936 3.22859648 2.4551433  1.64757886 1.79267847
 3.05525148 2.38922158] REAL [0.49929028] FAKE [0.49722107] 
346 epoch LOSS [-1.3744847] Parameters [1.77573682 1.62189212 3.22888024 2.44932612 1.64761078 1.79269453
 3.0555211  2.38330172] REAL [0.50471524] FAKE [0.49878684] 
347 epoch LOSS [-1.38508072] Parameters [1.77574262 1.62183226 3.22920791 2.44339232 1.6475386  1.79263149
 3.05578986 2.37744394] REAL [0.49936704] FAKE [0.49875828] 
348 epoch LOSS [-1.39939448] Parameters [1.77568343 1.62182506 3.22934585 2.43742802 1.64756797 1.7925806
 3.05573834 2.37133511] REAL [0.49224373] FAKE [0.4987314] 
349 epoch LOSS [-1.36036479] Parameters [1.77567547 1.62184754 3.22893772 2.43202974 1.64756602 1.79260989
 3.05540744 2.36579417] REAL [0.51270935] FAKE [0.49958556] 
350 epoch LOSS [-1.37681285] Parameters [1.77566381 1.62186065 3.2290112  2.42643775 1.64757057 1.79259328
 3.05528112 2.36018468] REAL [0.50336597] FAKE [0.49861202] 
351 epoch LOSS [-1.37805038] Parameters [1.7756141  1.62187494 3.2291564  2.42117738 1.64750406 1.79261391
 3.05515296 2.35485002] REAL [0.50207719] FAKE [0.49794669] 
352 epoch LOSS [-1.36209075] Parameters [1.77561571 1.62192637 3.22949356 2.41585814 1.64748415 1.79254629
 3.055144   2.34951522] REAL [0.51043811] FAKE [0.49822571] 
353 epoch LOSS [-1.38292556] Parameters [1.77563836 1.62196478 3.22981957 2.41070245 1.64747486 1.79255763
 3.05524731 2.344379  ] REAL [0.49831097] FAKE [0.49661228] 
354 epoch LOSS [-1.38033558] Parameters [1.77564801 1.62194935 3.22970359 2.40592381 1.64748763 1.79256868
 3.05507979 2.33969624] REAL [0.50155608] FAKE [0.49857224] 
355 epoch LOSS [-1.38567173] Parameters [1.77565335 1.62190269 3.2297663  2.40128241 1.64752473 1.79254618
 3.05520684 2.33507943] REAL [0.49935894] FAKE [0.49904631] 
356 epoch LOSS [-1.40965054] Parameters [1.77565642 1.62193071 3.22992617 2.39635362 1.64752318 1.79259488
 3.05535753 2.33056919] REAL [0.48727917] FAKE [0.49879119] 
357 epoch LOSS [-1.40587766] Parameters [1.77568203 1.62192517 3.2295412  2.39182872 1.6475024  1.79260358
 3.05508958 2.32623941] REAL [0.48878371] FAKE [0.49844523] 
358 epoch LOSS [-1.39748532] Parameters [1.77571438 1.62194108 3.22938029 2.38764162 1.6474852  1.79261703
 3.05510596 2.32197679] REAL [0.49241603] FAKE [0.49794921] 
359 epoch LOSS [-1.38826513] Parameters [1.77570012 1.62197088 3.22965881 2.3836168  1.64749625 1.79259303
 3.05529342 2.31771756] REAL [0.49809488] FAKE [0.49907578] 
360 epoch LOSS [-1.38661622] Parameters [1.77571904 1.62199402 3.22905978 2.3798132  1.64750034 1.79258841
 3.0548544  2.31382484] REAL [0.49839289] FAKE [0.49854913] 
361 epoch LOSS [-1.35801332] Parameters [1.77572076 1.62199227 3.22885139 2.37606289 1.64748088 1.79259063
 3.05487615 2.31005272] REAL [0.51325971] FAKE [0.49894531] 
362 epoch LOSS [-1.36435897] Parameters [1.77571533 1.62199552 3.22897048 2.37290516 1.64748824 1.79260039
 3.0548896  2.30684997] REAL [0.51084961] FAKE [0.49976582] 
363 epoch LOSS [-1.40904233] Parameters [1.77571042 1.62201598 3.22914242 2.36957907 1.64750705 1.79262082
 3.05507043 2.30349777] REAL [0.48862636] FAKE [0.49986897] 
364 epoch LOSS [-1.37774369] Parameters [1.77571306 1.62200085 3.22880775 2.36660273 1.64750801 1.79260909
 3.05484211 2.30049976] REAL [0.50404857] FAKE [0.49975687] 
365 epoch LOSS [-1.37461621] Parameters [1.77570668 1.62200005 3.22892515 2.36363399 1.64751924 1.79261906
 3.05462492 2.29747134] REAL [0.50533075] FAKE [0.49946316] 
366 epoch LOSS [-1.37370709] Parameters [1.77570171 1.62201234 3.22889183 2.36068109 1.64750066 1.79263
 3.05461915 2.29453609] REAL [0.50640186] FAKE [0.50006758] 
367 epoch LOSS [-1.38075599] Parameters [1.77569358 1.62201902 3.22893836 2.35837666 1.64750346 1.79262571
 3.05459838 2.2922666 ] REAL [0.50208575] FAKE [0.49931175] 
368 epoch LOSS [-1.40589398] Parameters [1.77569408 1.62201778 3.22901137 2.356214   1.64750718 1.79263096
 3.05457058 2.29018408] REAL [0.49043987] FAKE [0.50014708] 
369 epoch LOSS [-1.37708037] Parameters [1.77567886 1.622009   3.22921981 2.35445558 1.64751166 1.79263433
 3.05452266 2.28835564] REAL [0.50438044] FAKE [0.49975431] 
370 epoch LOSS [-1.37898012] Parameters [1.77567847 1.62201273 3.22884116 2.3523016  1.64750797 1.79263161
 3.05440245 2.28624921] REAL [0.50393721] FAKE [0.5002646] 
371 epoch LOSS [-1.37261907] Parameters [1.77568498 1.62201072 3.22853758 2.3507497  1.6475182  1.79263465
 3.05418653 2.28452991] REAL [0.50659429] FAKE [0.49971345] 
372 epoch LOSS [-1.38072827] Parameters [1.77569565 1.62200285 3.22823744 2.34935197 1.6475226  1.79264344
 3.05370078 2.28299143] REAL [0.50208207] FAKE [0.49929421] 
373 epoch LOSS [-1.3866074] Parameters [1.77570188 1.62199927 3.22809374 2.34804626 1.64753347 1.79265146
 3.0537849  2.28184112] REAL [0.50031756] FAKE [0.50047376] 
374 epoch LOSS [-1.37238403] Parameters [1.77569916 1.62200105 3.22815216 2.34683903 1.64753388 1.7926518
 3.053866   2.28087433] REAL [0.50784353] FAKE [0.5008268] 
375 epoch LOSS [-1.35837967] Parameters [1.7756916  1.62199624 3.22822912 2.34581177 1.64752971 1.79266579
 3.05379761 2.27993222] REAL [0.51425977] FAKE [0.50010286] 
376 epoch LOSS [-1.37727236] Parameters [1.77568642 1.62199761 3.22813387 2.34508972 1.64753068 1.79267771
 3.05402463 2.27895724] REAL [0.50462056] FAKE [0.50008833] 
377 epoch LOSS [-1.39492639] Parameters [1.77566933 1.62198614 3.22844195 2.34471248 1.64752172 1.79266877
 3.05435236 2.27853223] REAL [0.49561394] FAKE [0.4999106] 
378 epoch LOSS [-1.35825001] Parameters [1.77565894 1.62199636 3.22873536 2.34426328 1.64752476 1.79267553
 3.05473362 2.27800462] REAL [0.51305099] FAKE [0.4988601] 
379 epoch LOSS [-1.38895349] Parameters [1.7756593  1.6219898  3.2287261  2.34377416 1.64751966 1.7926847
 3.05464433 2.27746828] REAL [0.49772759] FAKE [0.49905107] 
380 epoch LOSS [-1.36683956] Parameters [1.77563995 1.62197655 3.22859232 2.34371111 1.64753408 1.79268483
 3.05490912 2.2773307 ] REAL [0.50805711] FAKE [0.49826247] 
381 epoch LOSS [-1.38409288] Parameters [1.77559291 1.621954   3.22839738 2.34411854 1.64755437 1.79266852
 3.05452131 2.277578  ] REAL [0.49931197] FAKE [0.49820755] 
382 epoch LOSS [-1.38248406] Parameters [1.77558173 1.62196685 3.22873168 2.34402425 1.64754668 1.79265558
 3.0544931  2.27752908] REAL [0.50145367] FAKE [0.49954621] 
383 epoch LOSS [-1.36979748] Parameters [1.77559224 1.62198247 3.22837862 2.34426798 1.64754276 1.79265254
 3.05405259 2.27768405] REAL [0.50760652] FAKE [0.49930031] 
384 epoch LOSS [-1.35872639] Parameters [1.77558863 1.62197925 3.22862064 2.34464097 1.64752468 1.79265605
 3.05418653 2.2780961 ] REAL [0.5136659] FAKE [0.4996984] 
385 epoch LOSS [-1.36369682] Parameters [1.77557262 1.62200814 3.2283328  2.34473235 1.64752344 1.79264955
 3.05369195 2.27816758] REAL [0.51123975] FAKE [0.49981648] 
386 epoch LOSS [-1.37363468] Parameters [1.77555784 1.62197205 3.22803156 2.34536649 1.6475222  1.7926583
 3.05346326 2.27860602] REAL [0.50440125] FAKE [0.49804836] 
387 epoch LOSS [-1.40843296] Parameters [1.77558861 1.62196614 3.22850803 2.34579377 1.6475309  1.79264348
 3.05372032 2.27909081] REAL [0.48860848] FAKE [0.4995458] 
388 epoch LOSS [-1.37232503] Parameters [1.77559888 1.62194408 3.2287631  2.34606459 1.64752559 1.79263998
 3.05384129 2.27973816] REAL [0.50546453] FAKE [0.49844782] 
389 epoch LOSS [-1.40923118] Parameters [1.77562284 1.62194186 3.22893581 2.34704846 1.64753399 1.79262185
 3.0540843  2.28067983] REAL [0.48788261] FAKE [0.49920113] 
390 epoch LOSS [-1.3630978] Parameters [1.77560666 1.62192312 3.22868054 2.34793914 1.64750815 1.79263713
 3.05375246 2.28156542] REAL [0.51049485] FAKE [0.49878648] 
391 epoch LOSS [-1.40738663] Parameters [1.7756109  1.62191047 3.22861647 2.34885989 1.64750385 1.7926398
 3.05342907 2.28250381] REAL [0.48878785] FAKE [0.49920573] 
392 epoch LOSS [-1.38797364] Parameters [1.77558676 1.62193164 3.22851866 2.34976347 1.64750786 1.79267066
 3.05311691 2.28356866] REAL [0.49926783] FAKE [0.50010692] 
393 epoch LOSS [-1.35711941] Parameters [1.7755672  1.62192311 3.22882919 2.35082972 1.64752517 1.79266544
 3.05286329 2.28466569] REAL [0.51426324] FAKE [0.49947584] 
394 epoch LOSS [-1.37668971] Parameters [1.77558225 1.62191011 3.22927257 2.35207085 1.64750625 1.79267956
 3.05313405 2.28599889] REAL [0.50446603] FAKE [0.49964375] 
395 epoch LOSS [-1.39199005] Parameters [1.77560782 1.62190677 3.22909012 2.35332175 1.64753193 1.79265987
 3.05294609 2.28724397] REAL [0.49644958] FAKE [0.49928425] 
396 epoch LOSS [-1.36694774] Parameters [1.77561398 1.62189715 3.22959078 2.35460521 1.64755338 1.79266153
 3.05347365 2.28855347] REAL [0.50950675] FAKE [0.49974413] 
397 epoch LOSS [-1.37760293] Parameters [1.77561719 1.6218949  3.22955809 2.35616147 1.64758499 1.79264632
 3.05325517 2.29004602] REAL [0.50396773] FAKE [0.4996062] 
398 epoch LOSS [-1.3839444] Parameters [1.77561599 1.62191149 3.23022821 2.35753002 1.64757735 1.79263272
 3.05376154 2.29144282] REAL [0.50076919] FAKE [0.49959345] 
399 epoch LOSS [-1.35935402] Parameters [1.77560916 1.62190292 3.2305164  2.3587598  1.64759212 1.79264338
 3.05378602 2.29261361] REAL [0.51358321] FAKE [0.49993181] 
