RUN 07_12_2021__22_25_53 
0 epoch LOSS [-1.08738162] Parameters [1.67193288 1.45199428 1.40638933 1.65597019 1.72794784 1.52697201
 1.50796472 1.64217496] REAL [0.37790951] FAKE [0.10799284] 
1 epoch LOSS [-0.95362663] Parameters [1.6719218  1.45199772 1.40461093 1.65758207 1.72795405 1.52697265
 1.50607664 1.6437805 ] REAL [0.44766557] FAKE [0.13922128] 
2 epoch LOSS [-0.8532252] Parameters [1.67194067 1.45200121 1.40208006 1.65959728 1.72796162 1.52699695
 1.50362831 1.64579731] REAL [0.510548] FAKE [0.16552674] 
3 epoch LOSS [-0.8199018] Parameters [1.67193219 1.45199607 1.39891798 1.66247999 1.72794223 1.52701274
 1.50051576 1.64873201] REAL [0.54305714] FAKE [0.18889768] 
4 epoch LOSS [-0.78210714] Parameters [1.67192552 1.45199184 1.39511444 1.66605209 1.72794014 1.52702819
 1.49681488 1.65226538] REAL [0.57745941] FAKE [0.20783852] 
5 epoch LOSS [-0.7247636] Parameters [1.67191819 1.45198323 1.39069963 1.67025605 1.72788772 1.52702938
 1.49231918 1.65623961] REAL [0.62052945] FAKE [0.21931332] 
6 epoch LOSS [-0.70961857] Parameters [1.67196382 1.45199657 1.38562171 1.67509778 1.72784706 1.52704247
 1.48712298 1.66116916] REAL [0.6388087] FAKE [0.23007973] 
7 epoch LOSS [-0.68651041] Parameters [1.67193474 1.45201346 1.38010807 1.67990806 1.72787088 1.52707343
 1.48164794 1.66604942] REAL [0.65906272] FAKE [0.2362951] 
8 epoch LOSS [-0.70014692] Parameters [1.67193544 1.45196481 1.37409388 1.68555585 1.72788411 1.52708399
 1.47561106 1.67187676] REAL [0.65377261] FAKE [0.24054275] 
9 epoch LOSS [-0.67595969] Parameters [1.67194068 1.45199124 1.36749319 1.69165982 1.72786739 1.52712991
 1.46903281 1.67805558] REAL [0.67160995] FAKE [0.24261393] 
10 epoch LOSS [-0.66678749] Parameters [1.6719679  1.45198624 1.36017021 1.69824904 1.72787224 1.52713758
 1.46187102 1.68471302] REAL [0.67885715] FAKE [0.24379512] 
11 epoch LOSS [-0.65006616] Parameters [1.67201237 1.45198022 1.351999   1.70516297 1.72783642 1.5271132
 1.45379621 1.69173751] REAL [0.69119021] FAKE [0.24476471] 
12 epoch LOSS [-0.65347527] Parameters [1.67198204 1.4519947  1.34336093 1.71331937 1.72786872 1.5271126
 1.44534393 1.69966111] REAL [0.69004454] FAKE [0.24608537] 
13 epoch LOSS [-0.62622292] Parameters [1.67191644 1.45196557 1.33433595 1.72161891 1.72786212 1.52709148
 1.43614528 1.70801821] REAL [0.70556376] FAKE [0.24229775] 
14 epoch LOSS [-0.62325833] Parameters [1.6719576  1.45188398 1.32465369 1.73039744 1.72784791 1.52713886
 1.42651302 1.71687875] REAL [0.70804645] FAKE [0.24271284] 
15 epoch LOSS [-0.60168687] Parameters [1.67208703 1.45186448 1.31411542 1.74023062 1.72782379 1.52708934
 1.41587324 1.72655838] REAL [0.72240703] FAKE [0.2415818] 
16 epoch LOSS [-0.61172877] Parameters [1.67206426 1.45176635 1.30275179 1.75047848 1.72788782 1.52709395
 1.40472366 1.73693583] REAL [0.71307579] FAKE [0.23933423] 
17 epoch LOSS [-0.59888001] Parameters [1.67207489 1.4517327  1.29095682 1.76126446 1.72791727 1.52702667
 1.39295629 1.74783489] REAL [0.72038526] FAKE [0.23731554] 
18 epoch LOSS [-0.60166839] Parameters [1.67215288 1.45185847 1.2779832  1.77359934 1.72787977 1.52710293
 1.37999364 1.76017161] REAL [0.7207872] FAKE [0.23986335] 
19 epoch LOSS [-0.59396751] Parameters [1.67222102 1.45185995 1.26397883 1.78665068 1.72795023 1.52708077
 1.36651694 1.77311168] REAL [0.72398953] FAKE [0.23737524] 
20 epoch LOSS [-0.58182772] Parameters [1.67240727 1.45180143 1.2486309  1.8002888  1.72783689 1.52720648
 1.35137197 1.78693451] REAL [0.73156929] FAKE [0.23605874] 
21 epoch LOSS [-0.57581801] Parameters [1.67240209 1.45184399 1.23184553 1.81517854 1.72788825 1.52723016
 1.3348563  1.80187494] REAL [0.73320897] FAKE [0.23317256] 
22 epoch LOSS [-0.56292672] Parameters [1.67245136 1.45182966 1.21370762 1.83124713 1.72792437 1.52735346
 1.31677283 1.8181642 ] REAL [0.74565662] FAKE [0.23619033] 
23 epoch LOSS [-0.54358409] Parameters [1.67249309 1.45187038 1.19390892 1.84985049 1.72789986 1.5274784
 1.29716231 1.83626917] REAL [0.75592757] FAKE [0.23185316] 
24 epoch LOSS [-0.55528142] Parameters [1.67248594 1.45183632 1.17227969 1.86961094 1.72795543 1.52736903
 1.27579083 1.85614207] REAL [0.75199478] FAKE [0.23681555] 
25 epoch LOSS [-0.56038325] Parameters [1.67242131 1.45198973 1.14829652 1.89116434 1.72805319 1.52741409
 1.25216439 1.87801482] REAL [0.7482566] FAKE [0.23690591] 
26 epoch LOSS [-0.55235639] Parameters [1.67244791 1.45201746 1.12204205 1.91537295 1.72814711 1.52762111
 1.22598875 1.90227301] REAL [0.75537747] FAKE [0.2380076] 
27 epoch LOSS [-0.56962442] Parameters [1.67239906 1.45226187 1.0926757  1.94239845 1.72819287 1.52773628
 1.19679013 1.92935693] REAL [0.75216105] FAKE [0.24785008] 
28 epoch LOSS [-0.56945285] Parameters [1.67245127 1.45216591 1.06049583 1.97239696 1.7281281  1.52783758
 1.16428744 1.95877761] REAL [0.74059449] FAKE [0.23597197] 
29 epoch LOSS [-0.57912504] Parameters [1.67267629 1.45237336 1.02351176 2.00578932 1.72802271 1.52795717
 1.12832886 1.99243593] REAL [0.75027674] FAKE [0.25309098] 
30 epoch LOSS [-0.59718179] Parameters [1.67262558 1.45236197 0.98228208 2.04443416 1.72794873 1.52766104
 1.08686387 2.03095581] REAL [0.74347502] FAKE [0.25974584] 
31 epoch LOSS [-0.6240563] Parameters [1.67281397 1.45306299 0.93599775 2.08697572 1.72754457 1.52763385
 1.04070532 2.07419669] REAL [0.73227265] FAKE [0.26835067] 
32 epoch LOSS [-0.6835934] Parameters [1.67281898 1.45326968 0.88472244 2.13502835 1.72760312 1.52762106
 0.98846459 2.12243622] REAL [0.7230221] FAKE [0.3018197] 
33 epoch LOSS [-0.71121135] Parameters [1.67259176 1.45291258 0.82840345 2.18883261 1.72749511 1.52771964
 0.93130525 2.17621657] REAL [0.7319058] FAKE [0.32908169] 
34 epoch LOSS [-0.79204182] Parameters [1.67262881 1.45329413 0.76589767 2.24769697 1.72772038 1.52816163
 0.86822797 2.23556213] REAL [0.69889908] FAKE [0.35195355] 
35 epoch LOSS [-0.84709283] Parameters [1.67276825 1.45395253 0.70013589 2.30981976 1.72711523 1.5283808
 0.80234663 2.29729111] REAL [0.69151883] FAKE [0.38011911] 
36 epoch LOSS [-0.92051038] Parameters [1.67361548 1.45342493 0.63257795 2.37383357 1.72782799 1.52971729
 0.73428621 2.36111945] REAL [0.66678497] FAKE [0.40263246] 
37 epoch LOSS [-1.06016199] Parameters [1.67321678 1.45360318 0.56519805 2.43719216 1.72763719 1.52977772
 0.66744497 2.42543469] REAL [0.63373562] FAKE [0.45340031] 
38 epoch LOSS [-1.16432608] Parameters [1.67349531 1.45286597 0.50263436 2.49791701 1.72778465 1.53132831
 0.60463108 2.48555355] REAL [0.60400074] FAKE [0.48322424] 
39 epoch LOSS [-1.23099362] Parameters [1.67323491 1.45278194 0.4454467  2.55338478 1.72776397 1.53197473
 0.54721101 2.54135587] REAL [0.5902891] FAKE [0.50532325] 
40 epoch LOSS [-1.33245488] Parameters [1.67357048 1.45251979 0.39468978 2.60257463 1.72723161 1.53213582
 0.49592244 2.59080183] REAL [0.54126484] FAKE [0.51256986] 
41 epoch LOSS [-1.3633794] Parameters [1.67350867 1.45241502 0.35001367 2.64531912 1.72744194 1.53200785
 0.45146728 2.63371253] REAL [0.53908281] FAKE [0.52549984] 
42 epoch LOSS [-1.40517353] Parameters [1.67361833 1.45269479 0.31111385 2.68301977 1.72704995 1.53226995
 0.41332336 2.67183696] REAL [0.515763] FAKE [0.52434649] 
43 epoch LOSS [-1.4209513] Parameters [1.67401655 1.4525515  0.27829838 2.71555294 1.72731891 1.53199312
 0.38023481 2.70417707] REAL [0.51223785] FAKE [0.5285702] 
44 epoch LOSS [-1.41550788] Parameters [1.67391663 1.45262306 0.24985494 2.74334042 1.7272062  1.53187682
 0.35226476 2.7319126 ] REAL [0.5167885] FAKE [0.53017092] 
45 epoch LOSS [-1.4870074] Parameters [1.67382285 1.45255889 0.22517126 2.76756137 1.72732334 1.53196744
 0.32724404 2.75614266] REAL [0.48216126] FAKE [0.53117736] 
46 epoch LOSS [-1.49141545] Parameters [1.67394626 1.45244796 0.20322913 2.78867806 1.72742541 1.53196603
 0.30504579 2.77737009] REAL [0.47920333] FAKE [0.53035828] 
47 epoch LOSS [-1.49556783] Parameters [1.67383712 1.45246111 0.18377959 2.80708255 1.72751884 1.5321657
 0.28562149 2.79575203] REAL [0.47796122] FAKE [0.53108893] 
48 epoch LOSS [-1.46673126] Parameters [1.67354531 1.45236102 0.16612509 2.82343784 1.7275119  1.5323493
 0.26804289 2.8121228 ] REAL [0.48678324] FAKE [0.52611704] 
49 epoch LOSS [-1.4470246] Parameters [1.6736345  1.45225288 0.15042338 2.83770597 1.72756132 1.5323972
 0.25218639 2.82652834] REAL [0.49560285] FAKE [0.52528669] 
50 epoch LOSS [-1.46789393] Parameters [1.67375466 1.45214984 0.13685601 2.8505633  1.72742453 1.53246766
 0.23869695 2.83873038] REAL [0.48425844] FAKE [0.52419986] 
51 epoch LOSS [-1.4883973] Parameters [1.67377943 1.45226828 0.12477022 2.86132027 1.72739549 1.53243796
 0.22658991 2.84980035] REAL [0.46801012] FAKE [0.5176725] 
52 epoch LOSS [-1.46498604] Parameters [1.67385307 1.45215688 0.1136035  2.87049343 1.72741733 1.53247319
 0.21583217 2.858991  ] REAL [0.47606552] FAKE [0.51460207] 
53 epoch LOSS [-1.45242346] Parameters [1.67385515 1.45216095 0.1038526  2.87864699 1.72737695 1.53247307
 0.20600642 2.86708854] REAL [0.48194872] FAKE [0.51446597] 
54 epoch LOSS [-1.48931833] Parameters [1.6738218  1.45219459 0.09481408 2.88569105 1.72739276 1.53245844
 0.19688326 2.87408203] REAL [0.46469071] FAKE [0.51467432] 
55 epoch LOSS [-1.42996469] Parameters [1.67381138 1.452117   0.0868813  2.8917698  1.72743795 1.53249402
 0.18882372 2.88006599] REAL [0.48612409] FAKE [0.50770312] 
56 epoch LOSS [-1.42125135] Parameters [1.6737275  1.45215942 0.07912564 2.89702731 1.72750214 1.53248673
 0.1812725  2.8852406 ] REAL [0.48876987] FAKE [0.50608302] 
57 epoch LOSS [-1.41961845] Parameters [1.67363663 1.45210047 0.07249666 2.9011836  1.7274685  1.53251928
 0.17447611 2.88952143] REAL [0.48679102] FAKE [0.50326475] 
58 epoch LOSS [-1.43772608] Parameters [1.6735923  1.45210992 0.06586317 2.90477534 1.72748562 1.53252594
 0.1680545  2.89300882] REAL [0.47579355] FAKE [0.50090301] 
59 epoch LOSS [-1.41448485] Parameters [1.67358408 1.45209705 0.0601714  2.90746731 1.72752944 1.53254251
 0.16231948 2.89569935] REAL [0.48361303] FAKE [0.49742712] 
60 epoch LOSS [-1.40141387] Parameters [1.67360336 1.45206188 0.05485321 2.90956887 1.72755364 1.53253949
 0.15672908 2.89768488] REAL [0.48734895] FAKE [0.4947182] 
61 epoch LOSS [-1.37819862] Parameters [1.67362607 1.45203281 0.04989865 2.91103484 1.72753373 1.53247641
 0.15165138 2.89909582] REAL [0.49568507] FAKE [0.49154783] 
62 epoch LOSS [-1.34665892] Parameters [1.67363003 1.45204532 0.04516098 2.91180558 1.72752895 1.53249547
 0.14698739 2.90000566] REAL [0.50930943] FAKE [0.48929308] 
63 epoch LOSS [-1.40506352] Parameters [1.67366657 1.45202901 0.04104104 2.91191652 1.72751263 1.53248443
 0.14272264 2.90022242] REAL [0.47883749] FAKE [0.48761015] 
64 epoch LOSS [-1.35309408] Parameters [1.67367228 1.45201723 0.0369398  2.91149297 1.72749573 1.53248916
 0.13901414 2.89970849] REAL [0.50170354] FAKE [0.48487629] 
65 epoch LOSS [-1.36675201] Parameters [1.6736725  1.45196772 0.03329677 2.91034415 1.72751945 1.53246924
 0.13539122 2.8985072 ] REAL [0.49201635] FAKE [0.48185942] 
66 epoch LOSS [-1.38763019] Parameters [1.67367644 1.45197004 0.0300279  2.90869041 1.72754662 1.53248613
 0.13181666 2.89690188] REAL [0.48045424] FAKE [0.4803537] 
67 epoch LOSS [-1.33836688] Parameters [1.67367202 1.45196243 0.02684217 2.90633857 1.72755667 1.53244863
 0.12853728 2.89461451] REAL [0.50281285] FAKE [0.47838716] 
68 epoch LOSS [-1.32786372] Parameters [1.67366521 1.45196622 0.02389873 2.90341818 1.72760091 1.53238934
 0.1256415  2.8917833 ] REAL [0.50426386] FAKE [0.47439648] 
69 epoch LOSS [-1.31235306] Parameters [1.67362686 1.45198779 0.02114703 2.89978649 1.72760731 1.53236244
 0.1229442  2.88823566] REAL [0.50973011] FAKE [0.47190504] 
70 epoch LOSS [-1.29583872] Parameters [1.6736778  1.45202708 0.0184926  2.89551358 1.72759926 1.53233252
 0.12019248 2.88407717] REAL [0.51561625] FAKE [0.46924047] 
71 epoch LOSS [-1.34727489] Parameters [1.67369501 1.45202637 0.01614417 2.89065378 1.72762087 1.53232437
 0.11784622 2.87926715] REAL [0.48958645] FAKE [0.46904641] 
72 epoch LOSS [-1.33600581] Parameters [1.67366465 1.45197767 0.01387254 2.88501448 1.7276383  1.53236132
 0.11545815 2.87362216] REAL [0.49238311] FAKE [0.46607913] 
73 epoch LOSS [-1.31900179] Parameters [1.67365975 1.45204249 0.0115945  2.878764   1.72765879 1.53232554
 0.11309632 2.86737204] REAL [0.49818536] FAKE [0.46324779] 
74 epoch LOSS [-1.30361235] Parameters [1.67360643 1.45203332 0.00914247 2.87182815 1.72766303 1.53229791
 0.11067599 2.86046839] REAL [0.50481585] FAKE [0.46208287] 
75 epoch LOSS [-1.27887775] Parameters [1.6736668  1.45200533 0.00685383 2.86393698 1.72770566 1.53225544
 0.10860054 2.8525878 ] REAL [0.51470191] FAKE [0.4592025] 
76 epoch LOSS [-1.31628677] Parameters [1.67371277 1.4519997  0.00496294 2.85535007 1.72768229 1.53234214
 0.10666631 2.84397984] REAL [0.49532208] FAKE [0.45867731] 
77 epoch LOSS [-1.24681268] Parameters [1.6737889  1.45199428 0.00301014 2.84569358 1.72780063 1.53231154
 0.10464212 2.83439782] REAL [0.52872704] FAKE [0.45639354] 
78 epoch LOSS [-1.24109962] Parameters [1.67380457e+00 1.45200616e+00 1.07747151e-03 2.83518680e+00
 1.72786259e+00 1.53237615e+00 1.02870087e-01 2.82377121e+00] REAL [0.53193626] FAKE [0.45657741] 
79 epoch LOSS [-1.26188578] Parameters [ 1.67389777e+00  1.45198794e+00 -8.51589565e-04  2.82385050e+00
  1.72781729e+00  1.53244071e+00  1.00877248e-01  2.81240505e+00] REAL [0.51980567] FAKE [0.45533564] 
80 epoch LOSS [-1.28040306] Parameters [ 1.67396368e+00  1.45197684e+00 -2.55737070e-03  2.81128176e+00
  1.72782400e+00  1.53246596e+00  9.91262371e-02  2.80001634e+00] REAL [0.50770713] FAKE [0.45258744] 
81 epoch LOSS [-1.25324627] Parameters [ 1.67383779  1.45193442 -0.00439875  2.79774088  1.72783354  1.53234863
  0.09750142  2.78632095] REAL [0.52089935] FAKE [0.45176312] 
82 epoch LOSS [-1.23391812] Parameters [ 1.67391161  1.45200932 -0.00623046  2.78286686  1.72790238  1.53236756
  0.09568465  2.77149051] REAL [0.53269332] FAKE [0.45343864] 
83 epoch LOSS [-1.22920353] Parameters [ 1.67398103  1.4521792  -0.00788826  2.76668207  1.72787825  1.53236741
  0.0940594   2.75516406] REAL [0.53423287] FAKE [0.45243828] 
84 epoch LOSS [-1.21591229] Parameters [ 1.6740163   1.45218314 -0.00962326  2.74901348  1.72790993  1.53241747
  0.09261784  2.73759298] REAL [0.5388493] FAKE [0.44986576] 
85 epoch LOSS [-1.24473454] Parameters [ 1.67395357  1.45219145 -0.01139666  2.72993725  1.72812152  1.53245633
  0.09086073  2.71868263] REAL [0.52819407] FAKE [0.45471301] 
86 epoch LOSS [-1.24044069] Parameters [ 1.67407209  1.45214908 -0.01350858  2.70962545  1.72798186  1.53238661
  0.08851545  2.69816065] REAL [0.52720791] FAKE [0.45134223] 
87 epoch LOSS [-1.26608079] Parameters [ 1.67395592  1.45219325 -0.01502149  2.68800831  1.72805539  1.53247908
  0.08707179  2.67619477] REAL [0.51535907] FAKE [0.45293595] 
88 epoch LOSS [-1.27722376] Parameters [ 1.67392174  1.45219067 -0.01699318  2.66479798  1.7279977   1.53231929
  0.08523794  2.65277654] REAL [0.51147248] FAKE [0.45488705] 
89 epoch LOSS [-1.25514325] Parameters [ 1.67397472  1.45230059 -0.01890764  2.63950053  1.72810791  1.53230693
  0.08337304  2.62757653] REAL [0.52271063] FAKE [0.45469827] 
90 epoch LOSS [-1.27732253] Parameters [ 1.67394916  1.45236669 -0.02137763  2.61285615  1.7280037   1.53206555
  0.08064902  2.60088038] REAL [0.51806274] FAKE [0.46187457] 
91 epoch LOSS [-1.28422556] Parameters [ 1.67403734  1.45253619 -0.02356921  2.58459764  1.7279859   1.53205161
  0.07879024  2.57241661] REAL [0.51928302] FAKE [0.46683233] 
92 epoch LOSS [-1.28200293] Parameters [ 1.67415043  1.45227625 -0.02527144  2.55494132  1.72808674  1.53203122
  0.07673022  2.54261792] REAL [0.52175349] FAKE [0.46817612] 
93 epoch LOSS [-1.27375101] Parameters [ 1.67421776  1.45214161 -0.02740788  2.52364739  1.72820744  1.53181267
  0.07465621  2.5111859 ] REAL [0.52734851] FAKE [0.46945865] 
94 epoch LOSS [-1.335055] Parameters [ 1.67430359  1.45163354 -0.02911307  2.49119462  1.72843542  1.53170421
  0.07218841  2.47857973] REAL [0.50496172] FAKE [0.47888386] 
95 epoch LOSS [-1.30368074] Parameters [ 1.67460446  1.45151193 -0.03140953  2.45752295  1.72835485  1.53177593
  0.0696892   2.44505064] REAL [0.52148927] FAKE [0.47931716] 
96 epoch LOSS [-1.35278572] Parameters [ 1.67462743  1.45166998 -0.0335643   2.42308619  1.72814308  1.53175347
  0.06721489  2.41071008] REAL [0.50306694] FAKE [0.48611393] 
97 epoch LOSS [-1.36732163] Parameters [ 1.67455     1.45130458 -0.0358167   2.38795559  1.72814717  1.53152697
  0.06540178  2.37595273] REAL [0.49874602] FAKE [0.48914186] 
98 epoch LOSS [-1.38409491] Parameters [ 1.67439039  1.45126555 -0.03766734  2.35287506  1.72788161  1.53155574
  0.06373911  2.34084397] REAL [0.51025567] FAKE [0.50897073] 
99 epoch LOSS [-1.37637491] Parameters [ 1.67450041  1.45135864 -0.03869595  2.31779166  1.72795196  1.53159107
  0.06335014  2.30558623] REAL [0.51201248] FAKE [0.50686318] 
100 epoch LOSS [-1.40613485] Parameters [ 1.67450467  1.45123655 -0.04058886  2.28341389  1.72783864  1.53169286
  0.06125034  2.2711382 ] REAL [0.49667714] FAKE [0.50654311] 
101 epoch LOSS [-1.46320805] Parameters [ 1.67453706  1.45150791 -0.04189809  2.24982875  1.72768534  1.5316818
  0.05981493  2.23745721] REAL [0.47969447] FAKE [0.5174169] 
102 epoch LOSS [-1.44550541] Parameters [ 1.67463481  1.45140846 -0.04343463  2.21773619  1.72750025  1.53156484
  0.05878157  2.20496931] REAL [0.49353091] FAKE [0.52256899] 
103 epoch LOSS [-1.48329024] Parameters [ 1.67461485  1.45136637 -0.04499344  2.18695517  1.72754029  1.53141062
  0.05709438  2.17426239] REAL [0.47941933] FAKE [0.52674012] 
104 epoch LOSS [-1.42562035] Parameters [ 1.67450069  1.45116814 -0.04628068  2.15784634  1.72746385  1.53136753
  0.05586173  2.14536325] REAL [0.50924977] FAKE [0.52801292] 
105 epoch LOSS [-1.5046042] Parameters [ 1.67453403  1.45134604 -0.04817008  2.13094268  1.72733494  1.5313212
  0.05373223  2.11854358] REAL [0.47981669] FAKE [0.53710408] 
106 epoch LOSS [-1.46482885] Parameters [ 1.67442348  1.45150276 -0.04935525  2.10558264  1.72721995  1.53109137
  0.05236434  2.09311226] REAL [0.49527216] FAKE [0.53335244] 
107 epoch LOSS [-1.44867643] Parameters [ 1.67444374  1.4516216  -0.04834027  2.08254079  1.726968    1.53111015
  0.05253755  2.0698099 ] REAL [0.50802533] FAKE [0.53765895] 
108 epoch LOSS [-1.51198915] Parameters [ 1.6743627   1.45174284 -0.04891194  2.06161267  1.72691818  1.53120553
  0.05220447  2.04898188] REAL [0.47700893] FAKE [0.53780532] 
109 epoch LOSS [-1.51391497] Parameters [ 1.67426657  1.45174616 -0.05002508  2.04280536  1.7268437   1.53111956
  0.05097454  2.03025159] REAL [0.47782262] FAKE [0.53948013] 
110 epoch LOSS [-1.46715772] Parameters [ 1.67427409  1.45171027 -0.05009143  2.02577709  1.72692762  1.53107778
  0.05084764  2.0134234 ] REAL [0.50029548] FAKE [0.53911251] 
111 epoch LOSS [-1.48370133] Parameters [ 1.67426268  1.45175493 -0.05129564  2.01103474  1.7269616   1.53114308
  0.04925355  1.99838815] REAL [0.49111043] FAKE [0.53819616] 
112 epoch LOSS [-1.43007999] Parameters [ 1.67423347  1.45175334 -0.05047621  1.99785741  1.72697124  1.53107654
  0.04941831  1.98526287] REAL [0.51501358] FAKE [0.53537191] 
113 epoch LOSS [-1.43851153] Parameters [ 1.6742282   1.45176861 -0.05007976  1.98667728  1.72700464  1.53102883
  0.04950686  1.97390294] REAL [0.50741739] FAKE [0.53237574] 
114 epoch LOSS [-1.48087085] Parameters [ 1.67421764  1.4517482  -0.05015894  1.97692155  1.72700865  1.53101471
  0.04965993  1.9642445 ] REAL [0.48267528] FAKE [0.5287939] 
115 epoch LOSS [-1.42306741] Parameters [ 1.6741953   1.45178308 -0.05096467  1.96885407  1.72702102  1.53101046
  0.04909779  1.956126  ] REAL [0.51099704] FAKE [0.52842444] 
116 epoch LOSS [-1.44731822] Parameters [ 1.67418637  1.45179725 -0.05054095  1.96220558  1.72702364  1.53098879
  0.0494767   1.94943376] REAL [0.49640995] FAKE [0.52619765] 
117 epoch LOSS [-1.42104243] Parameters [ 1.67420178  1.45178584 -0.05079635  1.95720948  1.72702559  1.53099299
  0.04987394  1.94432138] REAL [0.50596214] FAKE [0.52276631] 
118 epoch LOSS [-1.44024275] Parameters [ 1.67420854  1.4517738  -0.04979705  1.95359988  1.7270366   1.53099799
  0.05036825  1.94067873] REAL [0.49392243] FAKE [0.52043026] 
119 epoch LOSS [-1.43269497] Parameters [ 1.67418843  1.45174538 -0.0498912   1.95123793  1.72703124  1.53096976
  0.04978871  1.93835577] REAL [0.4954497] FAKE [0.5182864] 
120 epoch LOSS [-1.36561214] Parameters [ 1.67419597  1.4517468  -0.049982    1.95007347  1.72702771  1.53095755
  0.04945191  1.93714874] REAL [0.52797498] FAKE [0.51659756] 
121 epoch LOSS [-1.40107048] Parameters [ 1.67420217  1.45172045 -0.04899654  1.95007737  1.72705191  1.53097535
  0.0494481   1.93715196] REAL [0.50593241] FAKE [0.5131106] 
122 epoch LOSS [-1.40338463] Parameters [ 1.67418762  1.45167583 -0.04920374  1.95122401  1.72704731  1.53091079
  0.04961258  1.93834634] REAL [0.5026355] FAKE [0.51104978] 
123 epoch LOSS [-1.41027321] Parameters [ 1.67420253  1.45163394 -0.04845786  1.95355868  1.7270137   1.53092535
  0.05039951  1.9406921 ] REAL [0.49622408] FAKE [0.50813231] 
124 epoch LOSS [-1.3250962] Parameters [ 1.67417148  1.45164152 -0.04750143  1.95706931  1.72697354  1.53094045
  0.05040008  1.9441775 ] REAL [0.53668877] FAKE [0.50478302] 
125 epoch LOSS [-1.31791941] Parameters [ 1.67410491  1.45162988 -0.04806695  1.96171129  1.72695295  1.53099062
  0.05012418  1.94882436] REAL [0.53590382] FAKE [0.50048559] 
126 epoch LOSS [-1.34436697] Parameters [ 1.67408313  1.45166643 -0.04848098  1.96744815  1.72689926  1.5310213
  0.04923551  1.95455798] REAL [0.51955835] FAKE [0.49821866] 
127 epoch LOSS [-1.35276241] Parameters [ 1.67404452  1.4517143  -0.04872426  1.97428269  1.72688191  1.53106394
  0.04873614  1.96140073] REAL [0.51285925] FAKE [0.49591409] 
128 epoch LOSS [-1.37074271] Parameters [ 1.67406454  1.45166604 -0.0491104   1.98222586  1.72684327  1.53111866
  0.04838389  1.96935227] REAL [0.50336579] FAKE [0.49555908] 
129 epoch LOSS [-1.31707037] Parameters [ 1.67410954  1.45164694 -0.04946972  1.99131109  1.72694879  1.53109452
  0.04831457  1.97846822] REAL [0.52726041] FAKE [0.49186578] 
130 epoch LOSS [-1.29483599] Parameters [ 1.67412958  1.4515541  -0.05097331  2.00155103  1.72695444  1.53096314
  0.04658565  1.98869244] REAL [0.53879354] FAKE [0.49156259] 
131 epoch LOSS [-1.32357456] Parameters [ 1.67407424  1.45152926 -0.05027856  2.01288863  1.72698016  1.53089819
  0.04688488  2.00003421] REAL [0.51755719] FAKE [0.48569527] 
132 epoch LOSS [-1.33053396] Parameters [ 1.67398819  1.45156207 -0.05112806  2.02529259  1.72697709  1.53092521
  0.04711559  2.01247908] REAL [0.51288823] FAKE [0.4846127] 
133 epoch LOSS [-1.3163466] Parameters [ 1.67408811  1.45161765 -0.05109653  2.03879278  1.72693605  1.53110214
  0.04761041  2.02600053] REAL [0.51910814] FAKE [0.48351217] 
134 epoch LOSS [-1.30166003] Parameters [ 1.67410794  1.45155213 -0.05070346  2.05346916  1.72681975  1.53124703
  0.04758361  2.04064953] REAL [0.52698507] FAKE [0.483705] 
135 epoch LOSS [-1.33945591] Parameters [ 1.67414486  1.45158487 -0.05072763  2.06925404  1.72693311  1.53133745
  0.04810128  2.05642058] REAL [0.5077521] FAKE [0.48402345] 
136 epoch LOSS [-1.34261316] Parameters [ 1.67410754  1.45156091 -0.04977951  2.08597082  1.72668643  1.5314774
  0.04782441  2.07315375] REAL [0.50794537] FAKE [0.48584565] 
137 epoch LOSS [-1.33237665] Parameters [ 1.67425973  1.45157444 -0.04920762  2.10379772  1.72658032  1.5313588
  0.04823645  2.09106395] REAL [0.5124557] FAKE [0.48512732] 
138 epoch LOSS [-1.32879158] Parameters [ 1.674505    1.45179247 -0.04931703  2.12267819  1.72651915  1.53146419
  0.04787208  2.10989545] REAL [0.51576856] FAKE [0.48659714] 
139 epoch LOSS [-1.34266163] Parameters [ 1.67454549  1.45160177 -0.04888284  2.14249889  1.72654822  1.53150476
  0.04785778  2.12975331] REAL [0.51181103] FAKE [0.48975375] 
140 epoch LOSS [-1.34716186] Parameters [ 1.67438087  1.45168968 -0.04901299  2.16313942  1.72659377  1.53141111
  0.04769013  2.15040857] REAL [0.5091011] FAKE [0.48934099] 
141 epoch LOSS [-1.35025119] Parameters [ 1.67430348  1.4516206  -0.04883708  2.18450469  1.72662209  1.53135637
  0.04806382  2.17184599] REAL [0.50645286] FAKE [0.48825415] 
142 epoch LOSS [-1.31292067] Parameters [ 1.67422246  1.451537   -0.0490456   2.20630858  1.72651694  1.53130948
  0.04828832  2.19374077] REAL [0.52956125] FAKE [0.49196972] 
143 epoch LOSS [-1.33949529] Parameters [ 1.67432346  1.45166187 -0.04882519  2.22874872  1.72649046  1.53141693
  0.04815894  2.21604495] REAL [0.51544044] FAKE [0.49173981] 
144 epoch LOSS [-1.32124372] Parameters [ 1.67430886  1.45159849 -0.04843961  2.25126885  1.72651577  1.53142591
  0.04743028  2.2386111 ] REAL [0.52259202] FAKE [0.48946165] 
145 epoch LOSS [-1.31643422] Parameters [ 1.67408916  1.45147328 -0.04806441  2.27403123  1.72661039  1.53134491
  0.04819333  2.26140703] REAL [0.52679366] FAKE [0.49109193] 
146 epoch LOSS [-1.34866068] Parameters [ 1.67410764  1.45145938 -0.04829401  2.29676913  1.72684382  1.53129937
  0.04854899  2.28416346] REAL [0.51683144] FAKE [0.49773238] 
147 epoch LOSS [-1.37240941] Parameters [ 1.67391448  1.45137364 -0.04862174  2.31932594  1.72688346  1.53148018
  0.04829592  2.30680886] REAL [0.50225771] FAKE [0.49528809] 
148 epoch LOSS [-1.41335849] Parameters [ 1.6739199   1.45119927 -0.04966322  2.3414361   1.72682951  1.53154762
  0.04765692  2.32916662] REAL [0.48659692] FAKE [0.49994606] 
149 epoch LOSS [-1.41076661] Parameters [ 1.67363451  1.45114064 -0.04931239  2.36335819  1.72681891  1.53155313
  0.04795874  2.35112899] REAL [0.49190731] FAKE [0.50406065] 
150 epoch LOSS [-1.37427608] Parameters [ 1.673554    1.45114499 -0.04888983  2.38469628  1.72682164  1.5316141
  0.04794726  2.37265939] REAL [0.51003727] FAKE [0.50391331] 
151 epoch LOSS [-1.35133322] Parameters [ 1.67349844  1.45111302 -0.04931939  2.40517296  1.7268729   1.53165637
  0.04734036  2.39311679] REAL [0.52033509] FAKE [0.50244589] 
152 epoch LOSS [-1.38926003] Parameters [ 1.67339303  1.45129639 -0.04933872  2.42498905  1.72683503  1.53158646
  0.04734259  2.41300138] REAL [0.5024862] FAKE [0.50394721] 
153 epoch LOSS [-1.44838634] Parameters [ 1.6734553   1.45136412 -0.04904705  2.44365237  1.72663594  1.5315038
  0.04728952  2.43176602] REAL [0.47743247] FAKE [0.50789039] 
154 epoch LOSS [-1.37515622] Parameters [ 1.67338549  1.45128795 -0.04936571  2.46176142  1.72648534  1.53164353
  0.04737025  2.44980949] REAL [0.51177229] FAKE [0.50603011] 
155 epoch LOSS [-1.42295999] Parameters [ 1.67346726  1.45128107 -0.0494578   2.47877213  1.7264978   1.53171454
  0.04733321  2.46681455] REAL [0.48840321] FAKE [0.50655606] 
156 epoch LOSS [-1.41654105] Parameters [ 1.67340993  1.45127187 -0.04969643  2.49478769  1.726388    1.53170467
  0.04727982  2.48275274] REAL [0.49110721] FAKE [0.50611284] 
157 epoch LOSS [-1.42451907] Parameters [ 1.67332684  1.4512391  -0.04876445  2.50963461  1.72642243  1.53170142
  0.0472187   2.49762724] REAL [0.48849578] FAKE [0.50741814] 
158 epoch LOSS [-1.40758697] Parameters [ 1.67330995  1.4512047  -0.04909076  2.52335452  1.7264232   1.53165533
  0.04802444  2.51127717] REAL [0.49477603] FAKE [0.50536585] 
159 epoch LOSS [-1.41589661] Parameters [ 1.67329657  1.45128772 -0.04922685  2.53599756  1.72637734  1.53162779
  0.04773799  2.52401022] REAL [0.49034689] FAKE [0.50502816] 
160 epoch LOSS [-1.43155312] Parameters [ 1.67331951  1.45121862 -0.04914798  2.54748845  1.72635404  1.53167865
  0.04789137  2.53563179] REAL [0.4823009] FAKE [0.50458824] 
161 epoch LOSS [-1.43813554] Parameters [ 1.67328529  1.45128785 -0.04905109  2.55776204  1.72647464  1.53164591
  0.04859373  2.5458714 ] REAL [0.48138074] FAKE [0.50689778] 
162 epoch LOSS [-1.4139698] Parameters [ 1.673292    1.45126134 -0.04897047  2.56730536  1.72644839  1.53165589
  0.04881091  2.55539647] REAL [0.49152764] FAKE [0.50526484] 
163 epoch LOSS [-1.40380727] Parameters [ 1.67324995  1.45130137 -0.04912626  2.57563136  1.72639287  1.53165174
  0.04860353  2.56368695] REAL [0.49460654] FAKE [0.50332261] 
164 epoch LOSS [-1.3647549] Parameters [ 1.67328678  1.45131371 -0.04914707  2.58299394  1.72639992  1.53166296
  0.04866937  2.57107999] REAL [0.51354362] FAKE [0.50258699] 
165 epoch LOSS [-1.43123568] Parameters [ 1.67330493  1.45130846 -0.04986819  2.58938202  1.72637825  1.53165085
  0.04858918  2.57732025] REAL [0.47847725] FAKE [0.50047072] 
166 epoch LOSS [-1.39493543] Parameters [ 1.67331089  1.45130967 -0.05001276  2.59480377  1.72637159  1.53165409
  0.04856514  2.58263101] REAL [0.49638969] FAKE [0.50069664] 
167 epoch LOSS [-1.38387219] Parameters [ 1.6733044   1.45130553 -0.05050326  2.59938175  1.72637064  1.53164673
  0.0484723   2.58712861] REAL [0.50025704] FAKE [0.49904497] 
168 epoch LOSS [-1.37481046] Parameters [ 1.67330875  1.45130799 -0.05034856  2.60286456  1.72637818  1.53164313
  0.04846902  2.59064789] REAL [0.50189793] FAKE [0.49613755] 
169 epoch LOSS [-1.39040594] Parameters [ 1.67329939  1.45130705 -0.05042645  2.60550118  1.72637086  1.53164798
  0.04784995  2.5933667 ] REAL [0.49281023] FAKE [0.49478684] 
170 epoch LOSS [-1.42523257] Parameters [ 1.67330055  1.45130278 -0.05005321  2.607286    1.72635525  1.531656
  0.0481881   2.59517654] REAL [0.47683366] FAKE [0.49573079] 
171 epoch LOSS [-1.41957439] Parameters [ 1.67328082  1.45131731 -0.04977786  2.60829648  1.72635232  1.5316541
  0.0481027   2.59624687] REAL [0.47829593] FAKE [0.49441988] 
172 epoch LOSS [-1.35122733] Parameters [ 1.67325642  1.45130336 -0.04972768  2.60852404  1.72637418  1.53162686
  0.04791831  2.59652304] REAL [0.51072141] FAKE [0.49302637] 
173 epoch LOSS [-1.33860066] Parameters [ 1.67324704  1.45130907 -0.0498681   2.60778584  1.72636107  1.53163042
  0.04781093  2.59576027] REAL [0.51510583] FAKE [0.49095444] 
174 epoch LOSS [-1.41001776] Parameters [ 1.67328127  1.45132807 -0.04972211  2.6063186   1.72637721  1.53161305
  0.04829455  2.59432499] REAL [0.47825002] FAKE [0.48951607] 
175 epoch LOSS [-1.39085837] Parameters [ 1.67322779  1.45131888 -0.04952007  2.60420342  1.72635442  1.53161847
  0.04895258  2.59214015] REAL [0.4896897] FAKE [0.49179736] 
176 epoch LOSS [-1.36918086] Parameters [ 1.67323297  1.45141788 -0.04981428  2.60141104  1.72637217  1.53164136
  0.04874361  2.58927619] REAL [0.49889217] FAKE [0.49024016] 
177 epoch LOSS [-1.34077372] Parameters [ 1.67320594  1.45142271 -0.04966475  2.5977494   1.72635269  1.53162963
  0.04839948  2.58558304] REAL [0.5128263] FAKE [0.48980162] 
178 epoch LOSS [-1.34476159] Parameters [ 1.673134    1.45143657 -0.04930632  2.59336958  1.72637985  1.53160989
  0.04867607  2.58118628] REAL [0.50954738] FAKE [0.48856212] 
179 epoch LOSS [-1.33257264] Parameters [ 1.6731709   1.45146108 -0.04927133  2.58842892  1.72636386  1.53165158
  0.0479674   2.57619524] REAL [0.51308932] FAKE [0.48586392] 
180 epoch LOSS [-1.40346168] Parameters [ 1.67320739  1.4514637  -0.04953121  2.58273463  1.72632521  1.53167831
  0.04786446  2.57048703] REAL [0.47757784] FAKE [0.48543508] 
181 epoch LOSS [-1.38525805] Parameters [ 1.67327322  1.45137672 -0.04942928  2.57630083  1.72626527  1.53165472
  0.04798056  2.56404555] REAL [0.48650475] FAKE [0.4855976] 
182 epoch LOSS [-1.36450381] Parameters [ 1.67331597  1.45134631 -0.04922148  2.56932589  1.72613406  1.53168206
  0.04788881  2.5569635 ] REAL [0.4984884] FAKE [0.48743557] 
183 epoch LOSS [-1.38893925] Parameters [ 1.67336255  1.45130244 -0.04926013  2.56173255  1.72619953  1.53170676
  0.04762806  2.54937668] REAL [0.48678189] FAKE [0.48777952] 
184 epoch LOSS [-1.38077502] Parameters [ 1.67336229  1.45138446 -0.04828153  2.55338122  1.72622071  1.53175507
  0.04858245  2.54103152] REAL [0.48832584] FAKE [0.4852133] 
185 epoch LOSS [-1.34923826] Parameters [ 1.67336747  1.4512667  -0.04766507  2.54458422  1.72618484  1.53183641
  0.04941589  2.53217453] REAL [0.50378245] FAKE [0.48502015] 
186 epoch LOSS [-1.36696153] Parameters [ 1.67327532  1.45115892 -0.04770117  2.53527322  1.72623456  1.53190859
  0.04922335  2.5228587 ] REAL [0.49373825] FAKE [0.48377459] 
187 epoch LOSS [-1.37285057] Parameters [ 1.67322418  1.45104611 -0.04776789  2.52538217  1.72621941  1.5319131
  0.0490391   2.51301338] REAL [0.49344528] FAKE [0.48650103] 
188 epoch LOSS [-1.33603587] Parameters [ 1.67325558  1.45106988 -0.04773281  2.51507569  1.72631574  1.53193301
  0.04927573  2.50271103] REAL [0.51025008] FAKE [0.48479044] 
189 epoch LOSS [-1.35147643] Parameters [ 1.67339737  1.45099615 -0.04809318  2.50441916  1.72635167  1.53190142
  0.04881778  2.49205174] REAL [0.50644049] FAKE [0.48886829] 
190 epoch LOSS [-1.38706686] Parameters [ 1.67332802  1.450926   -0.04829716  2.49329342  1.72633433  1.53189961
  0.04852514  2.48095731] REAL [0.48704475] FAKE [0.48709651] 
191 epoch LOSS [-1.37150019] Parameters [ 1.67324222  1.45074733 -0.04801865  2.48185211  1.72636348  1.53202019
  0.04876932  2.46953034] REAL [0.49718718] FAKE [0.48967703] 
192 epoch LOSS [-1.39422797] Parameters [ 1.67324799  1.45067589 -0.04720359  2.47019498  1.72641255  1.53197758
  0.04960068  2.45787408] REAL [0.4864098] FAKE [0.49009159] 
193 epoch LOSS [-1.35456022] Parameters [ 1.67341284  1.45068806 -0.04692017  2.45811424  1.72646369  1.53188476
  0.04996075  2.44597139] REAL [0.50754152] FAKE [0.49154749] 
194 epoch LOSS [-1.37775779] Parameters [ 1.67336123  1.45067252 -0.04710165  2.44585735  1.72640646  1.53202751
  0.04998488  2.4336987 ] REAL [0.49639721] FAKE [0.49205339] 
195 epoch LOSS [-1.34335245] Parameters [ 1.67327166  1.45056865 -0.04798188  2.43357579  1.72626093  1.53198044
  0.04925799  2.42144365] REAL [0.51514978] FAKE [0.4934108] 
196 epoch LOSS [-1.40695409] Parameters [ 1.67322741  1.4506423  -0.04833336  2.42109689  1.72626799  1.53194633
  0.04858734  2.409047  ] REAL [0.48256309] FAKE [0.49252635] 
197 epoch LOSS [-1.41098468] Parameters [ 1.67339836  1.45068472 -0.04865583  2.40872038  1.72636354  1.53191767
  0.04861413  2.39663941] REAL [0.48377226] FAKE [0.49583096] 
198 epoch LOSS [-1.35380063] Parameters [ 1.67337524  1.45081305 -0.04895657  2.39615109  1.72637753  1.53193989
  0.04894211  2.38404948] REAL [0.51205237] FAKE [0.49564367] 
199 epoch LOSS [-1.34531833] Parameters [ 1.67341841  1.45086793 -0.04878856  2.38381285  1.72645015  1.53198963
  0.04887085  2.37171004] REAL [0.51610334] FAKE [0.49533986] 
200 epoch LOSS [-1.3586892] Parameters [ 1.67329613  1.45085513 -0.0484051   2.37172366  1.72662852  1.53195916
  0.04943137  2.35957975] REAL [0.51005266] FAKE [0.4961355] 
201 epoch LOSS [-1.38638277] Parameters [ 1.67332291  1.45091502 -0.04835218  2.35975984  1.72670801  1.53192457
  0.04928069  2.34760396] REAL [0.49989169] FAKE [0.49993588] 
202 epoch LOSS [-1.42243793] Parameters [ 1.6732873   1.45089878 -0.04841094  2.34814161  1.72673968  1.53204328
  0.04929258  2.33597545] REAL [0.48354217] FAKE [0.50133521] 
203 epoch LOSS [-1.35509647] Parameters [ 1.67319195  1.45092478 -0.0498359   2.33684915  1.72670437  1.53205366
  0.04829323  2.32475472] REAL [0.5184305] FAKE [0.50249375] 
204 epoch LOSS [-1.40909277] Parameters [ 1.67329685  1.45083165 -0.049457    2.32599033  1.72667706  1.5320143
  0.04846421  2.31376842] REAL [0.49050238] FAKE [0.50180695] 
205 epoch LOSS [-1.41386019] Parameters [ 1.67329611  1.4509026  -0.04921386  2.31557942  1.72665787  1.53186533
  0.04771762  2.30334029] REAL [0.48985759] FAKE [0.50352375] 
206 epoch LOSS [-1.37760384] Parameters [ 1.67335907  1.45095187 -0.04990988  2.30556205  1.7266489   1.53183373
  0.04684762  2.29326999] REAL [0.50940193] FAKE [0.50494476] 
207 epoch LOSS [-1.37485095] Parameters [ 1.6732823   1.45084456 -0.05030873  2.2960297   1.72670117  1.53185542
  0.04661676  2.28368059] REAL [0.51059792] FAKE [0.50474282] 
208 epoch LOSS [-1.40311787] Parameters [ 1.67327525  1.45083542 -0.04986415  2.28714686  1.72655386  1.53188841
  0.04708453  2.27464192] REAL [0.49649936] FAKE [0.50487488] 
209 epoch LOSS [-1.39325085] Parameters [ 1.67323285  1.45085169 -0.04914017  2.27895915  1.72647891  1.53187228
  0.04736247  2.26636416] REAL [0.50116004] FAKE [0.50461551] 
210 epoch LOSS [-1.36313584] Parameters [ 1.67326363  1.45087907 -0.04961096  2.2711401   1.72645923  1.53191984
  0.04650859  2.25873486] REAL [0.51649972] FAKE [0.50463247] 
211 epoch LOSS [-1.40921976] Parameters [ 1.67324112  1.45086315 -0.04865684  2.26408676  1.72647593  1.53196141
  0.04791596  2.25159231] REAL [0.49493447] FAKE [0.50633091] 
212 epoch LOSS [-1.35657342] Parameters [ 1.67326079  1.45087474 -0.04905774  2.25755922  1.7264655   1.53189973
  0.04769684  2.24514409] REAL [0.52045047] FAKE [0.50515607] 
213 epoch LOSS [-1.36988434] Parameters [ 1.67327236  1.45090114 -0.04832081  2.25154311  1.72648213  1.5319114
  0.04811466  2.23929837] REAL [0.51257008] FAKE [0.50419199] 
214 epoch LOSS [-1.41101271] Parameters [ 1.67327468  1.45091277 -0.04805638  2.24614168  1.72644244  1.53186556
  0.04856895  2.23400935] REAL [0.49196425] FAKE [0.50424008] 
215 epoch LOSS [-1.41617499] Parameters [ 1.67328556  1.45091969 -0.04795252  2.24172341  1.72643579  1.53186466
  0.04797625  2.22961751] REAL [0.49231469] FAKE [0.5071438] 
216 epoch LOSS [-1.35893947] Parameters [ 1.67328748  1.45090198 -0.04865018  2.23789206  1.72641246  1.5318763
  0.04712852  2.22581168] REAL [0.52119866] FAKE [0.5070342] 
217 epoch LOSS [-1.40064091] Parameters [ 1.67328543  1.45091771 -0.0484566   2.23469436  1.7264243   1.53188538
  0.04690157  2.22266879] REAL [0.49925935] FAKE [0.50639088] 
218 epoch LOSS [-1.41190847] Parameters [ 1.67328947  1.4509246  -0.04908649  2.23227624  1.7264315   1.53189796
  0.04558541  2.2202301 ] REAL [0.49422691] FAKE [0.50695159] 
219 epoch LOSS [-1.41520774] Parameters [ 1.67328045  1.45093305 -0.04990857  2.2304898   1.72643851  1.53190159
  0.04467527  2.2183793 ] REAL [0.49257616] FAKE [0.50692873] 
220 epoch LOSS [-1.40285078] Parameters [ 1.67328276  1.45092481 -0.04971923  2.22906524  1.72644486  1.53190129
  0.04466402  2.21697024] REAL [0.49699975] FAKE [0.50524126] 
221 epoch LOSS [-1.42167797] Parameters [ 1.67328326  1.45091631 -0.04942229  2.22835495  1.72644391  1.53189113
  0.04463699  2.21623945] REAL [0.4862758] FAKE [0.50376152] 
222 epoch LOSS [-1.3570067] Parameters [ 1.67330535  1.45089868 -0.0486407   2.22821135  1.72643329  1.53189683
  0.04525055  2.21615578] REAL [0.5170782] FAKE [0.50214456] 
223 epoch LOSS [-1.3901437] Parameters [ 1.67332045  1.45092578 -0.04874214  2.22881876  1.72643294  1.53190548
  0.04478259  2.21682861] REAL [0.50063812] FAKE [0.50255583] 
224 epoch LOSS [-1.35488479] Parameters [ 1.67335154  1.45092802 -0.04843986  2.22995221  1.72641918  1.53192355
  0.04504567  2.21800325] REAL [0.51835511] FAKE [0.50231606] 
225 epoch LOSS [-1.34913635] Parameters [ 1.67336262  1.45089867 -0.04746911  2.23152302  1.72641567  1.53191665
  0.0457581   2.21967564] REAL [0.51902331] FAKE [0.50009134] 
226 epoch LOSS [-1.37445179] Parameters [ 1.67336482  1.45088716 -0.04682446  2.23373457  1.72643712  1.53195433
  0.04585235  2.22187918] REAL [0.50765934] FAKE [0.50167716] 
227 epoch LOSS [-1.36471062] Parameters [ 1.67337876  1.45086751 -0.04737973  2.23661841  1.72641701  1.53196321
  0.0457736   2.22466517] REAL [0.51304138] FAKE [0.502078] 
228 epoch LOSS [-1.3655529] Parameters [ 1.67335233  1.45087578 -0.04731255  2.23989724  1.72640568  1.53195679
  0.04538937  2.22801756] REAL [0.51240287] FAKE [0.50187727] 
229 epoch LOSS [-1.3783796] Parameters [ 1.67337488  1.4508462  -0.04784543  2.24341666  1.726429    1.53198905
  0.04472367  2.23155665] REAL [0.50538634] FAKE [0.50139819] 
230 epoch LOSS [-1.35624522] Parameters [ 1.6733984   1.4507954  -0.04809705  2.24742638  1.72645278  1.53201838
  0.04464859  2.23555163] REAL [0.51779346] FAKE [0.50245356] 
231 epoch LOSS [-1.37228379] Parameters [ 1.67340347  1.45082347 -0.04744605  2.25192838  1.72642351  1.53205402
  0.04557745  2.24010546] REAL [0.50827378] FAKE [0.50119935] 
232 epoch LOSS [-1.35004747] Parameters [ 1.67343334  1.45082269 -0.04763054  2.25671691  1.7264577   1.53208779
  0.04532509  2.24487528] REAL [0.52017979] FAKE [0.50165701] 
233 epoch LOSS [-1.42002348] Parameters [ 1.67342731  1.45083423 -0.04755882  2.26195511  1.72650278  1.53209063
  0.04542668  2.25009975] REAL [0.48457478] FAKE [0.50119497] 
234 epoch LOSS [-1.40979118] Parameters [ 1.67345584  1.45081822 -0.04726764  2.26745826  1.72647766  1.53206275
  0.04558011  2.25557142] REAL [0.49006985] FAKE [0.50171538] 
235 epoch LOSS [-1.40066918] Parameters [ 1.67344402  1.45074302 -0.04731864  2.27327592  1.72649006  1.53204483
  0.04543871  2.26147559] REAL [0.4943632] FAKE [0.50151629] 
236 epoch LOSS [-1.37016441] Parameters [ 1.67341953  1.45074238 -0.04696586  2.27930686  1.72659057  1.53201651
  0.04520049  2.26762578] REAL [0.5106806] FAKE [0.50249689] 
237 epoch LOSS [-1.41440242] Parameters [ 1.67348246  1.45071703 -0.04728535  2.28562121  1.72668023  1.53200254
  0.04551009  2.27392907] REAL [0.48716475] FAKE [0.50105006] 
238 epoch LOSS [-1.36510724] Parameters [ 1.67343623  1.45074515 -0.04818341  2.29193259  1.72674552  1.53197576
  0.04531515  2.28031546] REAL [0.51089827] FAKE [0.5001876] 
239 epoch LOSS [-1.39242789] Parameters [ 1.67341029  1.45080427 -0.04708556  2.29845672  1.72672738  1.53198868
  0.04574615  2.28666916] REAL [0.49611838] FAKE [0.49916931] 
240 epoch LOSS [-1.40515993] Parameters [ 1.67335034  1.45076957 -0.04670995  2.3051439   1.72663464  1.53189255
  0.04556297  2.29321427] REAL [0.48976986] FAKE [0.49909572] 
241 epoch LOSS [-1.37296749] Parameters [ 1.67334031  1.45082591 -0.04636576  2.31188788  1.72666286  1.53188289
  0.04561841  2.29996498] REAL [0.50395844] FAKE [0.497272] 
242 epoch LOSS [-1.38555924] Parameters [ 1.67330242  1.45083993 -0.04558357  2.31851647  1.72665577  1.53186546
  0.04623378  2.30662688] REAL [0.49919909] FAKE [0.49882952] 
243 epoch LOSS [-1.40253924] Parameters [ 1.6732696   1.45083169 -0.04584593  2.32535019  1.72667956  1.53187658
  0.04596107  2.31350161] REAL [0.4914044] FAKE [0.4994518] 
244 epoch LOSS [-1.39600835] Parameters [ 1.67328697  1.4508421  -0.04637158  2.33201865  1.72661459  1.53187806
  0.04548748  2.32020254] REAL [0.4950158] FAKE [0.49984776] 
245 epoch LOSS [-1.33766043] Parameters [ 1.67328439  1.45091403 -0.04657258  2.33869167  1.726588    1.5317899
  0.04507029  2.32688001] REAL [0.52292524] FAKE [0.49809462] 
246 epoch LOSS [-1.41579693] Parameters [ 1.67331098  1.45092791 -0.04736874  2.34533015  1.72667287  1.53175152
  0.04462341  2.33351311] REAL [0.48467054] FAKE [0.49918124] 
247 epoch LOSS [-1.39166209] Parameters [ 1.67331469  1.45090762 -0.04742311  2.35186501  1.72668564  1.53176805
  0.04430012  2.34015955] REAL [0.49776976] FAKE [0.50044843] 
248 epoch LOSS [-1.34312389] Parameters [ 1.67334538  1.45089967 -0.04731202  2.35830464  1.72667417  1.53177823
  0.04421967  2.34655659] REAL [0.52294217] FAKE [0.50084544] 
249 epoch LOSS [-1.34967532] Parameters [ 1.67336294  1.45093187 -0.04653406  2.3647843   1.72666049  1.53175987
  0.0448514   2.35298851] REAL [0.51555539] FAKE [0.49699984] 
250 epoch LOSS [-1.34881481] Parameters [ 1.67334187  1.450939   -0.04612524  2.37072523  1.72667369  1.53175866
  0.04467415  2.35902411] REAL [0.51806976] FAKE [0.49901015] 
251 epoch LOSS [-1.39856846] Parameters [ 1.6733436   1.45096176 -0.04645455  2.37655567  1.7266602   1.53177323
  0.04453206  2.36492271] REAL [0.4935458] FAKE [0.4996407] 
252 epoch LOSS [-1.41004146] Parameters [ 1.67329685  1.45096766 -0.0467169   2.38210656  1.72667142  1.53176615
  0.04434783  2.37049696] REAL [0.48764542] FAKE [0.49936337] 
253 epoch LOSS [-1.40687039] Parameters [ 1.67330309  1.45096732 -0.04656763  2.38757259  1.72667599  1.53177173
  0.04429388  2.37589545] REAL [0.48972657] FAKE [0.49990757] 
254 epoch LOSS [-1.40989901] Parameters [ 1.67331642  1.45094034 -0.04636737  2.39279052  1.72671521  1.53175922
  0.0443654   2.38107467] REAL [0.48770023] FAKE [0.49934831] 
255 epoch LOSS [-1.4178025] Parameters [ 1.67332767  1.45091329 -0.04575011  2.39771892  1.7267013   1.53176134
  0.04447262  2.38599555] REAL [0.48351839] FAKE [0.49899368] 
256 epoch LOSS [-1.36074384] Parameters [ 1.67332459  1.45091516 -0.04550541  2.40227298  1.72670663  1.53174819
  0.04417034  2.39060036] REAL [0.51303226] FAKE [0.50009005] 
257 epoch LOSS [-1.35252974] Parameters [ 1.67334605  1.45090062 -0.04522807  2.40672053  1.72669524  1.53176834
  0.04420167  2.39504632] REAL [0.51714442] FAKE [0.49997473] 
258 epoch LOSS [-1.41630053] Parameters [ 1.67334624  1.45089809 -0.04530435  2.41062755  1.72669424  1.53177782
  0.04446801  2.39895131] REAL [0.48534693] FAKE [0.50013099] 
259 epoch LOSS [-1.41761416] Parameters [ 1.67333553  1.45089573 -0.04538981  2.41443916  1.72671348  1.53177265
  0.04449535  2.40265044] REAL [0.48246891] FAKE [0.4978093] 
260 epoch LOSS [-1.37477487] Parameters [ 1.67333228  1.45089053 -0.04626594  2.41782644  1.72671511  1.5317825
  0.04398224  2.40602364] REAL [0.50279261] FAKE [0.49701623] 
261 epoch LOSS [-1.37352028] Parameters [ 1.67332324  1.45089966 -0.04647744  2.42072152  1.72673492  1.53177329
  0.04421101  2.4090429 ] REAL [0.504675] FAKE [0.49826323] 
262 epoch LOSS [-1.41565398] Parameters [ 1.67331733  1.45089807 -0.04656835  2.42346317  1.72673928  1.53177109
  0.04425839  2.41164089] REAL [0.48200216] FAKE [0.4963367] 
263 epoch LOSS [-1.41029286] Parameters [ 1.6733253   1.45089112 -0.04665285  2.42572846  1.72674373  1.53176977
  0.04476828  2.41387094] REAL [0.48544412] FAKE [0.49721959] 
264 epoch LOSS [-1.41035681] Parameters [ 1.67332723  1.45088317 -0.04641367  2.42766035  1.72674783  1.53176851
  0.04455576  2.41591633] REAL [0.48590091] FAKE [0.49772437] 
265 epoch LOSS [-1.34828183] Parameters [ 1.67332723  1.45087222 -0.04661316  2.42937351  1.72674134  1.53177684
  0.04424189  2.41762656] REAL [0.51616017] FAKE [0.49688861] 
266 epoch LOSS [-1.34515468] Parameters [ 1.67333289  1.45088843 -0.0455647   2.43068262  1.72672877  1.53178647
  0.04484705  2.418893  ] REAL [0.51817564] FAKE [0.49727584] 
267 epoch LOSS [-1.41273552] Parameters [ 1.67336732  1.45089599 -0.04499451  2.4314893   1.72672952  1.53179448
  0.04553458  2.41973583] REAL [0.48471689] FAKE [0.49769372] 
268 epoch LOSS [-1.39794724] Parameters [ 1.67336552  1.45090411 -0.04506099  2.43223538  1.72672487  1.53179323
  0.04576782  2.4204354 ] REAL [0.49221469] FAKE [0.4979758] 
269 epoch LOSS [-1.42117043] Parameters [ 1.67336765  1.45090322 -0.04506358  2.43266908  1.7267208   1.53179229
  0.04579912  2.42085135] REAL [0.48041894] FAKE [0.4974568] 
270 epoch LOSS [-1.35266324] Parameters [ 1.67338071  1.45091459 -0.0457285   2.43251848  1.72672413  1.53178915
  0.04572422  2.42081152] REAL [0.51407512] FAKE [0.49705646] 
271 epoch LOSS [-1.42218736] Parameters [ 1.67338921  1.45091662 -0.04590828  2.43224464  1.72670332  1.53179548
  0.04529193  2.42057342] REAL [0.47828235] FAKE [0.4957249] 
272 epoch LOSS [-1.37714315] Parameters [ 1.67338318  1.45093056 -0.04574529  2.43147924  1.72670561  1.53179971
  0.04523163  2.41981018] REAL [0.5013198] FAKE [0.49673182] 
273 epoch LOSS [-1.39518642] Parameters [ 1.67338524  1.45092389 -0.04606273  2.43061353  1.72672248  1.53179083
  0.04511728  2.41885404] REAL [0.49224772] FAKE [0.49662166] 
274 epoch LOSS [-1.38004184] Parameters [ 1.67337814  1.45091946 -0.04598271  2.42945839  1.72671738  1.53176973
  0.04461601  2.41764407] REAL [0.5000393] FAKE [0.49690349] 
275 epoch LOSS [-1.41858008] Parameters [ 1.67336503  1.45094902 -0.04601463  2.42796467  1.72670573  1.53173088
  0.04485428  2.4160644 ] REAL [0.48172425] FAKE [0.4975186] 
276 epoch LOSS [-1.40279731] Parameters [ 1.67337251  1.45093721 -0.04529848  2.4261107   1.72667497  1.53172941
  0.04543465  2.41445817] REAL [0.4885249] FAKE [0.49663135] 
277 epoch LOSS [-1.3984142] Parameters [ 1.67340212  1.4509797  -0.04461555  2.42427596  1.72669978  1.53175116
  0.04544009  2.41249129] REAL [0.49104793] FAKE [0.49701788] 
278 epoch LOSS [-1.35908368] Parameters [ 1.67340258  1.4510382  -0.04548546  2.42233605  1.72669098  1.53173838
  0.04523143  2.41049724] REAL [0.51049662] FAKE [0.49677225] 
279 epoch LOSS [-1.41305774] Parameters [ 1.67339135  1.45102611 -0.04539375  2.42007858  1.72667656  1.53170858
  0.04502296  2.40829694] REAL [0.48301624] FAKE [0.49608754] 
280 epoch LOSS [-1.36202712] Parameters [ 1.67336029  1.450995   -0.04592626  2.41759748  1.72669039  1.53170562
  0.04479728  2.40583013] REAL [0.50885594] FAKE [0.49663352] 
281 epoch LOSS [-1.40985702] Parameters [ 1.67337587  1.45096879 -0.04509058  2.41498605  1.72672187  1.53172268
  0.04564431  2.40329597] REAL [0.48744787] FAKE [0.49906809] 
282 epoch LOSS [-1.34715822] Parameters [ 1.67337348  1.4509477  -0.04474924  2.41219896  1.72672818  1.53168244
  0.04573194  2.4006124 ] REAL [0.51832264] FAKE [0.49842435] 
283 epoch LOSS [-1.34197927] Parameters [ 1.67336548  1.45093614 -0.04482833  2.40919153  1.72674131  1.53165563
  0.04578785  2.39760581] REAL [0.52006305] FAKE [0.49750723] 
284 epoch LOSS [-1.36755352] Parameters [ 1.67338421  1.45095638 -0.04544214  2.40605825  1.72678572  1.53168465
  0.04499363  2.39465984] REAL [0.50685297] FAKE [0.49742943] 
285 epoch LOSS [-1.42335042] Parameters [ 1.67338904  1.45095044 -0.0464704   2.40283768  1.72676606  1.53168657
  0.04462947  2.39144272] REAL [0.47888749] FAKE [0.49694755] 
286 epoch LOSS [-1.38848765] Parameters [ 1.67339292  1.45090265 -0.04608741  2.39947332  1.72678896  1.53174838
  0.04457806  2.38813048] REAL [0.49601592] FAKE [0.49708816] 
287 epoch LOSS [-1.34158438] Parameters [ 1.67340731  1.45087503 -0.04568972  2.3961553   1.72674695  1.53175718
  0.04524159  2.38470986] REAL [0.52041158] FAKE [0.49764544] 
288 epoch LOSS [-1.41682202] Parameters [ 1.6733582   1.45083423 -0.04717257  2.39276949  1.72674011  1.53173215
  0.04400239  2.38130113] REAL [0.48304857] FAKE [0.49801445] 
289 epoch LOSS [-1.39298575] Parameters [ 1.67330397  1.4508578  -0.04650773  2.38933447  1.72675111  1.53180048
  0.04439887  2.37786009] REAL [0.49530785] FAKE [0.49862951] 
290 epoch LOSS [-1.34787069] Parameters [ 1.67327465  1.4508443  -0.04580443  2.38585178  1.72674552  1.53174789
  0.044326    2.37449683] REAL [0.51685903] FAKE [0.49736227] 
291 epoch LOSS [-1.34363064] Parameters [ 1.67324822  1.45084817 -0.04572716  2.38246972  1.72675042  1.53177079
  0.04457636  2.37106878] REAL [0.51656957] FAKE [0.49494368] 
292 epoch LOSS [-1.41173442] Parameters [ 1.67326928  1.4508313  -0.04561298  2.3791077   1.72672418  1.53180321
  0.04518941  2.36778667] REAL [0.48404637] FAKE [0.49649411] 
293 epoch LOSS [-1.40850111] Parameters [ 1.67331724  1.45081037 -0.04545576  2.37562874  1.72671653  1.53179495
  0.04584808  2.36431801] REAL [0.48515024] FAKE [0.49601282] 
294 epoch LOSS [-1.41434283] Parameters [ 1.67328557  1.4508059  -0.04553313  2.37239718  1.72671922  1.5317888
  0.04625159  2.36104705] REAL [0.48251834] FAKE [0.4962154] 
295 epoch LOSS [-1.40834049] Parameters [ 1.67327979  1.45085207 -0.04585038  2.36905369  1.72676074  1.53179928
  0.04620029  2.35761032] REAL [0.48624537] FAKE [0.49706713] 
296 epoch LOSS [-1.36030347] Parameters [ 1.67326535  1.45086224 -0.04640019  2.36576019  1.72676984  1.53182225
  0.04638755  2.35424579] REAL [0.51296985] FAKE [0.49980901] 
297 epoch LOSS [-1.3839847] Parameters [ 1.67326232  1.45086506 -0.04711851  2.36278321  1.72676631  1.5318086
  0.04585015  2.35133495] REAL [0.50101994] FAKE [0.49986406] 
298 epoch LOSS [-1.3918906] Parameters [ 1.67329063  1.45086676 -0.04703067  2.35977751  1.72675616  1.53177367
  0.04564881  2.34830888] REAL [0.49734498] FAKE [0.50013601] 
299 epoch LOSS [-1.34886933] Parameters [ 1.67328288  1.45088613 -0.0470601   2.35693986  1.72679089  1.53180089
  0.04597949  2.34550468] REAL [0.5184882] FAKE [0.49944176] 
