RUN 10_12_2021__23_53_54 
0 epoch LOSS [-1.79685413] Parameters [1.74286919 1.53060987 1.72355319 1.51287763 1.54045418 1.63786099
 1.61150408 1.51285368] REAL [0.89056933] FAKE [0.81380482] 
1 epoch LOSS [-1.49583598] Parameters [1.74287632 1.53063464 1.73109973 1.51061198 1.54044048 1.6378803
 1.61904921 1.51056654] REAL [0.84372687] FAKE [0.73443868] 
2 epoch LOSS [-1.29775032] Parameters [1.74286458 1.53053273 1.73901667 1.50827535 1.54048931 1.6378639
 1.62701242 1.50822554] REAL [0.7959621] FAKE [0.65683593] 
3 epoch LOSS [-1.17548532] Parameters [1.74289194 1.530547   1.746477   1.50599861 1.54046386 1.63788949
 1.63450299 1.50603696] REAL [0.75402052] FAKE [0.59063562] 
4 epoch LOSS [-1.10692164] Parameters [1.74288068 1.53049017 1.75422642 1.50417148 1.54049656 1.63781664
 1.64219769 1.50423896] REAL [0.71782852] FAKE [0.53947911] 
5 epoch LOSS [-1.06607117] Parameters [1.74286476 1.53045285 1.76144705 1.50244599 1.54051113 1.63780575
 1.6494698  1.50247925] REAL [0.69013159] FAKE [0.50102445] 
6 epoch LOSS [-1.03634131] Parameters [1.74283712 1.53046782 1.76836665 1.50073292 1.54052531 1.63777936
 1.65634084 1.5007712 ] REAL [0.67114054] FAKE [0.47142184] 
7 epoch LOSS [-1.01097822] Parameters [1.74282475 1.53046336 1.7758859  1.49906541 1.54056746 1.63780154
 1.66383551 1.49920915] REAL [0.66091338] FAKE [0.44945453] 
8 epoch LOSS [-0.99685215] Parameters [1.74283017 1.53041143 1.78370559 1.49724149 1.54055209 1.6377706
 1.67163383 1.49739099] REAL [0.65179204] FAKE [0.43380822] 
9 epoch LOSS [-0.99151159] Parameters [1.74283433 1.53042135 1.79163746 1.4954069  1.54049849 1.63778428
 1.67954433 1.49552135] REAL [0.64139624] FAKE [0.42155033] 
10 epoch LOSS [-0.97766431] Parameters [1.74278561 1.53043811 1.80042139 1.49345554 1.54052732 1.63779497
 1.68811014 1.49344285] REAL [0.64107581] FAKE [0.4131915] 
11 epoch LOSS [-0.96774067] Parameters [1.74281304 1.53043716 1.80935421 1.49122552 1.54050725 1.63780165
 1.69720617 1.49144108] REAL [0.63798357] FAKE [0.40446667] 
12 epoch LOSS [-0.95115357] Parameters [1.74279651 1.53045638 1.81937637 1.48904125 1.54050978 1.63783431
 1.70715478 1.48925943] REAL [0.64107236] FAKE [0.39742349] 
13 epoch LOSS [-0.93487435] Parameters [1.7428218  1.53039122 1.83008692 1.48683172 1.54050836 1.63789368
 1.7179074  1.48694411] REAL [0.64500158] FAKE [0.39126475] 
14 epoch LOSS [-0.92354118] Parameters [1.74277595 1.53039245 1.84163258 1.48435097 1.54050804 1.63791096
 1.72942774 1.48452319] REAL [0.64648015] FAKE [0.38573472] 
15 epoch LOSS [-0.91053898] Parameters [1.74272846 1.53038205 1.8543324  1.48185295 1.54049128 1.63781114
 1.74179613 1.48188127] REAL [0.6502151] FAKE [0.3812704] 
16 epoch LOSS [-0.91187354] Parameters [1.74280808 1.5303237  1.8675461  1.47920461 1.54042181 1.63781392
 1.75535932 1.4791721 ] REAL [0.64605855] FAKE [0.37812017] 
17 epoch LOSS [-0.89235699] Parameters [1.74277281 1.53033322 1.88187163 1.47635882 1.54047999 1.63784815
 1.76992928 1.47645288] REAL [0.65476059] FAKE [0.37429194] 
18 epoch LOSS [-0.88921957] Parameters [1.74269867 1.5303224  1.897551   1.47321732 1.54058669 1.63784636
 1.78553972 1.47346206] REAL [0.65430579] FAKE [0.37188946] 
19 epoch LOSS [-0.87282752] Parameters [1.74271531 1.53028029 1.91494607 1.47000339 1.54070079 1.63789108
 1.80272777 1.47048601] REAL [0.66277166] FAKE [0.36966431] 
20 epoch LOSS [-0.87659998] Parameters [1.7427526  1.53037655 1.93373155 1.46639114 1.54060924 1.6378629
 1.82113822 1.46707244] REAL [0.65970916] FAKE [0.36912263] 
21 epoch LOSS [-0.86525657] Parameters [1.74286769 1.53047239 1.95402616 1.46269254 1.54066008 1.63789045
 1.84155782 1.46338676] REAL [0.65981846] FAKE [0.36203128] 
22 epoch LOSS [-0.86699684] Parameters [1.74283369 1.53062337 1.97658112 1.45885898 1.5405851  1.63793213
 1.86415885 1.45949044] REAL [0.6603723] FAKE [0.36367468] 
23 epoch LOSS [-0.83877919] Parameters [1.74291407 1.53075183 2.00069647 1.45504993 1.54063807 1.63805647
 1.88845276 1.45561166] REAL [0.67203523] FAKE [0.35682258] 
24 epoch LOSS [-0.84995681] Parameters [1.74282551 1.53062373 2.02771284 1.4505109  1.54061373 1.63818957
 1.91533099 1.45107615] REAL [0.6629381] FAKE [0.35524388] 
25 epoch LOSS [-0.83846901] Parameters [1.74283052 1.53069391 2.05732455 1.44607409 1.54068377 1.63820827
 1.94522863 1.44704907] REAL [0.67486837] FAKE [0.35932399] 
26 epoch LOSS [-0.8420917] Parameters [1.74277213 1.53080498 2.0898772  1.44122539 1.54075734 1.63830821
 1.97727208 1.44195717] REAL [0.66873646] FAKE [0.35578739] 
27 epoch LOSS [-0.84135556] Parameters [1.74273777 1.53060684 2.12600016 1.43632419 1.54097329 1.63824318
 2.01342731 1.43719585] REAL [0.66989005] FAKE [0.35642318] 
28 epoch LOSS [-0.84312981] Parameters [1.74227986 1.53036329 2.16616724 1.43118898 1.54083471 1.63827638
 2.05338667 1.4318388 ] REAL [0.67238069] FAKE [0.35994375] 
29 epoch LOSS [-0.86002085] Parameters [1.74233029 1.53032093 2.21014753 1.42545446 1.5405969  1.63804517
 2.09792761 1.42608317] REAL [0.67362874] FAKE [0.37183016] 
30 epoch LOSS [-0.87803868] Parameters [1.74269836 1.53026406 2.25836746 1.41970144 1.54061437 1.63837403
 2.14593846 1.42026754] REAL [0.65844854] FAKE [0.36882353] 
31 epoch LOSS [-0.89787634] Parameters [1.74278664 1.53048157 2.31067722 1.41388792 1.54113135 1.63832451
 2.19846612 1.41439299] REAL [0.66230477] FAKE [0.384824] 
32 epoch LOSS [-0.91286458] Parameters [1.74268007 1.53061906 2.3674564  1.40821462 1.54094997 1.63805648
 2.2546672  1.40920063] REAL [0.66182303] FAKE [0.39353453] 
33 epoch LOSS [-0.92915963] Parameters [1.74275018 1.53051388 2.4277109  1.40315912 1.54099268 1.63818638
 2.31495176 1.40346154] REAL [0.64855731] FAKE [0.39113257] 
34 epoch LOSS [-0.97089133] Parameters [1.74272229 1.53037403 2.49055163 1.39840585 1.54077096 1.638965
 2.37791364 1.39875704] REAL [0.64086627] FAKE [0.4090104] 
35 epoch LOSS [-1.02618905] Parameters [1.74264344 1.53035256 2.55536806 1.3946448  1.54068145 1.63927448
 2.44274558 1.39498904] REAL [0.61979493] FAKE [0.42179247] 
36 epoch LOSS [-1.08590658] Parameters [1.74264126 1.53023038 2.62022961 1.39106553 1.54107757 1.63918517
 2.50795129 1.39136502] REAL [0.61189956] FAKE [0.44828267] 
37 epoch LOSS [-1.16603884] Parameters [1.74259622 1.53005198 2.68391551 1.38962587 1.54118701 1.63906626
 2.57150655 1.38950392] REAL [0.58883289] FAKE [0.47081965] 
38 epoch LOSS [-1.19970777] Parameters [1.74290758 1.53086329 2.7444034  1.38877097 1.5416877  1.63977642
 2.63179799 1.38839519] REAL [0.58368485] FAKE [0.4838272] 
39 epoch LOSS [-1.22914722] Parameters [1.74234625 1.53106833 2.80031295 1.38894823 1.54178379 1.63965344
 2.68775496 1.38865457] REAL [0.57030465] FAKE [0.48704268] 
40 epoch LOSS [-1.27024364] Parameters [1.74284902 1.53082226 2.85152057 1.38917757 1.54184091 1.63948386
 2.73831994 1.38986595] REAL [0.5529306] FAKE [0.49222704] 
41 epoch LOSS [-1.31012348] Parameters [1.7428209  1.53098471 2.89721506 1.39011864 1.54186083 1.63973264
 2.78407678 1.39065874] REAL [0.54200366] FAKE [0.50224184] 
42 epoch LOSS [-1.31431274] Parameters [1.74301168 1.53088819 2.93767887 1.39119741 1.54215543 1.63957163
 2.82421034 1.3922218 ] REAL [0.53826311] FAKE [0.50087811] 
43 epoch LOSS [-1.32667424] Parameters [1.74348589 1.5308348  2.97306875 1.39265694 1.54229929 1.63959019
 2.8598217  1.39366763] REAL [0.53463516] FAKE [0.50366468] 
44 epoch LOSS [-1.33757578] Parameters [1.74342062 1.53073107 3.00386942 1.39360832 1.54227382 1.6396184
 2.89069852 1.39484194] REAL [0.52776605] FAKE [0.50265613] 
45 epoch LOSS [-1.33966943] Parameters [1.74330956 1.53074962 3.03030431 1.39455143 1.54212514 1.63940143
 2.91751971 1.3958557 ] REAL [0.52523348] FAKE [0.50130323] 
46 epoch LOSS [-1.38197935] Parameters [1.743336   1.53079603 3.05254601 1.39525234 1.54221901 1.63934097
 2.93921606 1.39662907] REAL [0.50728689] FAKE [0.50505111] 
47 epoch LOSS [-1.36897795] Parameters [1.74330972 1.53080494 3.07220073 1.39580735 1.54214388 1.63925991
 2.95912052 1.39716619] REAL [0.50849536] FAKE [0.49976574] 
48 epoch LOSS [-1.37009694] Parameters [1.74317633 1.53079348 3.08876477 1.3957565  1.5422236  1.63928158
 2.97554086 1.39727583] REAL [0.50671378] FAKE [0.49856835] 
49 epoch LOSS [-1.34562936] Parameters [1.7430742  1.53065948 3.103064   1.39551122 1.54230966 1.63922069
 2.98983797 1.39698085] REAL [0.51778301] FAKE [0.49713339] 
50 epoch LOSS [-1.34222912] Parameters [1.74306021 1.53066823 3.11524121 1.39498566 1.54244798 1.63927476
 3.00214528 1.39637322] REAL [0.51647032] FAKE [0.49413814] 
51 epoch LOSS [-1.35100956] Parameters [1.74302704 1.5306511  3.12634994 1.39393009 1.54248927 1.63938353
 3.01334839 1.39529518] REAL [0.50820999] FAKE [0.49041011] 
52 epoch LOSS [-1.34302184] Parameters [1.74299142 1.53066573 3.13505812 1.39249762 1.54249166 1.63932379
 3.02236264 1.39398051] REAL [0.51062732] FAKE [0.48875511] 
53 epoch LOSS [-1.32597286] Parameters [1.7429965  1.53070065 3.14242548 1.3907921  1.54250967 1.63931902
 3.0299193  1.39225973] REAL [0.51663742] FAKE [0.48601382] 
54 epoch LOSS [-1.30476824] Parameters [1.74295963 1.53072889 3.14934321 1.38849787 1.54247588 1.63931528
 3.03709986 1.38993764] REAL [0.52627009] FAKE [0.48460801] 
55 epoch LOSS [-1.3095954] Parameters [1.74301586 1.53072972 3.15626531 1.38586097 1.54251287 1.63934585
 3.04368206 1.38721412] REAL [0.52137856] FAKE [0.48227782] 
56 epoch LOSS [-1.30167074] Parameters [1.74297664 1.53069834 3.16143925 1.38281613 1.54245604 1.63930343
 3.04906026 1.38403845] REAL [0.52291115] FAKE [0.4796882] 
57 epoch LOSS [-1.29184099] Parameters [1.74294824 1.53074327 3.16530967 1.37922973 1.5424564  1.63932385
 3.05345801 1.38037525] REAL [0.52676629] FAKE [0.47839396] 
58 epoch LOSS [-1.29463849] Parameters [1.74296265 1.53072291 3.16920448 1.3750572  1.54246405 1.63933193
 3.05747267 1.37606785] REAL [0.52382358] FAKE [0.47692905] 
59 epoch LOSS [-1.26946105] Parameters [1.74297971 1.53070126 3.17263414 1.37011341 1.54246269 1.63933506
 3.06082986 1.37117712] REAL [0.53428773] FAKE [0.47409794] 
60 epoch LOSS [-1.25711467] Parameters [1.74301877 1.53075688 3.17598983 1.36481983 1.54244333 1.63929041
 3.0638756  1.36592274] REAL [0.53752607] FAKE [0.47077238] 
61 epoch LOSS [-1.28291001] Parameters [1.74305096 1.53075286 3.17923991 1.3590172  1.54248643 1.6392921
 3.06684916 1.36007301] REAL [0.5224397] FAKE [0.46935621] 
62 epoch LOSS [-1.24939811] Parameters [1.74302082 1.53075964 3.18141587 1.35218552 1.54250432 1.63927705
 3.06955172 1.35331866] REAL [0.53900218] FAKE [0.46813333] 
63 epoch LOSS [-1.2442455] Parameters [1.74300182 1.53075691 3.1837859  1.34491062 1.54250785 1.63926426
 3.07139997 1.34610337] REAL [0.53910858] FAKE [0.46549127] 
64 epoch LOSS [-1.24439527] Parameters [1.74299791 1.53078014 3.18586522 1.336734   1.54252578 1.63926141
 3.07385608 1.33821818] REAL [0.53809127] FAKE [0.46456093] 
65 epoch LOSS [-1.25104322] Parameters [1.74307265 1.53071879 3.18691836 1.32797257 1.5425199  1.63927803
 3.07458041 1.32924451] REAL [0.53275789] FAKE [0.462784] 
66 epoch LOSS [-1.24666048] Parameters [1.74317714 1.53073474 3.18890156 1.31830503 1.54251961 1.63927814
 3.07630412 1.3195366 ] REAL [0.53289442] FAKE [0.46056259] 
67 epoch LOSS [-1.21720317] Parameters [1.74319191 1.53071679 3.18949396 1.30742213 1.54254213 1.63930006
 3.07711817 1.30882531] REAL [0.54882055] FAKE [0.46055768] 
68 epoch LOSS [-1.22918213] Parameters [1.74323784 1.53071358 3.19080908 1.29558112 1.54250891 1.63928264
 3.07853691 1.29699761] REAL [0.53962871] FAKE [0.45790184] 
69 epoch LOSS [-1.21935468] Parameters [1.74330093 1.53067369 3.19220648 1.28281094 1.54258061 1.63928951
 3.07965081 1.28433388] REAL [0.54362767] FAKE [0.45657522] 
70 epoch LOSS [-1.20407621] Parameters [1.74335886 1.53076233 3.19332668 1.26893357 1.54257135 1.63942097
 3.08086924 1.27039016] REAL [0.54908264] FAKE [0.45369065] 
71 epoch LOSS [-1.22831145] Parameters [1.74332315 1.53075569 3.19374845 1.25334082 1.54253194 1.63942823
 3.08102341 1.25475496] REAL [0.53524614] FAKE [0.4529871] 
72 epoch LOSS [-1.19421751] Parameters [1.7432277  1.53072308 3.19413358 1.23663647 1.54250853 1.6393802
 3.08187608 1.2379644 ] REAL [0.549552] FAKE [0.44874933] 
73 epoch LOSS [-1.2189429] Parameters [1.74332634 1.53067451 3.19412429 1.21822107 1.54252084 1.63948454
 3.08181241 1.21917478] REAL [0.54015458] FAKE [0.45285585] 
74 epoch LOSS [-1.20030415] Parameters [1.74327303 1.53063569 3.19408294 1.19831037 1.54254943 1.63944158
 3.08208055 1.1994313 ] REAL [0.55051973] FAKE [0.45305754] 
75 epoch LOSS [-1.19730076] Parameters [1.74335088 1.53064655 3.19457642 1.17673817 1.54256495 1.63938839
 3.08279353 1.17748942] REAL [0.54949681] FAKE [0.45039116] 
76 epoch LOSS [-1.19791318] Parameters [1.74339046 1.53056032 3.19480898 1.15313456 1.54251598 1.63934118
 3.08331399 1.15382058] REAL [0.55125192] FAKE [0.45247646] 
77 epoch LOSS [-1.18364396] Parameters [1.7432647  1.53047876 3.19510749 1.12723679 1.54245608 1.63920788
 3.08376505 1.12781038] REAL [0.5562419] FAKE [0.44959007] 
78 epoch LOSS [-1.20322785] Parameters [1.74317258 1.53061269 3.19537768 1.09934547 1.54253406 1.63928155
 3.08429066 1.0996981 ] REAL [0.54815913] FAKE [0.45230582] 
79 epoch LOSS [-1.21141873] Parameters [1.74326871 1.53074156 3.19493327 1.06961293 1.54253217 1.63933868
 3.08388198 1.06974506] REAL [0.54404362] FAKE [0.45266426] 
80 epoch LOSS [-1.21476202] Parameters [1.7432162  1.53055411 3.1957912  1.03666466 1.54231785 1.63949648
 3.08456269 1.03681326] REAL [0.55016992] FAKE [0.4605655] 
81 epoch LOSS [-1.23964509] Parameters [1.74342904 1.53044361 3.19653032 1.0013427  1.54223839 1.63973067
 3.08512979 1.00213245] REAL [0.54161531] FAKE [0.46551189] 
82 epoch LOSS [-1.2632706] Parameters [1.74338293 1.53005193 3.19651594 0.96381828 1.54232767 1.63969782
 3.08552936 0.96437603] REAL [0.53415622] FAKE [0.47070199] 
83 epoch LOSS [-1.29726489] Parameters [1.74341988 1.53012482 3.19734931 0.92427833 1.54230982 1.63927981
 3.08638915 0.92473898] REAL [0.52908158] FAKE [0.48348567] 
84 epoch LOSS [-1.29192224] Parameters [1.74383998 1.52990803 3.19766245 0.88231812 1.54210597 1.63935291
 3.08660739 0.88278489] REAL [0.52763902] FAKE [0.47929902] 
85 epoch LOSS [-1.2832644] Parameters [1.74396265 1.5299516  3.197666   0.83893554 1.54189168 1.63918813
 3.08716505 0.83946435] REAL [0.53484032] FAKE [0.48184319] 
86 epoch LOSS [-1.34691275] Parameters [1.7435881  1.52958067 3.19777457 0.79439116 1.54164538 1.63937772
 3.08716526 0.79477419] REAL [0.51633615] FAKE [0.49637104] 
87 epoch LOSS [-1.36443395] Parameters [1.74362467 1.53016222 3.1976181  0.74919663 1.54146394 1.6394051
 3.08769892 0.74934683] REAL [0.51202991] FAKE [0.50095635] 
88 epoch LOSS [-1.41353087] Parameters [1.74338448 1.53020299 3.1969783  0.70366011 1.54153566 1.63960677
 3.08749234 0.70368861] REAL [0.49866468] FAKE [0.51213155] 
89 epoch LOSS [-1.44297266] Parameters [1.74346103 1.52985715 3.19757147 0.65848099 1.54133027 1.63962238
 3.08730551 0.65858597] REAL [0.50252785] FAKE [0.52992755] 
90 epoch LOSS [-1.48002052] Parameters [1.7433147  1.52991139 3.19689786 0.61485623 1.54125631 1.64000768
 3.08682225 0.61453064] REAL [0.48562503] FAKE [0.53125765] 
91 epoch LOSS [-1.49366431] Parameters [1.74322703 1.52980299 3.1977171  0.57266677 1.54131463 1.63987264
 3.08723943 0.57258344] REAL [0.49195715] FAKE [0.5435612] 
92 epoch LOSS [-1.50488809] Parameters [1.74335827 1.52958059 3.19755841 0.53246846 1.54114381 1.63998685
 3.08668654 0.5324228 ] REAL [0.48546812] FAKE [0.54262261] 
93 epoch LOSS [-1.55172376] Parameters [1.74340141 1.52929992 3.19781534 0.49486946 1.54119386 1.64024871
 3.08635367 0.49486099] REAL [0.46777207] FAKE [0.54703917] 
94 epoch LOSS [-1.55904935] Parameters [1.74354548 1.52946121 3.19804188 0.45998827 1.54125581 1.6400281
 3.08670604 0.45969785] REAL [0.4724554] FAKE [0.55480256] 
95 epoch LOSS [-1.5396606] Parameters [1.74345291 1.52957597 3.19766109 0.42822318 1.54133341 1.64041172
 3.08670755 0.42755635] REAL [0.47667488] FAKE [0.55010452] 
96 epoch LOSS [-1.58608762] Parameters [1.74346767 1.52943571 3.1978345  0.39921785 1.54142653 1.64035947
 3.08683744 0.39854452] REAL [0.46639282] FAKE [0.56104597] 
97 epoch LOSS [-1.57110061] Parameters [1.74331413 1.52951908 3.19790269 0.37288172 1.54157752 1.64037496
 3.08704344 0.37216528] REAL [0.47060031] FAKE [0.55840163] 
98 epoch LOSS [-1.59139835] Parameters [1.74314356 1.52956544 3.1979216  0.34896822 1.54154133 1.64040854
 3.08712066 0.34814451] REAL [0.45956962] FAKE [0.55688835] 
99 epoch LOSS [-1.57997907] Parameters [1.74309318 1.52964759 3.19806124 0.32729343 1.54143323 1.64048417
 3.08637446 0.3261239 ] REAL [0.46423157] FAKE [0.5563003] 
100 epoch LOSS [-1.57373841] Parameters [1.74314134 1.52971733 3.19753173 0.30830722 1.54155751 1.64031703
 3.08630492 0.30688236] REAL [0.4643956] FAKE [0.55368036] 
101 epoch LOSS [-1.54584222] Parameters [1.74316567 1.529754   3.19752793 0.29100442 1.54146252 1.64020942
 3.08624094 0.28968656] REAL [0.47604237] FAKE [0.55228294] 
102 epoch LOSS [-1.56831672] Parameters [1.74318852 1.52975448 3.1971502  0.27551364 1.54155602 1.640237
 3.08602508 0.27393418] REAL [0.46288611] FAKE [0.54979061] 
103 epoch LOSS [-1.53763308] Parameters [1.74317744 1.52977706 3.19748302 0.2617446  1.54146969 1.64019213
 3.08591771 0.26028297] REAL [0.47466458] FAKE [0.54728216] 
104 epoch LOSS [-1.51644182] Parameters [1.74314708 1.52983774 3.19703528 0.24958125 1.54147181 1.64016669
 3.08551971 0.24826379] REAL [0.48339372] FAKE [0.54593641] 
105 epoch LOSS [-1.5305275] Parameters [1.74313322 1.52986362 3.19727567 0.23870269 1.54146773 1.640129
 3.08565294 0.23745627] REAL [0.47305987] FAKE [0.54250722] 
106 epoch LOSS [-1.5249009] Parameters [1.74315372 1.52989518 3.19682884 0.22918241 1.54147121 1.64017461
 3.0853233  0.22773126] REAL [0.4736293] FAKE [0.54047897] 
107 epoch LOSS [-1.50522532] Parameters [1.74317962 1.52992406 3.19722166 0.22054453 1.54153515 1.6401981
 3.08540996 0.2190153 ] REAL [0.47927854] FAKE [0.53687208] 
108 epoch LOSS [-1.49349318] Parameters [1.74317726 1.52993613 3.19771242 0.21316976 1.54151264 1.64015884
 3.08587064 0.21155584] REAL [0.48341034] FAKE [0.53541175] 
109 epoch LOSS [-1.51220016] Parameters [1.74316588 1.52994895 3.19769862 0.20676899 1.54153402 1.64012101
 3.08583829 0.20513575] REAL [0.47113879] FAKE [0.53214535] 
110 epoch LOSS [-1.46169905] Parameters [1.74317762 1.52996492 3.19752717 0.2008902  1.54155915 1.64018023
 3.08566539 0.19935243] REAL [0.4921579] FAKE [0.52892755] 
111 epoch LOSS [-1.47045525] Parameters [1.74316006 1.52997459 3.19731592 0.19583729 1.5415383  1.64018429
 3.08585621 0.19427305] REAL [0.48570112] FAKE [0.52682663] 
112 epoch LOSS [-1.46611766] Parameters [1.7431675  1.5299942  3.19747203 0.19145674 1.54152726 1.6401852
 3.08599611 0.18989714] REAL [0.48516694] FAKE [0.52424651] 
113 epoch LOSS [-1.43621759] Parameters [1.74317287 1.52998171 3.19784228 0.1878826  1.54153507 1.64017459
 3.08615033 0.18637052] REAL [0.49627824] FAKE [0.5207817] 
114 epoch LOSS [-1.44456116] Parameters [1.74318764 1.52997183 3.19788617 0.18487245 1.54154561 1.6401701
 3.08654322 0.18328614] REAL [0.48947165] FAKE [0.51815483] 
115 epoch LOSS [-1.42688849] Parameters [1.74319157 1.52997289 3.19799445 0.18240979 1.54154512 1.64017288
 3.0868289  0.18081244] REAL [0.4952892] FAKE [0.51532419] 
116 epoch LOSS [-1.41330106] Parameters [1.74319005 1.52997808 3.1983243  0.18040971 1.54155055 1.6401763
 3.08725346 0.17890734] REAL [0.49978618] FAKE [0.51311443] 
117 epoch LOSS [-1.42593157] Parameters [1.74319184 1.52997066 3.198383   0.1790166  1.54155291 1.64017977
 3.08738815 0.17753363] REAL [0.49135098] FAKE [0.51097174] 
118 epoch LOSS [-1.3824835] Parameters [1.74318892 1.52997475 3.19817556 0.17801549 1.5415512  1.64018144
 3.08705393 0.17658094] REAL [0.51069531] FAKE [0.50860223] 
119 epoch LOSS [-1.39731183] Parameters [1.74318911 1.52997632 3.19807452 0.17750092 1.54155004 1.64017761
 3.08707544 0.17606548] REAL [0.50023865] FAKE [0.50571442] 
120 epoch LOSS [-1.36497009] Parameters [1.74318757 1.5299759  3.19813557 0.17742733 1.54156141 1.64017451
 3.08704838 0.17600457] REAL [0.51435226] FAKE [0.50347585] 
121 epoch LOSS [-1.36969177] Parameters [1.74319121 1.52997885 3.19786374 0.17779038 1.54155471 1.64017946
 3.08685098 0.17638353] REAL [0.50957913] FAKE [0.50118582] 
122 epoch LOSS [-1.35289663] Parameters [1.74319115 1.52997062 3.19761317 0.17858954 1.54154849 1.64018438
 3.08685225 0.17717738] REAL [0.51573431] FAKE [0.4987915] 
123 epoch LOSS [-1.35584601] Parameters [1.74319033 1.52998014 3.19752922 0.17980703 1.54154305 1.64018006
 3.08678397 0.17840229] REAL [0.51189181] FAKE [0.49651634] 
124 epoch LOSS [-1.3547061] Parameters [1.74318663 1.52997297 3.19747468 0.18146164 1.54153525 1.64018176
 3.08667078 0.18007005] REAL [0.51034836] FAKE [0.49441766] 
125 epoch LOSS [-1.32856528] Parameters [1.74318885 1.52996855 3.1973537  0.18356183 1.54154235 1.64017535
 3.08648654 0.18215484] REAL [0.52231748] FAKE [0.49291954] 
126 epoch LOSS [-1.33091651] Parameters [1.74319413 1.52999277 3.19775169 0.18605843 1.54154673 1.64019029
 3.08691282 0.18467423] REAL [0.51822624] FAKE [0.49011657] 
127 epoch LOSS [-1.33515986] Parameters [1.74318205 1.53002894 3.19751469 0.18908803 1.54157105 1.64020652
 3.08677932 0.18769679] REAL [0.51334454] FAKE [0.48744734] 
128 epoch LOSS [-1.31736285] Parameters [1.74319671 1.53000848 3.1976017  0.19241276 1.54157218 1.64021736
 3.08685323 0.19103249] REAL [0.52141487] FAKE [0.48631939] 
129 epoch LOSS [-1.31901784] Parameters [1.74320705 1.53001773 3.19755322 0.19626935 1.5415687  1.64025116
 3.08667823 0.19488304] REAL [0.51774132] FAKE [0.48353011] 
130 epoch LOSS [-1.32249677] Parameters [1.74319712 1.5299974  3.19745428 0.20076153 1.5416001  1.64026751
 3.08662053 0.19940295] REAL [0.5148304] FAKE [0.48241371] 
131 epoch LOSS [-1.30036608] Parameters [1.74318486 1.52992905 3.19774429 0.20574825 1.54160397 1.64022121
 3.08666614 0.20443145] REAL [0.52407734] FAKE [0.48016824] 
132 epoch LOSS [-1.28403817] Parameters [1.743181   1.52992395 3.19777996 0.21116887 1.54160323 1.6402306
 3.0867413  0.20987644] REAL [0.53048847] FAKE [0.47799657] 
133 epoch LOSS [-1.28638053] Parameters [1.74319863 1.52994532 3.19805771 0.21712669 1.54160822 1.64022768
 3.08684797 0.21583684] REAL [0.52825943] FAKE [0.47702036] 
134 epoch LOSS [-1.27745943] Parameters [1.74321725 1.52993442 3.19824831 0.22382462 1.5416022  1.64023075
 3.08691992 0.22250905] REAL [0.53100253] FAKE [0.47505981] 
135 epoch LOSS [-1.28563082] Parameters [1.74321173 1.52998735 3.19821296 0.23126692 1.54166471 1.64027823
 3.08678291 0.22999135] REAL [0.52466759] FAKE [0.47304517] 
136 epoch LOSS [-1.28519854] Parameters [1.74323796 1.52997675 3.19808612 0.23931155 1.54159372 1.64029806
 3.08675931 0.23803863] REAL [0.52340371] FAKE [0.47154432] 
137 epoch LOSS [-1.27529302] Parameters [1.74324841 1.52992492 3.19794465 0.24830008 1.5416351  1.64025416
 3.08673027 0.24669907] REAL [0.52852439] FAKE [0.47145467] 
138 epoch LOSS [-1.27485476] Parameters [1.74329027 1.5299756  3.19798323 0.25794714 1.54161681 1.64029257
 3.08671147 0.25635195] REAL [0.52638458] FAKE [0.46907344] 
139 epoch LOSS [-1.2479908] Parameters [1.74320623 1.52991009 3.19792392 0.26825543 1.54162517 1.64027892
 3.0866784  0.26679132] REAL [0.54030697] FAKE [0.46867052] 
140 epoch LOSS [-1.25366212] Parameters [1.74316493 1.52993473 3.19788524 0.27982516 1.54158945 1.64030685
 3.08662406 0.27827569] REAL [0.5349716] FAKE [0.46640625] 
141 epoch LOSS [-1.23056375] Parameters [1.74317742 1.5299311  3.19772824 0.2920152  1.54155559 1.64029034
 3.08667337 0.2904299 ] REAL [0.54827209] FAKE [0.46718455] 
142 epoch LOSS [-1.23009844] Parameters [1.7430987  1.52984676 3.19753349 0.30548157 1.54151124 1.64029214
 3.08658217 0.30381553] REAL [0.54515961] FAKE [0.46389314] 
143 epoch LOSS [-1.23755487] Parameters [1.74305764 1.52991033 3.19749927 0.3200771  1.54159761 1.64026066
 3.08633983 0.31823179] REAL [0.54244284] FAKE [0.46521062] 
144 epoch LOSS [-1.24310018] Parameters [1.74310135 1.52981881 3.19744869 0.33548938 1.54155188 1.64040839
 3.08639625 0.33380247] REAL [0.53599926] FAKE [0.46177451] 
145 epoch LOSS [-1.22725508] Parameters [1.7430641  1.52993448 3.19770132 0.35216586 1.54164407 1.64038461
 3.08646978 0.35051735] REAL [0.54614842] FAKE [0.46334002] 
146 epoch LOSS [-1.21027621] Parameters [1.7429911  1.53005127 3.19769412 0.37035629 1.5417037  1.64042903
 3.08645802 0.36871829] REAL [0.55206223] FAKE [0.4599976] 
147 epoch LOSS [-1.24420518] Parameters [1.74294316 1.52999612 3.19777549 0.38991984 1.54173889 1.64034633
 3.08649212 0.38826969] REAL [0.53481407] FAKE [0.46117749] 
148 epoch LOSS [-1.23626794] Parameters [1.74312503 1.52992642 3.19782431 0.4108831  1.54168237 1.64025963
 3.08655799 0.40930769] REAL [0.54063655] FAKE [0.4627329] 
149 epoch LOSS [-1.2487567] Parameters [1.74315251 1.52987519 3.19794232 0.43348084 1.54161197 1.64016368
 3.08667148 0.43199885] REAL [0.53559248] FAKE [0.46440392] 
150 epoch LOSS [-1.22298673] Parameters [1.74301422 1.52985947 3.19827126 0.45737588 1.5417546  1.64018878
 3.08722896 0.45619392] REAL [0.55209348] FAKE [0.46684806] 
151 epoch LOSS [-1.2461776] Parameters [1.74293325 1.52992798 3.19833554 0.48326218 1.54182025 1.64026678
 3.08740083 0.48224903] REAL [0.53918379] FAKE [0.46659742] 
152 epoch LOSS [-1.24509863] Parameters [1.74287614 1.53005593 3.19825948 0.51087209 1.54181793 1.64015045
 3.08760508 0.50977388] REAL [0.5389159] FAKE [0.46575614] 
153 epoch LOSS [-1.27513427] Parameters [1.74317293 1.5301682  3.19833906 0.54018626 1.54178852 1.64022504
 3.0877982  0.53914239] REAL [0.53090068] FAKE [0.47373687] 
154 epoch LOSS [-1.2689889] Parameters [1.7431265  1.53000931 3.19848285 0.57110312 1.54166529 1.64021909
 3.08785001 0.57007701] REAL [0.53789797] FAKE [0.47738097] 
155 epoch LOSS [-1.29852873] Parameters [1.74339378 1.5298645  3.19813573 0.60426068 1.54175668 1.6401814
 3.08724703 0.60281182] REAL [0.52603579] FAKE [0.48115116] 
156 epoch LOSS [-1.29288132] Parameters [1.74333646 1.52965549 3.19816918 0.63841044 1.54160574 1.64044058
 3.08713255 0.63671458] REAL [0.53502219] FAKE [0.48697683] 
157 epoch LOSS [-1.3370675] Parameters [1.74348237 1.52933129 3.19778656 0.67418912 1.54164629 1.64031353
 3.08702273 0.67263421] REAL [0.52008083] FAKE [0.4950503] 
158 epoch LOSS [-1.33122159] Parameters [1.74401784 1.52950129 3.19766276 0.71081121 1.54163711 1.64013204
 3.08690275 0.70915198] REAL [0.52276261] FAKE [0.49469535] 
159 epoch LOSS [-1.35150394] Parameters [1.74406681 1.52877707 3.19797083 0.74828811 1.54179888 1.64001308
 3.0870722  0.74679156] REAL [0.51221004] FAKE [0.4946396] 
160 epoch LOSS [-1.38952708] Parameters [1.74382683 1.52883502 3.19805631 0.78610836 1.54222645 1.64021756
 3.08714069 0.78468836] REAL [0.50641758] FAKE [0.50792955] 
161 epoch LOSS [-1.40313688] Parameters [1.74338056 1.52919903 3.19793395 0.82395724 1.54230369 1.64030578
 3.087031   0.82268855] REAL [0.50034933] FAKE [0.508694] 
162 epoch LOSS [-1.39394435] Parameters [1.74355335 1.52904105 3.19813338 0.86149751 1.54230631 1.6403649
 3.08743636 0.8603812 ] REAL [0.51276683] FAKE [0.51616449] 
163 epoch LOSS [-1.43349149] Parameters [1.74328932 1.5290066  3.1976707  0.89832217 1.54274678 1.64029533
 3.08761728 0.89741475] REAL [0.49338851] FAKE [0.51665912] 
164 epoch LOSS [-1.44412934] Parameters [1.74376006 1.52890291 3.19619139 0.93421377 1.542774   1.64050177
 3.08584544 0.93323849] REAL [0.49715552] FAKE [0.52539716] 
165 epoch LOSS [-1.46006131] Parameters [1.74368251 1.5288756  3.19652165 0.96850199 1.54263425 1.64064287
 3.0857702  0.96752687] REAL [0.48802269] FAKE [0.5241573] 
166 epoch LOSS [-1.4837855] Parameters [1.74407741 1.52887766 3.19666101 1.00126845 1.54273902 1.64068302
 3.0862656  1.00019358] REAL [0.48033373] FAKE [0.52787493] 
167 epoch LOSS [-1.5122168] Parameters [1.74399587 1.52877111 3.19772504 1.03224843 1.54283429 1.64075334
 3.08701599 1.0312547 ] REAL [0.47126726] FAKE [0.53228067] 
168 epoch LOSS [-1.50340087] Parameters [1.74407975 1.52879713 3.19761783 1.06113841 1.54284508 1.64066653
 3.08740365 1.06004879] REAL [0.47221191] FAKE [0.529083] 
169 epoch LOSS [-1.50663555] Parameters [1.74395805 1.52886075 3.19870334 1.08807125 1.54303995 1.64075197
 3.08768674 1.08709496] REAL [0.47727052] FAKE [0.53557896] 
170 epoch LOSS [-1.52498243] Parameters [1.74411762 1.52867712 3.19871447 1.11292184 1.54307677 1.64082458
 3.08801528 1.11171722] REAL [0.46938899] FAKE [0.53636561] 
171 epoch LOSS [-1.51168576] Parameters [1.74424064 1.52870647 3.1980904  1.13614579 1.54319376 1.64074057
 3.08766894 1.13494458] REAL [0.47699569] FAKE [0.53765224] 
172 epoch LOSS [-1.51649219] Parameters [1.74422974 1.52871467 3.19618257 1.15726439 1.54324368 1.6408465
 3.08688006 1.15608264] REAL [0.46984753] FAKE [0.53286881] 
173 epoch LOSS [-1.5180853] Parameters [1.74433932 1.52869214 3.1961721  1.17637379 1.54321017 1.64088819
 3.08724962 1.17517073] REAL [0.46786965] FAKE [0.53164079] 
174 epoch LOSS [-1.5096745] Parameters [1.7442092  1.52871389 3.19551644 1.19343865 1.54331063 1.64096114
 3.08657363 1.19233658] REAL [0.47363334] FAKE [0.53343256] 
175 epoch LOSS [-1.49246446] Parameters [1.74423293 1.52876898 3.19601148 1.20911843 1.54319204 1.64096968
 3.08687216 1.2078813 ] REAL [0.47939773] FAKE [0.53104092] 
176 epoch LOSS [-1.50380061] Parameters [1.74426668 1.52883705 3.19588088 1.22315938 1.5432134  1.64108667
 3.08632725 1.22189534] REAL [0.47017408] FAKE [0.52723098] 
177 epoch LOSS [-1.49439199] Parameters [1.74426035 1.52881288 3.19567746 1.23575574 1.54318788 1.64106391
 3.086599   1.234179  ] REAL [0.47295465] FAKE [0.52556764] 
178 epoch LOSS [-1.47175771] Parameters [1.74427127 1.52887111 3.19592593 1.24678071 1.54314445 1.64103695
 3.08668048 1.24513103] REAL [0.48128963] FAKE [0.52311107] 
179 epoch LOSS [-1.4941059] Parameters [1.74426678 1.52886804 3.19609846 1.25679637 1.543193   1.64106472
 3.08697758 1.25512117] REAL [0.46907918] FAKE [0.52151107] 
180 epoch LOSS [-1.474385] Parameters [1.7442955  1.52879829 3.19578904 1.265317   1.54318343 1.64105823
 3.08685834 1.26369682] REAL [0.47571086] FAKE [0.51878444] 
181 epoch LOSS [-1.44451992] Parameters [1.74431327 1.52874853 3.19626197 1.27293902 1.54315641 1.64103424
 3.08745593 1.2712639 ] REAL [0.48790059] FAKE [0.51658333] 
182 epoch LOSS [-1.45172055] Parameters [1.74432458 1.52875462 3.19671731 1.27962865 1.54316666 1.64095731
 3.08731339 1.27795937] REAL [0.48167369] FAKE [0.51384713] 
183 epoch LOSS [-1.4619764] Parameters [1.74434484 1.52875408 3.19659078 1.28511283 1.54318769 1.64091041
 3.08770336 1.28348092] REAL [0.47427227] FAKE [0.51129815] 
184 epoch LOSS [-1.45163897] Parameters [1.74435371 1.52873244 3.19653372 1.28976582 1.5431939  1.64094129
 3.08763829 1.28821178] REAL [0.47671136] FAKE [0.50874645] 
185 epoch LOSS [-1.43040632] Parameters [1.74436988 1.52874768 3.19670307 1.29353195 1.54319935 1.64094131
 3.08750645 1.29195125] REAL [0.48563485] FAKE [0.50742475] 
186 epoch LOSS [-1.40731938] Parameters [1.74438857 1.5287451  3.19718638 1.29643024 1.54317943 1.64095092
 3.08824265 1.29489685] REAL [0.49424793] FAKE [0.50470483] 
187 epoch LOSS [-1.4133667] Parameters [1.74439648 1.52874671 3.19809547 1.29853485 1.54318521 1.6409661
 3.08894712 1.29701551] REAL [0.4892421] FAKE [0.50265378] 
188 epoch LOSS [-1.41835577] Parameters [1.74438455 1.52874072 3.19813788 1.29997745 1.54317745 1.6409657
 3.08869752 1.29839736] REAL [0.48474996] FAKE [0.50054297] 
189 epoch LOSS [-1.40540293] Parameters [1.74439022 1.52874411 3.19777548 1.30067122 1.54317226 1.64096223
 3.08783892 1.29905636] REAL [0.48892865] FAKE [0.49835582] 
190 epoch LOSS [-1.38944093] Parameters [1.74438434 1.52872955 3.19796683 1.30055031 1.54316949 1.64096005
 3.08806293 1.29896818] REAL [0.49426491] FAKE [0.49578741] 
191 epoch LOSS [-1.38735054] Parameters [1.74439034 1.52871711 3.19729963 1.29974935 1.54318262 1.64096616
 3.08778461 1.29818627] REAL [0.49326253] FAKE [0.49370553] 
192 epoch LOSS [-1.37195374] Parameters [1.74440876 1.52870897 3.19693872 1.29825396 1.54317117 1.64096214
 3.08760076 1.29668602] REAL [0.49788198] FAKE [0.49062028] 
193 epoch LOSS [-1.3624723] Parameters [1.74439173 1.52871863 3.19662713 1.29606049 1.54317999 1.64098133
 3.08757252 1.29447975] REAL [0.50092997] FAKE [0.48889658] 
194 epoch LOSS [-1.35843548] Parameters [1.74440824 1.5287127  3.19669547 1.29318031 1.54317256 1.64100056
 3.08801055 1.29158932] REAL [0.49990075] FAKE [0.48577264] 
195 epoch LOSS [-1.32603868] Parameters [1.74440687 1.52869971 3.19759532 1.2895631  1.54314686 1.64100068
 3.08889351 1.28795211] REAL [0.51406617] FAKE [0.48347697] 
196 epoch LOSS [-1.31462632] Parameters [1.74440245 1.52869726 3.19754732 1.28530098 1.54315439 1.64099358
 3.08879502 1.28364106] REAL [0.51759003] FAKE [0.48110541] 
197 epoch LOSS [-1.30796196] Parameters [1.74439806 1.52870939 3.19744638 1.28033071 1.54311417 1.64097837
 3.08845491 1.27871202] REAL [0.51886053] FAKE [0.47891485] 
198 epoch LOSS [-1.32091979] Parameters [1.74437273 1.52878941 3.19753256 1.27461709 1.54313276 1.64092741
 3.08830904 1.2730814 ] REAL [0.51105834] FAKE [0.47777057] 
199 epoch LOSS [-1.29567079] Parameters [1.74437388 1.52879323 3.19718797 1.26815254 1.54311708 1.64097412
 3.08817237 1.26656924] REAL [0.5217549] FAKE [0.47539698] 
200 epoch LOSS [-1.29847802] Parameters [1.74434316 1.52872277 3.19716708 1.2608     1.54312202 1.64103944
 3.08771007 1.25929739] REAL [0.51832594] FAKE [0.47340683] 
201 epoch LOSS [-1.3218207] Parameters [1.74431748 1.52878679 3.1972274  1.25253656 1.54308976 1.64103763
 3.08779689 1.25103407] REAL [0.50571939] FAKE [0.47273255] 
202 epoch LOSS [-1.30569172] Parameters [1.7442849  1.52877109 3.19729097 1.24353015 1.5431791  1.64103436
 3.08736586 1.24202319] REAL [0.51391408] FAKE [0.47270363] 
203 epoch LOSS [-1.29284075] Parameters [1.74422824 1.52879101 3.19709132 1.23368817 1.54318043 1.64101383
 3.08746499 1.23207834] REAL [0.51734217] FAKE [0.46942288] 
204 epoch LOSS [-1.29460959] Parameters [1.74421643 1.52877661 3.19720991 1.22289476 1.54302437 1.64108747
 3.08734508 1.22133775] REAL [0.51541564] FAKE [0.46838086] 
205 epoch LOSS [-1.26932462] Parameters [1.74406322 1.52870929 3.1972169  1.211121   1.54295325 1.64096402
 3.08761362 1.20948756] REAL [0.52698032] FAKE [0.46673273] 
206 epoch LOSS [-1.27682393] Parameters [1.74405945 1.52877748 3.19713453 1.19836766 1.54296825 1.64094977
 3.08703474 1.1968332 ] REAL [0.52450036] FAKE [0.46821434] 
207 epoch LOSS [-1.25219059] Parameters [1.74404669 1.52873155 3.19812571 1.18471373 1.54295357 1.64088217
 3.08747175 1.18324215] REAL [0.53359418] FAKE [0.46424103] 
208 epoch LOSS [-1.25212558] Parameters [1.74403451 1.52890061 3.19760652 1.16993314 1.54311388 1.6408733
 3.08717353 1.16832244] REAL [0.53659918] FAKE [0.46720669] 
209 epoch LOSS [-1.25329779] Parameters [1.74413018 1.52885393 3.19782037 1.15413648 1.54308274 1.64093165
 3.0878116  1.1525903 ] REAL [0.53269372] FAKE [0.46392926] 
210 epoch LOSS [-1.26772111] Parameters [1.74415785 1.52882526 3.19811333 1.13699443 1.54312719 1.64086182
 3.08778658 1.13548013] REAL [0.52604827] FAKE [0.46493059] 
211 epoch LOSS [-1.25758743] Parameters [1.74415962 1.52889235 3.19818749 1.1186862  1.54318112 1.64087372
 3.08752446 1.11698833] REAL [0.53168952] FAKE [0.46521573] 
212 epoch LOSS [-1.24693959] Parameters [1.74413688 1.52884095 3.19800408 1.09935475 1.5432389  1.64079006
 3.08696144 1.09744757] REAL [0.53564654] FAKE [0.46348396] 
213 epoch LOSS [-1.25939092] Parameters [1.74423708 1.52884569 3.19762531 1.07870124 1.54310653 1.64093742
 3.08726482 1.07669018] REAL [0.53311321] FAKE [0.46760493] 
214 epoch LOSS [-1.26359615] Parameters [1.74435081 1.5287922  3.19721541 1.056787   1.54321313 1.64100094
 3.0870386  1.05476158] REAL [0.52980337] FAKE [0.46652699] 
215 epoch LOSS [-1.2689454] Parameters [1.74433462 1.52867182 3.19740377 1.03341433 1.54314029 1.64120391
 3.08695117 1.03146984] REAL [0.52736127] FAKE [0.46691583] 
216 epoch LOSS [-1.28325773] Parameters [1.74429194 1.52874412 3.19704186 1.00908301 1.54307012 1.64115601
 3.0868401  1.00724905] REAL [0.52761931] FAKE [0.47474818] 
217 epoch LOSS [-1.28052424] Parameters [1.74415159 1.52874569 3.19665343 0.98357364 1.54323814 1.64115452
 3.08670329 0.9817891 ] REAL [0.52686854] FAKE [0.47255993] 
218 epoch LOSS [-1.30242593] Parameters [1.74402459 1.5287153  3.19742001 0.95697657 1.54331191 1.64110149
 3.08633437 0.95520447] REAL [0.52198413] FAKE [0.47915763] 
219 epoch LOSS [-1.28156722] Parameters [1.7440409  1.52886931 3.19769424 0.92931293 1.54338217 1.64123518
 3.08714281 0.92773191] REAL [0.52925125] FAKE [0.47548183] 
220 epoch LOSS [-1.31118325] Parameters [1.74398384 1.52903178 3.19731304 0.90072068 1.54353058 1.64146967
 3.08762041 0.89946684] REAL [0.5242241] FAKE [0.48590501] 
221 epoch LOSS [-1.34215633] Parameters [1.74398926 1.52891919 3.19650749 0.87174966 1.54352023 1.64146816
 3.08708463 0.87062442] REAL [0.50835822] FAKE [0.48602847] 
222 epoch LOSS [-1.32791641] Parameters [1.74404773 1.52879942 3.19696848 0.8424006  1.54363898 1.64157705
 3.08727859 0.84107281] REAL [0.5250573] FAKE [0.49523814] 
223 epoch LOSS [-1.35133721] Parameters [1.74392253 1.52862409 3.19721276 0.81269673 1.54388386 1.64150249
 3.08753887 0.81122692] REAL [0.50866903] FAKE [0.49103677] 
224 epoch LOSS [-1.36083309] Parameters [1.74420804 1.52851092 3.19732036 0.78281055 1.54390419 1.64148889
 3.08786915 0.78145817] REAL [0.50982864] FAKE [0.49699365] 
225 epoch LOSS [-1.36823932] Parameters [1.74443475 1.52829595 3.19683185 0.75321096 1.54411302 1.64155503
 3.0874296  0.75201148] REAL [0.51534025] FAKE [0.50604527] 
226 epoch LOSS [-1.39511545] Parameters [1.74455288 1.52829905 3.19718677 0.72405023 1.54450884 1.64108428
 3.0871432  0.72288468] REAL [0.50856307] FAKE [0.5127361] 
227 epoch LOSS [-1.42781598] Parameters [1.7444943  1.52841573 3.19699858 0.69571449 1.54441969 1.64112927
 3.08664811 0.69454236] REAL [0.49809113] FAKE [0.51849745] 
228 epoch LOSS [-1.44608285] Parameters [1.74455776 1.52831178 3.1970084  0.66824791 1.54446792 1.64107435
 3.08652631 0.66710272] REAL [0.48972204] FAKE [0.51913347] 
229 epoch LOSS [-1.42168417] Parameters [1.74451401 1.52837158 3.196829   0.64191884 1.54455222 1.64117168
 3.08691338 0.64081413] REAL [0.50392347] FAKE [0.52114301] 
230 epoch LOSS [-1.42491572] Parameters [1.74450967 1.52844332 3.19693105 0.61712704 1.54453349 1.64136499
 3.08699346 0.61581075] REAL [0.50193264] FAKE [0.52079479] 
231 epoch LOSS [-1.46245476] Parameters [1.74443001 1.52840835 3.19717284 0.59315212 1.54474938 1.64134727
 3.08734058 0.59187535] REAL [0.48476985] FAKE [0.52210954] 
232 epoch LOSS [-1.45868747] Parameters [1.74431057 1.52818755 3.19787497 0.57084233 1.54472273 1.6415106
 3.08763494 0.56968125] REAL [0.48882837] FAKE [0.52428847] 
233 epoch LOSS [-1.43823076] Parameters [1.74423593 1.52816944 3.1973683  0.55005893 1.54484327 1.64156078
 3.08676906 0.54878239] REAL [0.49876429] FAKE [0.52412931] 
234 epoch LOSS [-1.44471779] Parameters [1.74403462 1.52837879 3.19804253 0.53084172 1.54493046 1.64161214
 3.08720307 0.52945196] REAL [0.49485917] FAKE [0.5234753] 
235 epoch LOSS [-1.47667234] Parameters [1.74403926 1.52840618 3.19794282 0.51298268 1.54487628 1.64141519
 3.0863299  0.51163288] REAL [0.48042789] FAKE [0.52459785] 
236 epoch LOSS [-1.45525722] Parameters [1.74404258 1.52841728 3.19816211 0.49693079 1.54496075 1.64139072
 3.0866738  0.4954611 ] REAL [0.49055981] FAKE [0.52433866] 
237 epoch LOSS [-1.46839709] Parameters [1.74409884 1.52838119 3.19755029 0.4824684  1.54502663 1.64142972
 3.08632866 0.48094653] REAL [0.48528005] FAKE [0.52544035] 
238 epoch LOSS [-1.4327417] Parameters [1.74412605 1.52836617 3.19736296 0.46923341 1.54495542 1.64140725
 3.08609201 0.46805023] REAL [0.50194717] FAKE [0.52454417] 
239 epoch LOSS [-1.45715786] Parameters [1.74416841 1.52844573 3.1973296  0.45760955 1.54500461 1.64143695
 3.08575114 0.45637975] REAL [0.48691312] FAKE [0.5216862] 
240 epoch LOSS [-1.45521884] Parameters [1.74416047 1.52842755 3.19699609 0.44733551 1.54503026 1.64144668
 3.08552854 0.44624302] REAL [0.4859423] FAKE [0.51980041] 
241 epoch LOSS [-1.42744473] Parameters [1.74411811 1.52842459 3.19676336 0.43832777 1.54505849 1.64143697
 3.0851606  0.43731729] REAL [0.4981197] FAKE [0.51834629] 
242 epoch LOSS [-1.42346048] Parameters [1.74410926 1.52843564 3.19688473 0.4306566  1.54506064 1.6414274
 3.08495626 0.42966814] REAL [0.49738261] FAKE [0.5157068] 
243 epoch LOSS [-1.40907356] Parameters [1.7441081  1.52841541 3.19715278 0.42412683 1.54505157 1.64145408
 3.08514396 0.42331114] REAL [0.50272693] FAKE [0.51391191] 
244 epoch LOSS [-1.43131579] Parameters [1.74411068 1.52842312 3.19690644 0.41868034 1.54503381 1.64145329
 3.08531139 0.41780249] REAL [0.4901265] FAKE [0.51238252] 
245 epoch LOSS [-1.43036984] Parameters [1.74409509 1.52843672 3.19699903 0.41424183 1.54504333 1.64148042
 3.08578699 0.4132623 ] REAL [0.48839913] FAKE [0.5101948] 
246 epoch LOSS [-1.41318285] Parameters [1.74408221 1.5284474  3.19736732 0.41086543 1.54504303 1.64147645
 3.08616204 0.40986676] REAL [0.49486278] FAKE [0.50821226] 
247 epoch LOSS [-1.42453446] Parameters [1.74409776 1.52845732 3.19753809 0.40830107 1.54504029 1.64148443
 3.08635978 0.40745024] REAL [0.48751593] FAKE [0.50643571] 
248 epoch LOSS [-1.41016012] Parameters [1.74408951 1.52845839 3.19798411 0.40668978 1.54504379 1.6414956
 3.08666033 0.405866  ] REAL [0.49378834] FAKE [0.50565015] 
249 epoch LOSS [-1.37281601] Parameters [1.74408935 1.52846204 3.19753743 0.40615461 1.54503898 1.64149602
 3.0864511  0.40534376] REAL [0.50976528] FAKE [0.50292339] 
250 epoch LOSS [-1.40702058] Parameters [1.74408213 1.52845109 3.19754461 0.40644374 1.54503792 1.64152375
 3.08679499 0.40561756] REAL [0.49118495] FAKE [0.50146727] 
251 epoch LOSS [-1.35740278] Parameters [1.74408205 1.52845333 3.19750128 0.40764739 1.54506188 1.64151469
 3.0865997  0.4067674 ] REAL [0.51417014] FAKE [0.49952705] 
252 epoch LOSS [-1.38697314] Parameters [1.74408166 1.52846568 3.19777887 0.40960687 1.54508271 1.64152193
 3.08674297 0.40874878] REAL [0.4972867] FAKE [0.49761302] 
253 epoch LOSS [-1.37630157] Parameters [1.74410808 1.52836984 3.1978776  0.41235896 1.54507097 1.64152057
 3.08675282 0.41151694] REAL [0.50057429] FAKE [0.49555795] 
254 epoch LOSS [-1.36770889] Parameters [1.7440686  1.52840729 3.197911   0.41592956 1.54508296 1.64147311
 3.08701351 0.41511297] REAL [0.50386499] FAKE [0.49452767] 
255 epoch LOSS [-1.36766238] Parameters [1.7440589  1.52841683 3.19805046 0.42030055 1.54512869 1.64145052
 3.08687783 0.41948049] REAL [0.50121517] FAKE [0.4918317] 
256 epoch LOSS [-1.33574145] Parameters [1.74404673 1.52843756 3.19784154 0.42544918 1.54508199 1.64142782
 3.08679583 0.42463479] REAL [0.51739521] FAKE [0.49175577] 
257 epoch LOSS [-1.34285155] Parameters [1.74405326 1.5284528  3.19786417 0.43137776 1.54513406 1.64141379
 3.08694083 0.43055702] REAL [0.51272337] FAKE [0.49075841] 
258 epoch LOSS [-1.32408359] Parameters [1.74404744 1.52834972 3.19811774 0.43808615 1.54509573 1.64137621
 3.08718821 0.43725941] REAL [0.52223391] FAKE [0.49056036] 
259 epoch LOSS [-1.35576178] Parameters [1.74409222 1.52827332 3.19807319 0.44557153 1.54511215 1.64142524
 3.08718645 0.44475753] REAL [0.50211063] FAKE [0.48666518] 
260 epoch LOSS [-1.351365] Parameters [1.7441303  1.52825457 3.19833609 0.45383617 1.54501942 1.64149463
 3.08705441 0.45304118] REAL [0.50434784] FAKE [0.4866903] 
261 epoch LOSS [-1.32379541] Parameters [1.74414354 1.52833014 3.1982363  0.46293648 1.54509107 1.64152181
 3.08683803 0.46211289] REAL [0.5189497] FAKE [0.48718857] 
262 epoch LOSS [-1.347114] Parameters [1.74413506 1.52826703 3.19829787 0.47277709 1.54501942 1.6415004
 3.08696721 0.47192708] REAL [0.50566995] FAKE [0.48585137] 
263 epoch LOSS [-1.30842226] Parameters [1.74418338 1.52835118 3.19830233 0.48344398 1.54499878 1.64148051
 3.08715677 0.48257948] REAL [0.52544126] FAKE [0.48567781] 
264 epoch LOSS [-1.32522479] Parameters [1.74408826 1.52839948 3.19829585 0.49486957 1.54495914 1.64136634
 3.08727989 0.49392633] REAL [0.5158043] FAKE [0.48479838] 
265 epoch LOSS [-1.33281744] Parameters [1.7441661  1.52839936 3.19794106 0.50706035 1.54497021 1.64132548
 3.08674455 0.50612879] REAL [0.51399546] FAKE [0.48689594] 
266 epoch LOSS [-1.34497891] Parameters [1.74424697 1.52839519 3.19794178 0.52000538 1.54505027 1.64144957
 3.08670934 0.51913575] REAL [0.5065963] FAKE [0.48569463] 
267 epoch LOSS [-1.31814723] Parameters [1.74425853 1.52822291 3.19757844 0.53378734 1.54504356 1.6413237
 3.0862755  0.53287466] REAL [0.51850259] FAKE [0.48383922] 
268 epoch LOSS [-1.33832823] Parameters [1.74404845 1.52820222 3.19755944 0.54822726 1.54503688 1.64134267
 3.08631557 0.54730482] REAL [0.5104815] FAKE [0.48620316] 
269 epoch LOSS [-1.31103897] Parameters [1.74382244 1.52825172 3.19759164 0.56339285 1.5449078  1.64140898
 3.08642814 0.56243008] REAL [0.5244357] FAKE [0.4860383] 
270 epoch LOSS [-1.30912083] Parameters [1.74390959 1.52831739 3.19725278 0.5792105  1.54495069 1.64138134
 3.0861825  0.57826122] REAL [0.5251087] FAKE [0.48571148] 
271 epoch LOSS [-1.31916769] Parameters [1.74404133 1.52830863 3.19752546 0.59571336 1.54490517 1.64132943
 3.08620106 0.59472058] REAL [0.52024918] FAKE [0.48609677] 
272 epoch LOSS [-1.34045888] Parameters [1.7440581  1.52846927 3.19768187 0.61284076 1.54477811 1.64129126
 3.08674997 0.61176301] REAL [0.50826013] FAKE [0.48505593] 
273 epoch LOSS [-1.33945862] Parameters [1.74388055 1.52854315 3.19826471 0.63062733 1.5447815  1.64125669
 3.08727928 0.62941708] REAL [0.51491536] FAKE [0.49120286] 
274 epoch LOSS [-1.36273539] Parameters [1.74399698 1.5285966  3.19850771 0.64880717 1.54476592 1.64114318
 3.08756324 0.64753938] REAL [0.50392287] FAKE [0.49206578] 
275 epoch LOSS [-1.34512688] Parameters [1.74407316 1.52864043 3.19826735 0.66737192 1.54485941 1.64139029
 3.08723838 0.66609955] REAL [0.51060976] FAKE [0.48981262] 
276 epoch LOSS [-1.35671879] Parameters [1.74421523 1.52876876 3.19805995 0.68625988 1.54473723 1.64121005
 3.08697087 0.68504876] REAL [0.5053433] FAKE [0.49043686] 
277 epoch LOSS [-1.368782] Parameters [1.74423009 1.52902108 3.19806319 0.70535582 1.54484202 1.64124706
 3.08739395 0.70422869] REAL [0.50388706] FAKE [0.49509192] 
278 epoch LOSS [-1.33852918] Parameters [1.74438018 1.52904256 3.19797319 0.72459023 1.54475587 1.64126322
 3.08712606 0.72356466] REAL [0.51862894] FAKE [0.49437631] 
279 epoch LOSS [-1.36557124] Parameters [1.74440868 1.52894444 3.19826033 0.74398394 1.54482762 1.64127963
 3.08751802 0.74293348] REAL [0.50724887] FAKE [0.49682523] 
280 epoch LOSS [-1.36490434] Parameters [1.7444209  1.5288574  3.19771533 0.76328751 1.54483577 1.64118505
 3.08705512 0.76222808] REAL [0.50993533] FAKE [0.49914217] 
281 epoch LOSS [-1.36032539] Parameters [1.74442645 1.52880548 3.19735764 0.78241745 1.54480728 1.64142665
 3.08671659 0.7815115 ] REAL [0.51080524] FAKE [0.49770039] 
282 epoch LOSS [-1.38301315] Parameters [1.74429813 1.52871189 3.19743951 0.80130632 1.54463985 1.64158246
 3.08657731 0.80041812] REAL [0.5030086] FAKE [0.50135713] 
283 epoch LOSS [-1.40677891] Parameters [1.74429111 1.52870826 3.19718852 0.82004622 1.54457844 1.64181819
 3.08610608 0.81900133] REAL [0.49133058] FAKE [0.50149457] 
284 epoch LOSS [-1.39270393] Parameters [1.74434508 1.52863376 3.19768364 0.83836909 1.54452519 1.64179064
 3.08672523 0.83726282] REAL [0.5024969] FAKE [0.50566316] 
285 epoch LOSS [-1.40135553] Parameters [1.74435703 1.52863342 3.19755481 0.856141   1.54452479 1.64173108
 3.08648776 0.85511984] REAL [0.49761633] FAKE [0.50511487] 
286 epoch LOSS [-1.39409965] Parameters [1.7443491  1.52860008 3.19732296 0.87328392 1.54451286 1.64179626
 3.08633685 0.87225206] REAL [0.50274615] FAKE [0.50659737] 
287 epoch LOSS [-1.38688669] Parameters [1.74433596 1.52861752 3.19745794 0.88989725 1.5444256  1.64179782
 3.08658556 0.88880102] REAL [0.50382023] FAKE [0.50408509] 
288 epoch LOSS [-1.42798558] Parameters [1.74445342 1.52870536 3.19704935 0.90548516 1.54439821 1.64185987
 3.08651795 0.90443555] REAL [0.4853044] FAKE [0.5058947] 
289 epoch LOSS [-1.42680175] Parameters [1.74445638 1.52870026 3.19721842 0.92038026 1.54436475 1.64189433
 3.086815   0.91929832] REAL [0.48845456] FAKE [0.50849979] 
290 epoch LOSS [-1.39436532] Parameters [1.74459252 1.52875936 3.19642713 0.93460268 1.54426359 1.64192926
 3.08657565 0.93349347] REAL [0.50443246] FAKE [0.50837744] 
291 epoch LOSS [-1.42546539] Parameters [1.74448074 1.52870428 3.19584564 0.94781223 1.5442776  1.64186929
 3.08638851 0.94676272] REAL [0.48754027] FAKE [0.50691959] 
292 epoch LOSS [-1.39407355] Parameters [1.74451407 1.52869075 3.19588534 0.96006524 1.54419293 1.64186261
 3.08626418 0.95911634] REAL [0.5026153] FAKE [0.50645604] 
293 epoch LOSS [-1.41030584] Parameters [1.74447946 1.52868931 3.19526908 0.97173024 1.54428219 1.64184509
 3.08559766 0.97068379] REAL [0.49722931] FAKE [0.50914272] 
294 epoch LOSS [-1.41562395] Parameters [1.74448829 1.52870995 3.19572088 0.98215697 1.54423046 1.64189174
 3.08591172 0.98109694] REAL [0.49234877] FAKE [0.50690628] 
295 epoch LOSS [-1.40090498] Parameters [1.74444496 1.5287307  3.19604622 0.99168888 1.54427919 1.64184979
 3.08617284 0.99073824] REAL [0.49957226] FAKE [0.50683031] 
296 epoch LOSS [-1.42030791] Parameters [1.74453122 1.52869847 3.19628684 1.00034685 1.54430627 1.64189447
 3.08661356 0.99943994] REAL [0.48866647] FAKE [0.50551221] 
297 epoch LOSS [-1.40129808] Parameters [1.74457705 1.52870016 3.19618507 1.00805293 1.54430046 1.64190813
 3.08639623 1.00707081] REAL [0.49817078] FAKE [0.50563727] 
298 epoch LOSS [-1.39990918] Parameters [1.74455154 1.52874775 3.19609149 1.01485137 1.54428571 1.64188872
 3.08627854 1.01394873] REAL [0.49823803] FAKE [0.50501699] 
299 epoch LOSS [-1.40264585] Parameters [1.744609   1.52876779 3.19743223 1.02076463 1.54429356 1.64188247
 3.08699825 1.0197894 ] REAL [0.49476543] FAKE [0.50290511] 
300 epoch LOSS [-1.39050116] Parameters [1.74460987 1.52876468 3.1974712  1.02551258 1.54432591 1.64188408
 3.08696781 1.02450664] REAL [0.50038282] FAKE [0.50247991] 
301 epoch LOSS [-1.39798476] Parameters [1.74460176 1.52876112 3.19742376 1.0295321  1.5443168  1.6418758
 3.08737084 1.0285667 ] REAL [0.49503081] FAKE [0.50085043] 
302 epoch LOSS [-1.3942873] Parameters [1.74460208 1.52876663 3.19744032 1.03267615 1.54432608 1.6418687
 3.0874952  1.03171143] REAL [0.49581271] FAKE [0.49979151] 
303 epoch LOSS [-1.37265978] Parameters [1.74459896 1.52875817 3.19754705 1.034692   1.54433657 1.64186858
 3.08745395 1.033719  ] REAL [0.50502227] FAKE [0.49817661] 
304 epoch LOSS [-1.3952507] Parameters [1.74459536 1.52874088 3.19760431 1.03596586 1.54431966 1.64186415
 3.08766538 1.03491418] REAL [0.49382505] FAKE [0.49826175] 
305 epoch LOSS [-1.40077551] Parameters [1.74457791 1.52874697 3.19778215 1.03628574 1.54429613 1.64185363
 3.08759898 1.03525858] REAL [0.48995227] FAKE [0.49708203] 
306 epoch LOSS [-1.3738535] Parameters [1.74458204 1.52875211 3.19766734 1.03579274 1.54429208 1.64183723
 3.08753576 1.03471187] REAL [0.50162434] FAKE [0.49538006] 
307 epoch LOSS [-1.38911377] Parameters [1.74456188 1.52873482 3.19720458 1.03439122 1.5442874  1.6418267
 3.08777058 1.03336111] REAL [0.49274644] FAKE [0.4940681] 
308 epoch LOSS [-1.35352769] Parameters [1.74456283 1.52872115 3.19755818 1.03218214 1.54425732 1.64186509
 3.08791789 1.03119025] REAL [0.50966605] FAKE [0.49314389] 
309 epoch LOSS [-1.36214803] Parameters [1.74455425 1.5286823  3.19747419 1.02915329 1.54426275 1.64183915
 3.08722844 1.02815351] REAL [0.50528097] FAKE [0.49313339] 
310 epoch LOSS [-1.35868027] Parameters [1.74454559 1.52869796 3.19719578 1.02520764 1.54422618 1.64186565
 3.08667729 1.02419922] REAL [0.50377641] FAKE [0.4898536] 
311 epoch LOSS [-1.36011093] Parameters [1.74450028 1.52872443 3.19762817 1.02053452 1.5442639  1.64187713
 3.08723006 1.01955027] REAL [0.50340794] FAKE [0.49021005] 
312 epoch LOSS [-1.35053348] Parameters [1.74455405 1.52864903 3.1971165  1.0151997  1.54425881 1.64187531
 3.08713041 1.01422794] REAL [0.50902354] FAKE [0.49098229] 
313 epoch LOSS [-1.34279518] Parameters [1.74453067 1.52871162 3.1968443  1.00918562 1.54430267 1.64190676
 3.08697386 1.00814526] REAL [0.51119899] FAKE [0.48921108] 
314 epoch LOSS [-1.38411355] Parameters [1.74455297 1.52871095 3.19694661 1.00235507 1.54428629 1.64192032
 3.08630882 1.00130314] REAL [0.49110072] FAKE [0.48982808] 
315 epoch LOSS [-1.37544439] Parameters [1.74459022 1.52878286 3.19651938 0.99481684 1.54426398 1.64202221
 3.0854413  0.99373797] REAL [0.49589993] FAKE [0.49036641] 
316 epoch LOSS [-1.36896849] Parameters [1.74457113 1.52878736 3.19701777 0.98660863 1.54417833 1.64203274
 3.08594246 0.9855106 ] REAL [0.49784661] FAKE [0.48906108] 
317 epoch LOSS [-1.35816491] Parameters [1.74446287 1.52870269 3.1975066  0.97772361 1.54418745 1.64210981
 3.08608015 0.97661767] REAL [0.50597736] FAKE [0.49181085] 
318 epoch LOSS [-1.3628812] Parameters [1.74442525 1.52878008 3.19760425 0.96823049 1.54426849 1.64204146
 3.08616475 0.96711422] REAL [0.50228016] FAKE [0.49047888] 
319 epoch LOSS [-1.3706373] Parameters [1.74447688 1.52881138 3.19764384 0.9581296  1.54423568 1.64209328
 3.08603797 0.95702369] REAL [0.49536935] FAKE [0.48736217] 
320 epoch LOSS [-1.33901566] Parameters [1.74454903 1.52880334 3.19806589 0.94745171 1.54405484 1.64219224
 3.08615041 0.94638901] REAL [0.51068395] FAKE [0.48675979] 
321 epoch LOSS [-1.35342298] Parameters [1.74442853 1.5288549  3.1979494  0.93632667 1.54414888 1.6421865
 3.08579117 0.93523848] REAL [0.50618453] FAKE [0.48960431] 
322 epoch LOSS [-1.35047071] Parameters [1.74458435 1.52891668 3.19884012 0.92472988 1.54421021 1.64205759
 3.08617202 0.92364055] REAL [0.50534206] FAKE [0.48724184] 
323 epoch LOSS [-1.33636121] Parameters [1.74464105 1.52892675 3.19903223 0.91267488 1.54418686 1.64213417
 3.08630608 0.9115634 ] REAL [0.51351492] FAKE [0.48823259] 
324 epoch LOSS [-1.37008214] Parameters [1.74458812 1.52884072 3.19865736 0.90025542 1.54413408 1.64212558
 3.08571644 0.89923547] REAL [0.49753574] FAKE [0.48931089] 
325 epoch LOSS [-1.37250807] Parameters [1.74457987 1.52878352 3.19842818 0.88742272 1.54418446 1.64212452
 3.08595109 0.88644066] REAL [0.49741451] FAKE [0.49042412] 
326 epoch LOSS [-1.38290321] Parameters [1.74454122 1.52876432 3.19899373 0.87435346 1.5442121  1.64211634
 3.08696748 0.8733007 ] REAL [0.49551382] FAKE [0.49375938] 
327 epoch LOSS [-1.37788737] Parameters [1.74453974 1.52870753 3.19916541 0.86108279 1.54415929 1.64216725
 3.08666085 0.85999643] REAL [0.49849712] FAKE [0.49425865] 
328 epoch LOSS [-1.35462526] Parameters [1.74447295 1.52859678 3.1989779  0.84770162 1.54411213 1.6422782
 3.08617111 0.84657729] REAL [0.51221459] FAKE [0.496219] 
329 epoch LOSS [-1.38694493] Parameters [1.74431491 1.52872407 3.19840162 0.83406418 1.54401307 1.6421616
 3.08528339 0.832956  ] REAL [0.49280517] FAKE [0.49303005] 
330 epoch LOSS [-1.36512135] Parameters [1.74438793 1.52883171 3.19832142 0.82054934 1.54408211 1.64197003
 3.08512903 0.81936472] REAL [0.50729157] FAKE [0.49664118] 
331 epoch LOSS [-1.36366228] Parameters [1.74434668 1.52876044 3.1987371  0.80702153 1.54408762 1.64201921
 3.08501244 0.80584517] REAL [0.50903053] FAKE [0.4976283] 
332 epoch LOSS [-1.40008307] Parameters [1.74427881 1.52881146 3.19875328 0.79362323 1.54409221 1.64207442
 3.08476063 0.79243944] REAL [0.48966554] FAKE [0.49643897] 
333 epoch LOSS [-1.36056425] Parameters [1.7443203  1.52883097 3.19907867 0.78052431 1.54403285 1.64196542
 3.08473385 0.77934842] REAL [0.51201024] FAKE [0.49900221] 
334 epoch LOSS [-1.40621202] Parameters [1.74440243 1.52888094 3.19950338 0.76763017 1.54403231 1.64196353
 3.08517179 0.76650162] REAL [0.48985983] FAKE [0.49971434] 
335 epoch LOSS [-1.41205843] Parameters [1.74440577 1.5288923  3.19960162 0.75496033 1.54403773 1.64206146
 3.08537137 0.75381089] REAL [0.4890096] FAKE [0.50176592] 
336 epoch LOSS [-1.4082056] Parameters [1.74442297 1.52888478 3.1997106  0.74273482 1.54404099 1.64197911
 3.08517082 0.74157609] REAL [0.49238398] FAKE [0.50327025] 
337 epoch LOSS [-1.37078135] Parameters [1.74440538 1.52884923 3.19921338 0.73078557 1.54400549 1.64197047
 3.08494269 0.72953812] REAL [0.50867217] FAKE [0.50084061] 
338 epoch LOSS [-1.41985733] Parameters [1.74430514 1.52895685 3.19951911 0.71932416 1.5440875  1.64197491
 3.08493031 0.71811641] REAL [0.48770734] FAKE [0.50431645] 
339 epoch LOSS [-1.40604182] Parameters [1.74426123 1.52897138 3.19939722 0.70836902 1.54407495 1.64203114
 3.08466885 0.7072602 ] REAL [0.49388212] FAKE [0.50370433] 
340 epoch LOSS [-1.3840059] Parameters [1.74429626 1.52896821 3.19936871 0.6980059  1.54402228 1.64200047
 3.08413316 0.69679197] REAL [0.50631506] FAKE [0.50510504] 
341 epoch LOSS [-1.37507755] Parameters [1.74428378 1.52902662 3.19935802 0.68818146 1.54405124 1.64198113
 3.08420297 0.68693285] REAL [0.51021184] FAKE [0.50448035] 
342 epoch LOSS [-1.37366222] Parameters [1.7443181  1.52905149 3.19890648 0.67903148 1.54413481 1.64199576
 3.08415396 0.67759726] REAL [0.51077722] FAKE [0.5043278] 
343 epoch LOSS [-1.38612985] Parameters [1.74430622 1.5290231  3.19930265 0.67060269 1.54416716 1.64198743
 3.08425976 0.66901477] REAL [0.50398087] FAKE [0.50386781] 
344 epoch LOSS [-1.38505712] Parameters [1.74433082 1.52909593 3.19971948 0.66291399 1.54415486 1.64201998
 3.08470753 0.66131397] REAL [0.50579719] FAKE [0.50511884] 
345 epoch LOSS [-1.38082713] Parameters [1.74435385 1.52906939 3.19983875 0.65573773 1.54411988 1.64206227
 3.08488592 0.654166  ] REAL [0.5076951] FAKE [0.50487892] 
346 epoch LOSS [-1.37561977] Parameters [1.74435113 1.52906072 3.19929685 0.64922737 1.54410611 1.64207927
 3.08467518 0.6478479 ] REAL [0.50956081] FAKE [0.50411621] 
347 epoch LOSS [-1.37827945] Parameters [1.74433498 1.52906572 3.19950379 0.64357933 1.54407611 1.64209816
 3.08469102 0.64224714] REAL [0.50895563] FAKE [0.50484529] 
348 epoch LOSS [-1.4077472] Parameters [1.74433678 1.52908914 3.19929081 0.63830557 1.54408325 1.64205945
 3.0847087  0.63713372] REAL [0.49338154] FAKE [0.50404729] 
349 epoch LOSS [-1.39902454] Parameters [1.74435303 1.52909865 3.19948584 0.63406788 1.5440903  1.64203598
 3.08503266 0.63292796] REAL [0.49794051] FAKE [0.5042829] 
350 epoch LOSS [-1.41165849] Parameters [1.74435355 1.52910159 3.19951914 0.63044717 1.54409948 1.64203074
 3.08523967 0.62931844] REAL [0.49088064] FAKE [0.50346644] 
351 epoch LOSS [-1.40468938] Parameters [1.74434419 1.52909778 3.19928825 0.62750472 1.54410253 1.64203043
 3.0849132  0.62644674] REAL [0.49438848] FAKE [0.50354166] 
352 epoch LOSS [-1.36783662] Parameters [1.74434297 1.52909745 3.19888229 0.62520082 1.54409796 1.6420417
 3.08482727 0.6242012 ] REAL [0.51166145] FAKE [0.5022934] 
353 epoch LOSS [-1.39089108] Parameters [1.74434676 1.52911099 3.19932101 0.62365583 1.54409339 1.64204489
 3.08496321 0.62270683] REAL [0.49921482] FAKE [0.50151028] 
354 epoch LOSS [-1.36326811] Parameters [1.74434641 1.52908782 3.19939735 0.62285169 1.54408682 1.64206335
 3.08520523 0.62182167] REAL [0.51277995] FAKE [0.501105] 
355 epoch LOSS [-1.39152522] Parameters [1.74435702 1.52908958 3.1994009  0.62256694 1.54409864 1.64206498
 3.08512193 0.62144896] REAL [0.49709896] FAKE [0.49970585] 
356 epoch LOSS [-1.38576599] Parameters [1.74438437 1.5291049  3.19971457 0.62296985 1.54410631 1.64205388
 3.08530004 0.62183964] REAL [0.50095772] FAKE [0.50069213] 
357 epoch LOSS [-1.39144905] Parameters [1.74437608 1.52908089 3.19941144 0.62386072 1.54408153 1.64205121
 3.08522528 0.62262051] REAL [0.49733153] FAKE [0.49990172] 
358 epoch LOSS [-1.3554774] Parameters [1.74439515 1.52910384 3.19950073 0.62543889 1.54407007 1.64203644
 3.08559406 0.62416497] REAL [0.51382679] FAKE [0.49822745] 
359 epoch LOSS [-1.36071376] Parameters [1.74440174 1.52910275 3.19967139 0.62742249 1.5440486  1.64205205
 3.08548434 0.62620222] REAL [0.51253493] FAKE [0.49958991] 
360 epoch LOSS [-1.37516287] Parameters [1.74443769 1.52910134 3.19998275 0.63006124 1.54410476 1.64209534
 3.0857849  0.62881402] REAL [0.50393743] FAKE [0.49835356] 
361 epoch LOSS [-1.39127227] Parameters [1.74445511 1.52913502 3.1999191  0.63312125 1.54407356 1.64211173
 3.08543166 0.63189082] REAL [0.49605576] FAKE [0.49852691] 
362 epoch LOSS [-1.35714431] Parameters [1.74444489 1.5291385  3.20047162 0.63675417 1.54405562 1.64214339
 3.08616406 0.63553985] REAL [0.51225873] FAKE [0.49752976] 
363 epoch LOSS [-1.3808955] Parameters [1.74443594 1.52911633 3.1996007  0.64089805 1.5440675  1.64214324
 3.08542261 0.63970052] REAL [0.50059299] FAKE [0.49788876] 
364 epoch LOSS [-1.38491973] Parameters [1.74449492 1.52914788 3.19927465 0.64542765 1.54405425 1.64215265
 3.08550908 0.64425414] REAL [0.49793403] FAKE [0.49723482] 
365 epoch LOSS [-1.38054968] Parameters [1.74454532 1.52910026 3.1990054  0.65053766 1.54409006 1.64212332
 3.08556645 0.6494113 ] REAL [0.49972374] FAKE [0.49684139] 
366 epoch LOSS [-1.35538017] Parameters [1.74455084 1.5290382  3.19941741 0.65605941 1.54406128 1.64214796
 3.08561284 0.65488986] REAL [0.51308206] FAKE [0.49745027] 
367 epoch LOSS [-1.37125899] Parameters [1.74455047 1.52899736 3.19925927 0.66193256 1.54403698 1.64209857
 3.08557173 0.66081346] REAL [0.50329128] FAKE [0.4957448] 
368 epoch LOSS [-1.34726307] Parameters [1.74450952 1.528991   3.19899717 0.66807514 1.54403504 1.64206935
 3.08567443 0.66694337] REAL [0.51563033] FAKE [0.4958583] 
369 epoch LOSS [-1.37975708] Parameters [1.74445176 1.52897521 3.19844904 0.67460997 1.54401385 1.64205863
 3.08493924 0.6734722 ] REAL [0.50063979] FAKE [0.49736382] 
370 epoch LOSS [-1.36105814] Parameters [1.74445953 1.52903696 3.19868589 0.68159441 1.54407062 1.64201497
 3.08510165 0.68046269] REAL [0.50817421] FAKE [0.4954696] 
371 epoch LOSS [-1.38487561] Parameters [1.74451939 1.52901338 3.19941649 0.6886969  1.54406652 1.64198986
 3.08527759 0.68761066] REAL [0.49763379] FAKE [0.49690929] 
372 epoch LOSS [-1.38802996] Parameters [1.74453122 1.52905871 3.19924765 0.69608739 1.54401621 1.64194344
 3.08573391 0.69497543] REAL [0.49513507] FAKE [0.49596284] 
373 epoch LOSS [-1.34981772] Parameters [1.74456693 1.52913734 3.19868228 0.70380521 1.54405823 1.64198938
 3.08496301 0.70270307] REAL [0.51500366] FAKE [0.49653266] 
374 epoch LOSS [-1.36233581] Parameters [1.74457132 1.52919561 3.19816729 0.71161197 1.54408524 1.64203021
 3.08450049 0.71054279] REAL [0.50865726] FAKE [0.49659233] 
375 epoch LOSS [-1.37518642] Parameters [1.74456154 1.52922888 3.19798534 0.71967272 1.54412973 1.64210564
 3.08385559 0.71858874] REAL [0.50317497] FAKE [0.49760525] 
376 epoch LOSS [-1.38962022] Parameters [1.74462875 1.52934486 3.19737718 0.72776166 1.54415462 1.64204622
 3.08342933 0.72668277] REAL [0.49617982] FAKE [0.49782336] 
377 epoch LOSS [-1.38538971] Parameters [1.74457044 1.52936286 3.19766855 0.73595351 1.5441211  1.64207792
 3.08331862 0.73476601] REAL [0.49740284] FAKE [0.49693439] 
378 epoch LOSS [-1.35694414] Parameters [1.74443902 1.52947825 3.19768933 0.74426851 1.54406122 1.64209463
 3.0836693  0.74308654] REAL [0.51127431] FAKE [0.49646151] 
379 epoch LOSS [-1.37583042] Parameters [1.74442495 1.52950803 3.19728461 0.75272519 1.54406891 1.64208694
 3.08311807 0.75148924] REAL [0.50328828] FAKE [0.49804172] 
380 epoch LOSS [-1.36848453] Parameters [1.74446804 1.52957301 3.19736554 0.7609906  1.54401189 1.64213456
 3.08353967 0.75978411] REAL [0.50775826] FAKE [0.49879232] 
381 epoch LOSS [-1.3697138] Parameters [1.74449129 1.52953117 3.19826523 0.76921945 1.54396808 1.64210059
 3.0839553  0.76803368] REAL [0.50807089] FAKE [0.49971608] 
382 epoch LOSS [-1.35731413] Parameters [1.74447021 1.52954892 3.19863364 0.77749818 1.54402281 1.64210477
 3.08434349 0.77629304] REAL [0.51343831] FAKE [0.49876927] 
383 epoch LOSS [-1.40843387] Parameters [1.74444117 1.52953639 3.19913053 0.78554068 1.54405979 1.64208854
 3.08466734 0.78426168] REAL [0.4901498] FAKE [0.50111998] 
384 epoch LOSS [-1.39855497] Parameters [1.744461   1.529597   3.19932727 0.79340162 1.5439936  1.64214926
 3.08516883 0.7921711 ] REAL [0.49475696] FAKE [0.50085884] 
385 epoch LOSS [-1.39364993] Parameters [1.74452151 1.52956609 3.19885499 0.80109698 1.54395518 1.64214013
 3.08503845 0.79987762] REAL [0.49543499] FAKE [0.49909099] 
386 epoch LOSS [-1.3968268] Parameters [1.74452911 1.52957893 3.19863029 0.80864931 1.54396126 1.64209511
 3.08435349 0.80734442] REAL [0.49510054] FAKE [0.50034248] 
387 epoch LOSS [-1.39182649] Parameters [1.74441437 1.52953416 3.19798089 0.81591799 1.54395599 1.64205972
 3.08385602 0.81458085] REAL [0.4975447] FAKE [0.50030462] 
388 epoch LOSS [-1.39284997] Parameters [1.74443549 1.52947287 3.19837672 0.82292182 1.5439142  1.64210156
 3.08414337 0.82157501] REAL [0.49602326] FAKE [0.49928466] 
389 epoch LOSS [-1.40951951] Parameters [1.74437775 1.52950056 3.19925955 0.82966334 1.54394988 1.64219822
 3.08491729 0.82828621] REAL [0.48835044] FAKE [0.49982513] 
390 epoch LOSS [-1.39249469] Parameters [1.74436722 1.52950534 3.19927582 0.83610811 1.54391771 1.64220498
 3.085028   0.83468425] REAL [0.49701602] FAKE [0.50010724] 
391 epoch LOSS [-1.40506086] Parameters [1.74437494 1.5295238  3.19879431 0.84204301 1.54388352 1.64220291
 3.08462235 0.84058597] REAL [0.49099513] FAKE [0.50029622] 
392 epoch LOSS [-1.39538803] Parameters [1.7443523  1.52949921 3.19846847 0.84758624 1.54381595 1.64226769
 3.0837827  0.84618082] REAL [0.49488844] FAKE [0.49940862] 
393 epoch LOSS [-1.3791525] Parameters [1.74436869 1.52950767 3.19833166 0.85274835 1.54381203 1.64229142
 3.08456924 0.85148531] REAL [0.50437969] FAKE [0.50078906] 
394 epoch LOSS [-1.3842486] Parameters [1.74439861 1.52949526 3.19835555 0.85769208 1.54381477 1.64226352
 3.08406227 0.85646259] REAL [0.50147857] FAKE [0.50045331] 
395 epoch LOSS [-1.41235799] Parameters [1.74438699 1.52948416 3.19862298 0.86213065 1.54383698 1.64223532
 3.08404567 0.86086988] REAL [0.48671294] FAKE [0.49956483] 
396 epoch LOSS [-1.38346223] Parameters [1.74437381 1.52951166 3.19858896 0.86628183 1.54379328 1.64226693
 3.08408449 0.86505977] REAL [0.50118282] FAKE [0.49976531] 
397 epoch LOSS [-1.39781601] Parameters [1.74437746 1.52950816 3.19883612 0.86995446 1.54378961 1.6422842
 3.08409606 0.86884607] REAL [0.49394683] FAKE [0.4996706] 
398 epoch LOSS [-1.39858359] Parameters [1.74437492 1.52951886 3.19912719 0.87321165 1.54378882 1.64227108
 3.0845662  0.87214205] REAL [0.49352676] FAKE [0.49962896] 
399 epoch LOSS [-1.40951794] Parameters [1.74438595 1.52949991 3.19925274 0.875889   1.54378422 1.64227343
 3.08454554 0.87482639] REAL [0.4885538] FAKE [0.50003253] 
