RUN 11_12_2021__13_08_25 
0 epoch LOSS [-1.92694748] Parameters [1.62415695 1.64897725 1.5461401  1.57608232 1.59984989 1.64540585
 1.5064776  1.54631959] REAL [0.87637382] FAKE [0.83387005] 
1 epoch LOSS [-1.78199788] Parameters [1.62412956 1.64898899 1.5431716  1.57662472 1.59984115 1.64540793
 1.50352982 1.54678419] REAL [0.85509552] FAKE [0.80317805] 
2 epoch LOSS [-1.66075329] Parameters [1.62412391 1.64897445 1.54029313 1.5771895  1.59982524 1.64542325
 1.50081059 1.54717695] REAL [0.8285535] FAKE [0.77068976] 
3 epoch LOSS [-1.55028082] Parameters [1.62410411 1.64896312 1.53745631 1.5774583  1.59980971 1.64543783
 1.49799262 1.54771956] REAL [0.80666827] FAKE [0.73695708] 
4 epoch LOSS [-1.46193741] Parameters [1.62411861 1.64897419 1.53416148 1.57813938 1.59979772 1.64543487
 1.49486789 1.54826609] REAL [0.78078903] FAKE [0.70313777] 
5 epoch LOSS [-1.3839936] Parameters [1.6241303  1.64898365 1.53086051 1.57836602 1.59983539 1.64544207
 1.49126707 1.54854643] REAL [0.7585429] FAKE [0.6696616] 
6 epoch LOSS [-1.32651142] Parameters [1.62411061 1.64895512 1.5275932  1.5788894  1.59983581 1.6454446
 1.48807634 1.5490737 ] REAL [0.73240213] FAKE [0.63762869] 
7 epoch LOSS [-1.27272818] Parameters [1.62412569 1.64895585 1.52399634 1.57931556 1.59983692 1.64544483
 1.48451115 1.54949984] REAL [0.71270707] FAKE [0.6070384] 
8 epoch LOSS [-1.23719968] Parameters [1.6241221  1.64897398 1.52002112 1.57953095 1.59982351 1.64545949
 1.48062387 1.54963858] REAL [0.68933843] FAKE [0.57902286] 
9 epoch LOSS [-1.20266427] Parameters [1.62413304 1.64891987 1.51589848 1.5797481  1.59982024 1.64545728
 1.47628654 1.54987952] REAL [0.67158674] FAKE [0.55271181] 
10 epoch LOSS [-1.16730917] Parameters [1.62411597 1.64892619 1.51135469 1.58019605 1.59979311 1.64541831
 1.47154453 1.55039842] REAL [0.66036348] FAKE [0.52873952] 
11 epoch LOSS [-1.15023712] Parameters [1.62411704 1.64892599 1.50668396 1.58045842 1.5998022  1.64542717
 1.46682417 1.55064172] REAL [0.64251206] FAKE [0.50730622] 
12 epoch LOSS [-1.12722248] Parameters [1.62408232 1.6489514  1.50166439 1.58069697 1.5998003  1.64541503
 1.46176808 1.55076155] REAL [0.63274704] FAKE [0.48805492] 
13 epoch LOSS [-1.11537507] Parameters [1.62409725 1.64896664 1.49647928 1.58093917 1.59978328 1.6454598
 1.45692464 1.55099069] REAL [0.61911853] FAKE [0.47054999] 
14 epoch LOSS [-1.09666727] Parameters [1.62407896 1.64898414 1.49126499 1.58110837 1.59979686 1.64544754
 1.45171726 1.55121916] REAL [0.61400306] FAKE [0.45605759] 
15 epoch LOSS [-1.07494339] Parameters [1.62407778 1.64897444 1.48562763 1.58124206 1.59982685 1.64541812
 1.44608995 1.55141214] REAL [0.6128004] FAKE [0.4430208] 
16 epoch LOSS [-1.06248195] Parameters [1.62408876 1.64898109 1.47922666 1.58142937 1.59986776 1.64542325
 1.4397285  1.55172193] REAL [0.60664445] FAKE [0.43031376] 
17 epoch LOSS [-1.04920077] Parameters [1.62407343 1.64897071 1.47212203 1.58161081 1.59981901 1.64540432
 1.43255977 1.55184129] REAL [0.6039468] FAKE [0.42011855] 
18 epoch LOSS [-1.0364855] Parameters [1.62403397 1.64891248 1.46436448 1.58168321 1.59979261 1.64538811
 1.42485376 1.55194368] REAL [0.60172052] FAKE [0.41052519] 
19 epoch LOSS [-1.0240601] Parameters [1.62404404 1.64893964 1.45646559 1.58184679 1.59981549 1.64535363
 1.41680392 1.5521388 ] REAL [0.59979529] FAKE [0.40123928] 
20 epoch LOSS [-1.0269712] Parameters [1.62402043 1.64895466 1.44765326 1.58205744 1.59979499 1.64530964
 1.40781218 1.55224812] REAL [0.59070154] FAKE [0.39378878] 
21 epoch LOSS [-1.00598923] Parameters [1.6240715  1.64894288 1.43838704 1.58211633 1.59973641 1.64530772
 1.39880806 1.5523269 ] REAL [0.59582508] FAKE [0.38625827] 
22 epoch LOSS [-1.0004006] Parameters [1.62406775 1.64898627 1.42830895 1.58209681 1.59974214 1.64536756
 1.38862455 1.55231519] REAL [0.59353005] FAKE [0.38043222] 
23 epoch LOSS [-0.97948091] Parameters [1.62405286 1.64897562 1.41692274 1.5822576  1.59968487 1.64542391
 1.37739289 1.55247005] REAL [0.60171697] FAKE [0.37594253] 
24 epoch LOSS [-0.98898563] Parameters [1.62409423 1.64900664 1.40505181 1.58248263 1.59975902 1.64542043
 1.36529526 1.55262269] REAL [0.59205669] FAKE [0.37175982] 
25 epoch LOSS [-0.97170298] Parameters [1.62407203 1.64900582 1.391711   1.58256817 1.59980216 1.64546905
 1.35215782 1.55270306] REAL [0.59648419] FAKE [0.36555232] 
26 epoch LOSS [-0.96444396] Parameters [1.62413077 1.64894306 1.37722412 1.5825303  1.59985677 1.64553584
 1.33776425 1.5526672 ] REAL [0.5968106] FAKE [0.36127961] 
27 epoch LOSS [-0.94675501] Parameters [1.62417794 1.64901466 1.36179814 1.58256619 1.59993765 1.64562617
 1.32206586 1.5528091 ] REAL [0.6026499] FAKE [0.35618004] 
28 epoch LOSS [-0.93043631] Parameters [1.62416979 1.6489284  1.34469642 1.58267198 1.59995568 1.6456522
 1.30511792 1.55286184] REAL [0.61124439] FAKE [0.35478901] 
29 epoch LOSS [-0.92393022] Parameters [1.62409062 1.64899989 1.32549764 1.58276833 1.59985718 1.64552832
 1.28615419 1.55294974] REAL [0.60898896] FAKE [0.34817235] 
30 epoch LOSS [-0.9178879] Parameters [1.62406278 1.64900849 1.3047003  1.58289217 1.60001961 1.64558926
 1.26472003 1.55312973] REAL [0.61544729] FAKE [0.35110342] 
31 epoch LOSS [-0.90863174] Parameters [1.62406135 1.64891569 1.28183181 1.58290284 1.5999734  1.64552629
 1.24166637 1.55299861] REAL [0.61677709] FAKE [0.34648131] 
32 epoch LOSS [-0.90795641] Parameters [1.62390122 1.64886418 1.2566493  1.58296861 1.60010442 1.64537956
 1.21640956 1.55293909] REAL [0.61915984] FAKE [0.34855649] 
33 epoch LOSS [-0.8920056] Parameters [1.62401255 1.64899675 1.22823516 1.583132   1.60016076 1.6452973
 1.18814305 1.55303847] REAL [0.62286718] FAKE [0.34202189] 
34 epoch LOSS [-0.90525228] Parameters [1.62419953 1.64890101 1.19697758 1.58322466 1.60019308 1.64537754
 1.15644072 1.55313307] REAL [0.61331829] FAKE [0.34057104] 
35 epoch LOSS [-0.89819789] Parameters [1.62398222 1.64888562 1.16221958 1.5833688  1.60043875 1.64538513
 1.12233712 1.55301897] REAL [0.62312131] FAKE [0.34635038] 
36 epoch LOSS [-0.90341037] Parameters [1.62408774 1.64894135 1.12308064 1.58303577 1.60055524 1.6453427
 1.08324275 1.55288751] REAL [0.62292226] FAKE [0.34954088] 
37 epoch LOSS [-0.93549394] Parameters [1.62416959 1.64906801 1.08045318 1.58333551 1.60071032 1.64520814
 1.04031398 1.55300873] REAL [0.61138196] FAKE [0.35818845] 
38 epoch LOSS [-0.93966256] Parameters [1.62415844 1.64937715 1.0331748  1.58325234 1.60048301 1.64524257
 0.99308397 1.55297864] REAL [0.61420853] FAKE [0.36379967] 
39 epoch LOSS [-0.96683162] Parameters [1.62408059 1.64948866 0.98021023 1.58351194 1.60027105 1.64530477
 0.94053968 1.55289225] REAL [0.61743353] FAKE [0.3840859] 
40 epoch LOSS [-0.97375812] Parameters [1.62435257 1.64942565 0.92219484 1.58383558 1.59991563 1.64552922
 0.88308631 1.55279334] REAL [0.61570396] FAKE [0.38661907] 
41 epoch LOSS [-1.02322387] Parameters [1.62483179 1.64996448 0.85947297 1.58359658 1.60017145 1.64540021
 0.82067209 1.55288177] REAL [0.59877909] FAKE [0.39972135] 
42 epoch LOSS [-1.05931024] Parameters [1.62527742 1.64935597 0.79212513 1.58442497 1.60052637 1.64510364
 0.7535516  1.55244881] REAL [0.59999886] FAKE [0.42217413] 
43 epoch LOSS [-1.13001425] Parameters [1.62559082 1.64905232 0.72126674 1.58474248 1.60019247 1.64524039
 0.6830723  1.55245194] REAL [0.58591054] FAKE [0.4486724] 
44 epoch LOSS [-1.18140382] Parameters [1.62544644 1.64941904 0.64915987 1.58552732 1.59997989 1.64545208
 0.61107905 1.55286561] REAL [0.58749083] FAKE [0.47769793] 
45 epoch LOSS [-1.26317258] Parameters [1.62558103 1.6494901  0.57772537 1.58555662 1.60067126 1.6461899
 0.53932284 1.55304839] REAL [0.56549999] FAKE [0.4999902] 
46 epoch LOSS [-1.35472808] Parameters [1.62530602 1.64920992 0.50893881 1.58581383 1.60053889 1.64611421
 0.47022589 1.5534608 ] REAL [0.54432378] FAKE [0.52598535] 
47 epoch LOSS [-1.41399544] Parameters [1.62615957 1.64947338 0.44426287 1.58596291 1.60051089 1.64650305
 0.4056921  1.55319421] REAL [0.5412056] FAKE [0.55068874] 
48 epoch LOSS [-1.42006587] Parameters [1.62630825 1.64900244 0.38566892 1.58602995 1.60085695 1.64663878
 0.34736908 1.55367823] REAL [0.53844382] FAKE [0.55111734] 
49 epoch LOSS [-1.4588917] Parameters [1.62625979 1.64877911 0.33410355 1.58582897 1.60099779 1.64645155
 0.2954327  1.55368105] REAL [0.5274246] FAKE [0.55919044] 
50 epoch LOSS [-1.49158202] Parameters [1.62597017 1.64863202 0.2893457  1.58570151 1.60072258 1.64677799
 0.25042519 1.55342038] REAL [0.52034654] FAKE [0.56756435] 
51 epoch LOSS [-1.51333637] Parameters [1.62614365 1.64853641 0.25098373 1.58548448 1.60058178 1.64666269
 0.21210095 1.55365666] REAL [0.50540661] FAKE [0.5643623] 
52 epoch LOSS [-1.50183723] Parameters [1.626536   1.64857961 0.21774304 1.585322   1.60054079 1.64665919
 0.1787068  1.55379258] REAL [0.51281626] FAKE [0.56569124] 
53 epoch LOSS [-1.50300894] Parameters [1.62652085 1.64861986 0.19038362 1.58610507 1.60040493 1.64674796
 0.15144194 1.55421369] REAL [0.50962535] FAKE [0.56348368] 
54 epoch LOSS [-1.50718677] Parameters [1.62654789 1.64875132 0.16714547 1.58621637 1.6002488  1.64671647
 0.12892615 1.55437162] REAL [0.50370926] FAKE [0.56019803] 
55 epoch LOSS [-1.5061207] Parameters [1.62641265 1.64883655 0.14719102 1.58601935 1.60025298 1.64685027
 0.10927075 1.55430353] REAL [0.49916166] FAKE [0.55571785] 
56 epoch LOSS [-1.50984116] Parameters [1.62629712 1.64876458 0.13076556 1.58605775 1.60025269 1.64695534
 0.0929258  1.55442145] REAL [0.49461385] FAKE [0.55329785] 
57 epoch LOSS [-1.53072378] Parameters [1.6261912  1.64870535 0.11655625 1.58615395 1.60028498 1.6469589
 0.07876195 1.5547399 ] REAL [0.48215195] FAKE [0.55122239] 
58 epoch LOSS [-1.48102326] Parameters [1.62633461 1.64867194 0.1048214  1.58625043 1.60020084 1.64699181
 0.06694902 1.55480652] REAL [0.49855603] FAKE [0.54387298] 
59 epoch LOSS [-1.4974652] Parameters [1.62630416 1.64866179 0.09429351 1.58615585 1.60023301 1.64701246
 0.05679863 1.55476176] REAL [0.48730907] FAKE [0.54095566] 
60 epoch LOSS [-1.47141375] Parameters [1.62631172 1.64867339 0.08641042 1.58617641 1.60029979 1.64697692
 0.04828669 1.55474293] REAL [0.49712519] FAKE [0.53814319] 
61 epoch LOSS [-1.4695167] Parameters [1.62634995 1.64869712 0.07883269 1.58627455 1.60027274 1.64694437
 0.04072599 1.55480018] REAL [0.49482207] FAKE [0.53511242] 
62 epoch LOSS [-1.46999409] Parameters [1.62636637 1.64872748 0.07218943 1.58634867 1.60031022 1.64697354
 0.03429875 1.55484489] REAL [0.4907164] FAKE [0.53144659] 
63 epoch LOSS [-1.4506777] Parameters [1.62640941 1.64870343 0.06655566 1.58633238 1.60026894 1.64699319
 0.0288796  1.55487096] REAL [0.49604685] FAKE [0.52744106] 
64 epoch LOSS [-1.45304309] Parameters [1.62644363 1.64872546 0.06223023 1.58633063 1.6002705  1.64701466
 0.0243575  1.55496133] REAL [0.49066687] FAKE [0.52338833] 
65 epoch LOSS [-1.42279641] Parameters [1.62641899 1.64875053 0.05827313 1.58631053 1.60030038 1.64700794
 0.02042477 1.55498495] REAL [0.50274434] FAKE [0.52055347] 
66 epoch LOSS [-1.40720018] Parameters [1.6264148  1.64874168 0.05491062 1.58638331 1.60031452 1.64697621
 0.01694926 1.55506578] REAL [0.50702757] FAKE [0.51713119] 
67 epoch LOSS [-1.39874782] Parameters [1.62640922 1.64875112 0.05136701 1.58634057 1.60030082 1.64698589
 0.01382969 1.55505915] REAL [0.50859773] FAKE [0.5145359] 
68 epoch LOSS [-1.41355397] Parameters [1.62641329 1.64873085 0.04814573 1.58633    1.60027918 1.64698319
 0.01092457 1.55507175] REAL [0.49793336] FAKE [0.5114263] 
69 epoch LOSS [-1.39309594] Parameters [1.62641199 1.64872564 0.04567518 1.58633754 1.60027654 1.64697403
 0.00822841 1.55506489] REAL [0.50545663] FAKE [0.50875038] 
70 epoch LOSS [-1.38269901] Parameters [1.62640811 1.64871929 0.04349678 1.58634759 1.60028802 1.64697151
 0.00586627 1.55508187] REAL [0.50757541] FAKE [0.50568832] 
71 epoch LOSS [-1.38008239] Parameters [1.62640095 1.64870945 0.04131855 1.58634236 1.60028299 1.64697509
 0.00333478 1.55508458] REAL [0.50650086] FAKE [0.50334176] 
72 epoch LOSS [-1.39916068] Parameters [1.62639827e+00 1.64870240e+00 3.91690235e-02 1.58635162e+00
 1.60028073e+00 1.64697036e+00 1.43710095e-03 1.55509183e+00] REAL [0.49435779] FAKE [0.5007583] 
73 epoch LOSS [-1.36884248] Parameters [ 1.62640411e+00  1.64868936e+00  3.72234511e-02  1.58634505e+00
  1.60027742e+00  1.64696695e+00 -3.45286935e-04  1.55509186e+00] REAL [0.50728987] FAKE [0.49850908] 
74 epoch LOSS [-1.35712375] Parameters [ 1.62639729e+00  1.64868887e+00  3.59895109e-02  1.58634267e+00
  1.60026833e+00  1.64695685e+00 -1.59360057e-03  1.55510490e+00] REAL [0.51070882] FAKE [0.49599449] 
75 epoch LOSS [-1.38053157] Parameters [ 1.62639649  1.6486868   0.03469339  1.58632854  1.60026516  1.6469578
 -0.00286916  1.5551231 ] REAL [0.49700238] FAKE [0.49407716] 
76 epoch LOSS [-1.37911762] Parameters [ 1.62639271  1.64867298  0.03345517  1.58628857  1.60026981  1.64696176
 -0.00421281  1.55511781] REAL [0.49553575] FAKE [0.4918618] 
77 epoch LOSS [-1.35691702] Parameters [ 1.62639815  1.64867573  0.03250136  1.5862698   1.60025933  1.64696136
 -0.00532311  1.55511122] REAL [0.50460627] FAKE [0.48979374] 
78 epoch LOSS [-1.32910639] Parameters [ 1.62639939  1.64868039  0.03160114  1.5862597   1.60026195  1.64695595
 -0.00624444  1.55512446] REAL [0.5164668] FAKE [0.48745262] 
79 epoch LOSS [-1.33007212] Parameters [ 1.62640112  1.64867643  0.0306895   1.586211    1.60026171  1.64695447
 -0.0071635   1.55510262] REAL [0.51396798] FAKE [0.48545785] 
80 epoch LOSS [-1.34257742] Parameters [ 1.62640483  1.64867432  0.03009097  1.58614311  1.60026295  1.64695852
 -0.00763964  1.55504076] REAL [0.50597456] FAKE [0.48382454] 
81 epoch LOSS [-1.34619157] Parameters [ 1.62640236  1.64867526  0.02913057  1.58614629  1.60027008  1.64696392
 -0.00855088  1.55501333] REAL [0.50160581] FAKE [0.48120728] 
82 epoch LOSS [-1.33128285] Parameters [ 1.62639959  1.64867248  0.02856078  1.58602573  1.60026823  1.64696238
 -0.00918632  1.55489137] REAL [0.50761657] FAKE [0.47965017] 
83 epoch LOSS [-1.31361985] Parameters [ 1.62639835  1.64867044  0.02788908  1.5860711   1.60027061  1.64696148
 -0.00977298  1.55491051] REAL [0.51512462] FAKE [0.47809694] 
84 epoch LOSS [-1.30368093] Parameters [ 1.62639253  1.64867484  0.027164    1.58604387  1.60027448  1.64696623
 -0.01020155  1.55487978] REAL [0.51853782] FAKE [0.47635359] 
85 epoch LOSS [-1.3192984] Parameters [ 1.62639228  1.64867791  0.02669529  1.58597558  1.60027597  1.64696698
 -0.01066284  1.55478251] REAL [0.50866697] FAKE [0.47446403] 
86 epoch LOSS [-1.29268848] Parameters [ 1.62638835  1.64868394  0.02596562  1.58607786  1.60028348  1.64696697
 -0.01150684  1.55479613] REAL [0.52060377] FAKE [0.47266668] 
87 epoch LOSS [-1.30479422] Parameters [ 1.62639122  1.6486823   0.02563317  1.58606675  1.60028758  1.64696574
 -0.01178625  1.55483656] REAL [0.51290315] FAKE [0.47118995] 
88 epoch LOSS [-1.29884247] Parameters [ 1.62638988  1.64868187  0.02494949  1.58602891  1.60029128  1.6469666
 -0.01241918  1.5548552 ] REAL [0.51429533] FAKE [0.46947323] 
89 epoch LOSS [-1.29589832] Parameters [ 1.62639088  1.6486803   0.02478543  1.58576825  1.60029105  1.64697008
 -0.01246856  1.55461266] REAL [0.51383279] FAKE [0.46743001] 
90 epoch LOSS [-1.2930967] Parameters [ 1.62639382  1.64868137  0.02471679  1.58573333  1.60029169  1.64696578
 -0.01250487  1.55462108] REAL [0.51354545] FAKE [0.46563704] 
91 epoch LOSS [-1.26363271] Parameters [ 1.62639752  1.64867815  0.02443571  1.585847    1.60029464  1.64697054
 -0.01272848  1.55476505] REAL [0.52754996] FAKE [0.46426787] 
92 epoch LOSS [-1.26792197] Parameters [ 1.62639968  1.64867444  0.0241096   1.58569262  1.60029093  1.64696935
 -0.01302066  1.55450563] REAL [0.52357216] FAKE [0.46250808] 
93 epoch LOSS [-1.28249687] Parameters [ 1.62639811  1.64867653  0.0240251   1.58571961  1.60029002  1.64696883
 -0.01319149  1.55456157] REAL [0.5148586] FAKE [0.46132017] 
94 epoch LOSS [-1.25202241] Parameters [ 1.62640168  1.64867729  0.02352697  1.58566245  1.60029034  1.64697131
 -0.01366671  1.55451241] REAL [0.52897916] FAKE [0.45947596] 
95 epoch LOSS [-1.28266276] Parameters [ 1.62640416  1.64867493  0.02325811  1.58575007  1.6002891   1.64697007
 -0.01386873  1.55457619] REAL [0.51158348] FAKE [0.45796151] 
96 epoch LOSS [-1.2754278] Parameters [ 1.62640876  1.64867502  0.02298185  1.58569713  1.60029245  1.64697332
 -0.01408977  1.55475916] REAL [0.51402427] FAKE [0.45661816] 
97 epoch LOSS [-1.2582656] Parameters [ 1.62641067  1.64867437  0.02265218  1.58550377  1.60030161  1.64697517
 -0.01439438  1.55447566] REAL [0.52144974] FAKE [0.45508378] 
98 epoch LOSS [-1.24204338] Parameters [ 1.6264132   1.64867247  0.02256217  1.58576001  1.60030106  1.64697389
 -0.0145062   1.55468865] REAL [0.52861194] FAKE [0.45367579] 
99 epoch LOSS [-1.25728961] Parameters [ 1.62641445  1.64867248  0.02252157  1.58563062  1.60030671  1.64697702
 -0.01447702  1.55447848] REAL [0.51926407] FAKE [0.45225581] 
100 epoch LOSS [-1.25809565] Parameters [ 1.62641377  1.64867305  0.02247539  1.58530173  1.60030613  1.64697763
 -0.01450713  1.55426981] REAL [0.51753699] FAKE [0.45087071] 
101 epoch LOSS [-1.22783994] Parameters [ 1.62641743  1.64867312  0.0222333   1.58522115  1.60030774  1.64697877
 -0.01471676  1.55417926] REAL [0.53178974] FAKE [0.44917209] 
102 epoch LOSS [-1.22187482] Parameters [ 1.62641938  1.64867331  0.02198228  1.58518896  1.60030724  1.64698102
 -0.01486397  1.55421258] REAL [0.53368631] FAKE [0.44784571] 
103 epoch LOSS [-1.23991015] Parameters [ 1.62641881  1.64866974  0.0218322   1.5852717   1.6003061   1.64698191
 -0.01491062  1.55435734] REAL [0.52268334] FAKE [0.44629913] 
104 epoch LOSS [-1.23255599] Parameters [ 1.62641856  1.64866744  0.02155255  1.58515032  1.60030718  1.64698599
 -0.0151264   1.5543099 ] REAL [0.52553993] FAKE [0.44524399] 
105 epoch LOSS [-1.20341612] Parameters [ 1.62641745  1.6486625   0.02146478  1.58514249  1.60031011  1.64698801
 -0.01531169  1.55433035] REAL [0.53946002] FAKE [0.44357869] 
106 epoch LOSS [-1.23101928] Parameters [ 1.62642024  1.64866079  0.0215439   1.58496618  1.60031086  1.64699132
 -0.015137    1.5540872 ] REAL [0.52327402] FAKE [0.44198491] 
107 epoch LOSS [-1.21243746] Parameters [ 1.62642382  1.64865744  0.02148229  1.58490706  1.6003065   1.64698572
 -0.01524001  1.55421017] REAL [0.53173967] FAKE [0.44056963] 
108 epoch LOSS [-1.18526391] Parameters [ 1.62642617  1.6486569   0.0214027   1.5847102   1.60030623  1.64698003
 -0.01530184  1.55415857] REAL [0.54483471] FAKE [0.43897573] 
109 epoch LOSS [-1.20595028] Parameters [ 1.62642578  1.64866079  0.02123433  1.58466486  1.60030893  1.64698133
 -0.01546846  1.55412122] REAL [0.53270217] FAKE [0.43794608] 
110 epoch LOSS [-1.17624773] Parameters [ 1.62642644  1.64865574  0.02119152  1.58451423  1.60030926  1.64698328
 -0.01549632  1.5539601 ] REAL [0.5473382] FAKE [0.43648388] 
111 epoch LOSS [-1.19498857] Parameters [ 1.62642549  1.64865847  0.02106732  1.58437317  1.60031093  1.64697888
 -0.01566931  1.55406041] REAL [0.53574781] FAKE [0.43498152] 
112 epoch LOSS [-1.16832967] Parameters [ 1.6264268   1.64866164  0.02086597  1.58411199  1.60031309  1.64698367
 -0.01578774  1.55372212] REAL [0.54859908] FAKE [0.43330968] 
113 epoch LOSS [-1.18036251] Parameters [ 1.62642669  1.6486616   0.0206595   1.58403361  1.60031577  1.64698841
 -0.01597404  1.55364834] REAL [0.54100388] FAKE [0.43222705] 
114 epoch LOSS [-1.16943152] Parameters [ 1.62642271  1.64866513  0.0208238   1.58439576  1.60031842  1.6469915
 -0.01590048  1.55369904] REAL [0.54563289] FAKE [0.43085647] 
115 epoch LOSS [-1.16138357] Parameters [ 1.62642623  1.64866509  0.02082554  1.58440663  1.60031983  1.64699244
 -0.01597847  1.55372492] REAL [0.54881062] FAKE [0.42957964] 
116 epoch LOSS [-1.15386797] Parameters [ 1.62642807  1.64866876  0.02067849  1.58417345  1.60032032  1.64699511
 -0.01614054  1.55365546] REAL [0.55170727] FAKE [0.42829393] 
117 epoch LOSS [-1.17087318] Parameters [ 1.62642498  1.64866713  0.02051979  1.58391312  1.60032126  1.64699739
 -0.0162372   1.55348258] REAL [0.5410824] FAKE [0.4268968] 
118 epoch LOSS [-1.15730046] Parameters [ 1.62642063  1.64867069  0.0204758   1.58372477  1.60031975  1.64699953
 -0.01620407  1.55337847] REAL [0.54686739] FAKE [0.42521057] 
119 epoch LOSS [-1.17211441] Parameters [ 1.62642294  1.64866702  0.02038391  1.58367748  1.60032265  1.64700455
 -0.01619975  1.55331917] REAL [0.53721228] FAKE [0.42348415] 
120 epoch LOSS [-1.13416955] Parameters [ 1.62642543  1.64866589  0.02018545  1.58379865  1.60032461  1.64700221
 -0.01644503  1.55350307] REAL [0.55672059] FAKE [0.42217127] 
121 epoch LOSS [-1.15775099] Parameters [ 1.6264235   1.64866715  0.02006312  1.58381679  1.6003278   1.64699959
 -0.01659734  1.55337043] REAL [0.54239337] FAKE [0.42073037] 
122 epoch LOSS [-1.15151474] Parameters [ 1.6264235   1.6486665   0.01989988  1.58340018  1.60032131  1.64700232
 -0.01681999  1.55313522] REAL [0.54450104] FAKE [0.41936289] 
123 epoch LOSS [-1.15957368] Parameters [ 1.62641973  1.64866649  0.0198945   1.58335309  1.60031891  1.64700164
 -0.01688718  1.55285673] REAL [0.53846739] FAKE [0.41756945] 
124 epoch LOSS [-1.14812497] Parameters [ 1.62642257  1.64866374  0.01974487  1.58277758  1.60031753  1.64699988
 -0.01697807  1.55245557] REAL [0.54339862] FAKE [0.41620936] 
125 epoch LOSS [-1.12837577] Parameters [ 1.6264198   1.64866332  0.01973014  1.58254864  1.60031762  1.647002
 -0.01709524  1.55205997] REAL [0.55312787] FAKE [0.41503876] 
126 epoch LOSS [-1.12298386] Parameters [ 1.62641841  1.64865699  0.01979689  1.58201039  1.60031654  1.64700694
 -0.01697245  1.55171912] REAL [0.55411015] FAKE [0.41291876] 
127 epoch LOSS [-1.12930795] Parameters [ 1.62641939  1.64865608  0.01983299  1.58164922  1.60031356  1.64700457
 -0.01695812  1.55148508] REAL [0.5496131] FAKE [0.41184647] 
128 epoch LOSS [-1.11211904] Parameters [ 1.6264171   1.64865807  0.0199034   1.58173906  1.60032117  1.64701094
 -0.01693405  1.55155353] REAL [0.5580249] FAKE [0.41066904] 
129 epoch LOSS [-1.121737] Parameters [ 1.62641145  1.6486606   0.01994486  1.58113584  1.60031609  1.64700672
 -0.01697328  1.55093024] REAL [0.55096314] FAKE [0.4088288] 
130 epoch LOSS [-1.10256628] Parameters [ 1.62641428  1.64866142  0.01988872  1.58103891  1.600315    1.64700927
 -0.01703669  1.55093548] REAL [0.55994655] FAKE [0.40705423] 
131 epoch LOSS [-1.10125569] Parameters [ 1.62641428  1.64866588  0.01986256  1.58048145  1.6003149   1.64700438
 -0.01701816  1.55060333] REAL [0.55969624] FAKE [0.40601109] 
132 epoch LOSS [-1.10851872] Parameters [ 1.62641311  1.64867394  0.01989295  1.57983064  1.60031439  1.64700372
 -0.01698783  1.5501628 ] REAL [0.55450234] FAKE [0.40478611] 
133 epoch LOSS [-1.07559022] Parameters [ 1.62641146  1.64867397  0.01974505  1.57907429  1.60032059  1.64700347
 -0.01711979  1.54956437] REAL [0.57063928] FAKE [0.4022557] 
134 epoch LOSS [-1.06247302] Parameters [ 1.62640882  1.64868093  0.01974645  1.57864453  1.60033115  1.64699572
 -0.01709556  1.54878831] REAL [0.57691537] FAKE [0.40095186] 
135 epoch LOSS [-1.06939925] Parameters [ 1.62641148  1.64867926  0.01973819  1.57783988  1.60032749  1.64700593
 -0.01710906  1.54831619] REAL [0.5716392] FAKE [0.39959569] 
136 epoch LOSS [-1.0547418] Parameters [ 1.62641911  1.6486741   0.01958049  1.57753786  1.60032953  1.64700121
 -0.01727236  1.54782045] REAL [0.57893833] FAKE [0.39841202] 
137 epoch LOSS [-1.08744538] Parameters [ 1.62641849  1.64867827  0.01958849  1.57700393  1.60033433  1.64700352
 -0.01724694  1.5470996 ] REAL [0.5586535] FAKE [0.3966269] 
138 epoch LOSS [-1.05527379] Parameters [ 1.6264183   1.64867768  0.01957962  1.5764903   1.600332    1.64700245
 -0.01723897  1.54685053] REAL [0.57580553] FAKE [0.39546064] 
139 epoch LOSS [-1.08261187] Parameters [ 1.62641444  1.64867878  0.01942464  1.57574576  1.60033018  1.64700301
 -0.01737878  1.54602517] REAL [0.55931544] FAKE [0.39442097] 
140 epoch LOSS [-1.02934704] Parameters [ 1.62642989  1.64868043  0.01941763  1.57519415  1.60032793  1.64700153
 -0.01733249  1.54529592] REAL [0.58859782] FAKE [0.3930658] 
141 epoch LOSS [-1.05304685] Parameters [ 1.62642394  1.64868391  0.01928327  1.57445855  1.60032678  1.64699775
 -0.01744088  1.54428116] REAL [0.5732116] FAKE [0.39137107] 
142 epoch LOSS [-1.03688718] Parameters [ 1.62642527  1.64868401  0.01929668  1.57370775  1.60032608  1.6469954
 -0.01741599  1.54330274] REAL [0.58090388] FAKE [0.38964664] 
143 epoch LOSS [-1.035727] Parameters [ 1.62642781  1.64868386  0.01930416  1.57214725  1.60032204  1.64700529
 -0.01744428  1.54168784] REAL [0.58033741] FAKE [0.38834165] 
144 epoch LOSS [-1.03486522] Parameters [ 1.62641784  1.64869012  0.01923778  1.57067586  1.60031756  1.64700284
 -0.01752083  1.54028461] REAL [0.57929723] FAKE [0.38671507] 
145 epoch LOSS [-1.01429338] Parameters [ 1.62641173  1.6487009   0.01924144  1.56878266  1.60032111  1.64701472
 -0.01749361  1.53851491] REAL [0.58923873] FAKE [0.38453027] 
146 epoch LOSS [-1.01463427] Parameters [ 1.62641034  1.64869317  0.01927911  1.56694659  1.60031808  1.64699384
 -0.01746314  1.53661372] REAL [0.58735994] FAKE [0.382772] 
147 epoch LOSS [-1.02483394] Parameters [ 1.62640872  1.64869434  0.01931277  1.56477778  1.60031689  1.64700847
 -0.01749521  1.53474319] REAL [0.57991723] FAKE [0.38119436] 
148 epoch LOSS [-1.02684534] Parameters [ 1.62641003  1.64869497  0.01934576  1.5631945   1.60031111  1.64701974
 -0.01748158  1.53280205] REAL [0.57719257] FAKE [0.37952255] 
149 epoch LOSS [-1.01642547] Parameters [ 1.62639681  1.6486852   0.01937603  1.56031431  1.60030814  1.64701102
 -0.01748437  1.53031693] REAL [0.5816162] FAKE [0.37779209] 
150 epoch LOSS [-1.00251884] Parameters [ 1.62638068  1.6486663   0.01937182  1.55705903  1.60030687  1.64700231
 -0.01746099  1.52662507] REAL [0.58777975] FAKE [0.37569476] 
151 epoch LOSS [-1.00583236] Parameters [ 1.62637805  1.64866637  0.01932281  1.55356574  1.60033007  1.6470285
 -0.01750382  1.52346763] REAL [0.58453383] FAKE [0.37430468] 
152 epoch LOSS [-0.98551076] Parameters [ 1.62635705  1.64866034  0.01927664  1.55023615  1.60031561  1.64703903
 -0.01750414  1.52044757] REAL [0.59493766] FAKE [0.3726258] 
153 epoch LOSS [-0.98815395] Parameters [ 1.62637958  1.64869445  0.01927841  1.54606256  1.60031691  1.64702405
 -0.01746923  1.51621602] REAL [0.59253262] FAKE [0.37174214] 
154 epoch LOSS [-0.96543644] Parameters [ 1.62634787  1.64872298  0.01929165  1.54133185  1.60030338  1.64703913
 -0.01743445  1.51156384] REAL [0.60307941] FAKE [0.36854591] 
155 epoch LOSS [-0.94977327] Parameters [ 1.62638001  1.64868027  0.0192618   1.53586943  1.60030196  1.64708527
 -0.0174888   1.50623846] REAL [0.61191519] FAKE [0.36783933] 
156 epoch LOSS [-0.94707707] Parameters [ 1.62635672  1.64866013  0.019192    1.5293946   1.60023258  1.64708999
 -0.01750516  1.499629  ] REAL [0.61188324] FAKE [0.3660995] 
157 epoch LOSS [-0.95199815] Parameters [ 1.62635351  1.64869759  0.01916361  1.52216817  1.60024652  1.64710085
 -0.01750619  1.49264674] REAL [0.60606458] FAKE [0.36315528] 
158 epoch LOSS [-0.96660232] Parameters [ 1.62639921  1.64868659  0.01913787  1.51455965  1.60025742  1.64710557
 -0.01751271  1.48449116] REAL [0.5974012] FAKE [0.3632868] 
159 epoch LOSS [-0.94556026] Parameters [ 1.62640074  1.6487199   0.01915277  1.50574278  1.60021441  1.64710561
 -0.01753278  1.47559789] REAL [0.60901887] FAKE [0.36215134] 
160 epoch LOSS [-0.95383231] Parameters [ 1.62644614  1.6487329   0.01915405  1.49557646  1.60025313  1.64707638
 -0.01753238  1.46571189] REAL [0.60334983] FAKE [0.36146208] 
161 epoch LOSS [-0.92489174] Parameters [ 1.62647254  1.64870332  0.01909139  1.48400351  1.60022859  1.64711373
 -0.01758408  1.45412397] REAL [0.61976483] FAKE [0.36012124] 
162 epoch LOSS [-0.92323606] Parameters [ 1.626466    1.64872319  0.01914251  1.47158125  1.60027166  1.64714989
 -0.01760265  1.44108799] REAL [0.61935627] FAKE [0.35863813] 
163 epoch LOSS [-0.91440135] Parameters [ 1.62638898  1.64865941  0.01917349  1.4568756   1.60027035  1.64720839
 -0.01760612  1.42611108] REAL [0.62185267] FAKE [0.35554435] 
164 epoch LOSS [-0.93512094] Parameters [ 1.62637221  1.64854191  0.01923051  1.44055228  1.60031892  1.6472051
 -0.01760672  1.40967958] REAL [0.61256628] FAKE [0.35919035] 
165 epoch LOSS [-0.91983386] Parameters [ 1.62636151  1.64856252  0.01922724  1.42079259  1.6003137   1.64718768
 -0.01761472  1.39109379] REAL [0.61797522] FAKE [0.35501418] 
166 epoch LOSS [-0.91808352] Parameters [ 1.62639164  1.64852033  0.01929464  1.39878622  1.60025806  1.64717832
 -0.01762445  1.36904455] REAL [0.61899465] FAKE [0.35494834] 
167 epoch LOSS [-0.91174043] Parameters [ 1.62634472  1.64841173  0.01923236  1.37323161  1.60013309  1.64694402
 -0.0176628   1.34392014] REAL [0.62202278] FAKE [0.35400394] 
168 epoch LOSS [-0.93222796] Parameters [ 1.62636356  1.64825915  0.01921908  1.34382477  1.60009143  1.64684515
 -0.01764773  1.31522612] REAL [0.6148117] FAKE [0.35968096] 
169 epoch LOSS [-0.91757699] Parameters [ 1.62655987  1.64819834  0.01950874  1.31014511  1.60025218  1.64681085
 -0.01777137  1.28180662] REAL [0.62105006] FAKE [0.35675744] 
170 epoch LOSS [-0.97349667] Parameters [ 1.62661896  1.64795457  0.01945503  1.27205825  1.60037361  1.64664366
 -0.0177103   1.2434679 ] REAL [0.59979778] FAKE [0.37018802] 
171 epoch LOSS [-0.96231817] Parameters [ 1.62694467  1.64790676  0.01918302  1.22846257  1.60031213  1.64674367
 -0.01755804  1.19959339] REAL [0.60999903] FAKE [0.37375916] 
172 epoch LOSS [-0.99013807] Parameters [ 1.62686505  1.64776272  0.01916328  1.17810261  1.59993471  1.64656695
 -0.01710378  1.14955799] REAL [0.60080331] FAKE [0.38161894] 
173 epoch LOSS [-1.01304239] Parameters [ 1.6267259   1.64749648  0.01939928  1.12102499  1.60028485  1.64678284
 -0.01707884  1.09350447] REAL [0.60195461] FAKE [0.3967775] 
174 epoch LOSS [-1.04256226] Parameters [ 1.62675149  1.64730997  0.01934826  1.0578948   1.60037736  1.64663072
 -0.01710516  1.03068552] REAL [0.58587501] FAKE [0.39825015] 
175 epoch LOSS [-1.07005807] Parameters [ 1.6267707   1.64697463  0.01926622  0.98713745  1.60123863  1.64672074
 -0.01708411  0.96093376] REAL [0.59443596] FAKE [0.4230016] 
176 epoch LOSS [-1.15428637] Parameters [ 1.62680007  1.64697077  0.01952204  0.9107659   1.6010739   1.6468797
 -0.01717815  0.88452788] REAL [0.58671383] FAKE [0.46262993] 
177 epoch LOSS [-1.26544934] Parameters [ 1.62707044  1.64783434  0.01882492  0.83076814  1.60111307  1.64712546
 -0.01734158  0.80418466] REAL [0.55458251] FAKE [0.49130653] 
178 epoch LOSS [-1.33778404] Parameters [ 1.62720783  1.64803662  0.01937109  0.7484432   1.6008139   1.64729736
 -0.01760025  0.72225407] REAL [0.54779266] FAKE [0.52093817] 
179 epoch LOSS [-1.45480169] Parameters [ 1.62735837  1.64766638  0.01978802  0.66756349  1.60144063  1.6476743
 -0.01774169  0.64127562] REAL [0.5344442] FAKE [0.56319733] 
180 epoch LOSS [-1.52334928] Parameters [ 1.62769853  1.6471924   0.01978346  0.59063277  1.60080609  1.64709042
 -0.01825703  0.56391426] REAL [0.52462486] FAKE [0.58450199] 
181 epoch LOSS [-1.63312215] Parameters [ 1.62802895  1.64719499  0.01961446  0.51944014  1.60061707  1.64694144
 -0.01773375  0.4925676 ] REAL [0.50263802] FAKE [0.61141259] 
182 epoch LOSS [-1.67617757] Parameters [ 1.62801595  1.64720612  0.01840089  0.455837    1.60042035  1.64667352
 -0.01875488  0.42919887] REAL [0.50168285] FAKE [0.62707966] 
183 epoch LOSS [-1.75496354] Parameters [ 1.62792433  1.6473747   0.01884536  0.39996434  1.60071433  1.64673977
 -0.01811754  0.37368007] REAL [0.47632765] FAKE [0.63698612] 
184 epoch LOSS [-1.7833498] Parameters [ 1.6280323   1.64693477  0.01800431  0.35218283  1.60082808  1.64691375
 -0.0189429   0.32607038] REAL [0.48012084] FAKE [0.64993357] 
185 epoch LOSS [-1.79053227] Parameters [ 1.62821646  1.64665418  0.01856843  0.31233272  1.6008361   1.6471099
 -0.01838021  0.28611988] REAL [0.48129228] FAKE [0.65328485] 
186 epoch LOSS [-1.78527741] Parameters [ 1.62842601  1.64686232  0.01914005  0.27798776  1.60096345  1.64709229
 -0.01774281  0.25128111] REAL [0.48071237] FAKE [0.65103765] 
187 epoch LOSS [-1.75126882] Parameters [ 1.62828143  1.64683751  0.01913623  0.24883462  1.60085692  1.64713803
 -0.01764367  0.22216929] REAL [0.5003857] FAKE [0.65316037] 
188 epoch LOSS [-1.74013419] Parameters [ 1.62815553  1.6469203   0.01926824  0.22460227  1.60089556  1.64719466
 -0.01733941  0.19767905] REAL [0.49997629] FAKE [0.64898965] 
189 epoch LOSS [-1.77757161] Parameters [ 1.62814897  1.64687573  0.01913642  0.20405463  1.60092274  1.64728344
 -0.01709076  0.1773966 ] REAL [0.48135945] FAKE [0.64881096] 
190 epoch LOSS [-1.7337881] Parameters [ 1.62821857  1.64687795  0.01910808  0.18625062  1.60088331  1.64734079
 -0.01695847  0.15991859] REAL [0.49793964] FAKE [0.6453102] 
191 epoch LOSS [-1.75200213] Parameters [ 1.62832764  1.64690345  0.01872721  0.17171511  1.60091501  1.64734229
 -0.01786733  0.14538875] REAL [0.4851202] FAKE [0.64250845] 
192 epoch LOSS [-1.70799836] Parameters [ 1.62835986  1.6469652   0.0179247   0.15920635  1.6009531   1.6473252
 -0.0186256   0.13286424] REAL [0.49993855] FAKE [0.63749908] 
193 epoch LOSS [-1.70349351] Parameters [ 1.62839309  1.646915    0.01759682  0.14746568  1.6009325   1.64731477
 -0.01850491  0.12140053] REAL [0.49581125] FAKE [0.63283118] 
194 epoch LOSS [-1.65699763] Parameters [ 1.62835364  1.64693842  0.01773189  0.13810963  1.60099688  1.64736374
 -0.01819339  0.11187565] REAL [0.51448443] FAKE [0.62931685] 
195 epoch LOSS [-1.66189111] Parameters [ 1.62836919  1.6469724   0.01742531  0.1291455   1.60102962  1.64736213
 -0.01834387  0.10369077] REAL [0.50659011] FAKE [0.6253781] 
196 epoch LOSS [-1.63311227] Parameters [ 1.62834565  1.64697996  0.01731063  0.12164299  1.60098379  1.64740056
 -0.0184175   0.09615995] REAL [0.51527587] FAKE [0.62093948] 
197 epoch LOSS [-1.61424544] Parameters [ 1.62832706  1.64696988  0.01720383  0.11498587  1.60097309  1.64737765
 -0.01873715  0.08955664] REAL [0.51751432] FAKE [0.61539073] 
198 epoch LOSS [-1.63651858] Parameters [ 1.62833804  1.64696219  0.01734799  0.10935553  1.60099016  1.64735331
 -0.01865727  0.08381402] REAL [0.50126339] FAKE [0.61166814] 
199 epoch LOSS [-1.6023193] Parameters [ 1.62833869  1.64698478  0.01695407  0.1042654   1.60099462  1.64736076
 -0.01901876  0.07871291] REAL [0.51219614] FAKE [0.60673503] 
200 epoch LOSS [-1.57990841] Parameters [ 1.62836194  1.64699512  0.01688868  0.09960152  1.60099988  1.64735736
 -0.01907544  0.0740448 ] REAL [0.51817695] FAKE [0.60246405] 
201 epoch LOSS [-1.56290561] Parameters [ 1.62834524  1.64697215  0.01712156  0.09549227  1.60099501  1.64735103
 -0.01900853  0.07008866] REAL [0.52112988] FAKE [0.59793827] 
202 epoch LOSS [-1.57318755] Parameters [ 1.62834563  1.64698822  0.01707806  0.09183915  1.60100937  1.64735312
 -0.01869981  0.06645435] REAL [0.51053461] FAKE [0.59379231] 
203 epoch LOSS [-1.55431546] Parameters [ 1.6283628   1.64698374  0.01730194  0.08869165  1.60101729  1.64734644
 -0.01880266  0.06309118] REAL [0.51448654] FAKE [0.58923318] 
204 epoch LOSS [-1.55358171] Parameters [ 1.62836658  1.64698771  0.01752684  0.08599261  1.60101075  1.64733359
 -0.01871733  0.06026921] REAL [0.50990841] FAKE [0.58524095] 
205 epoch LOSS [-1.55475119] Parameters [ 1.62834948  1.64698198  0.01760436  0.08334774  1.60102109  1.64734284
 -0.01838939  0.05765829] REAL [0.50446221] FAKE [0.5812532] 
206 epoch LOSS [-1.54772884] Parameters [ 1.62835337  1.64697613  0.01798808  0.08120932  1.60102418  1.64733724
 -0.01791236  0.05543782] REAL [0.50333775] FAKE [0.57736019] 
207 epoch LOSS [-1.5445842] Parameters [ 1.62835692  1.64696521  0.01785076  0.0791619   1.60101451  1.64733852
 -0.01802037  0.05340409] REAL [0.5006399] FAKE [0.57374435] 
208 epoch LOSS [-1.50735142] Parameters [ 1.62834795  1.64696398  0.01813883  0.07742575  1.60101221  1.64733851
 -0.01751003  0.05173743] REAL [0.51494789] FAKE [0.56986744] 
209 epoch LOSS [-1.51645327] Parameters [ 1.62834914  1.64696549  0.018151    0.07555522  1.60101515  1.64733466
 -0.01745785  0.04993639] REAL [0.50605028] FAKE [0.56627042] 
210 epoch LOSS [-1.50087798] Parameters [ 1.62834568  1.64696831  0.01832086  0.07412433  1.60101678  1.64733225
 -0.01743986  0.04849945] REAL [0.50984463] FAKE [0.56274063] 
211 epoch LOSS [-1.48705169] Parameters [ 1.62834903  1.64697286  0.01871334  0.07283755  1.60101642  1.64733092
 -0.01701489  0.04715357] REAL [0.5131019] FAKE [0.55946742] 
212 epoch LOSS [-1.48767937] Parameters [ 1.62835138  1.64696928  0.01820847  0.07172954  1.60101798  1.64733173
 -0.01734902  0.04609456] REAL [0.50917577] FAKE [0.55634914] 
213 epoch LOSS [-1.49658705] Parameters [ 1.62834739  1.64696934  0.018501    0.07066042  1.601021    1.64733006
 -0.01717023  0.04495448] REAL [0.50116501] FAKE [0.55325494] 
214 epoch LOSS [-1.46348909] Parameters [ 1.6283491   1.64696858  0.01861687  0.06973332  1.60102636  1.64733225
 -0.01745381  0.04406841] REAL [0.51430581] FAKE [0.55001987] 
215 epoch LOSS [-1.45752062] Parameters [ 1.62835455  1.64696707  0.01845564  0.06890921  1.60102545  1.6473305
 -0.01769588  0.04322413] REAL [0.51386848] FAKE [0.5469409] 
216 epoch LOSS [-1.47046437] Parameters [ 1.62835482  1.64696504  0.0184122   0.0681914   1.60102519  1.64732768
 -0.01773401  0.04249641] REAL [0.50363248] FAKE [0.54367769] 
217 epoch LOSS [-1.45503045] Parameters [ 1.62835646  1.64696275  0.01853096  0.06757996  1.60102915  1.64732629
 -0.01758041  0.04191064] REAL [0.50842982] FAKE [0.54095286] 
218 epoch LOSS [-1.43036226] Parameters [ 1.62835883  1.64696342  0.0184622   0.06704035  1.60102781  1.64732637
 -0.01745643  0.04139057] REAL [0.51752001] FAKE [0.53775266] 
219 epoch LOSS [-1.43255741] Parameters [ 1.62836061  1.64696115  0.018212    0.06660851  1.60103068  1.64732313
 -0.01754644  0.04096781] REAL [0.51293798] FAKE [0.53464609] 
220 epoch LOSS [-1.42198077] Parameters [ 1.62836741  1.64696279  0.01834156  0.06626739  1.60103237  1.6473179
 -0.01722072  0.04061868] REAL [0.51503771] FAKE [0.53161544] 
221 epoch LOSS [-1.43814665] Parameters [ 1.62837125  1.64696259  0.01841994  0.06599917  1.60103104  1.64731535
 -0.01722474  0.04035819] REAL [0.50331756] FAKE [0.52839461] 
222 epoch LOSS [-1.41520265] Parameters [ 1.62837363  1.64696133  0.01850353  0.06580372  1.60103268  1.64731476
 -0.01740611  0.04016154] REAL [0.51203405] FAKE [0.5256636] 
223 epoch LOSS [-1.4163777] Parameters [ 1.62836893  1.64695786  0.01829477  0.06568825  1.60103741  1.64731661
 -0.01742112  0.04004526] REAL [0.50827733] FAKE [0.5227189] 
224 epoch LOSS [-1.40082698] Parameters [ 1.6283723   1.64696075  0.01855382  0.06566387  1.60104026  1.6473185
 -0.01714733  0.0400071 ] REAL [0.5133514] FAKE [0.52003031] 
225 epoch LOSS [-1.40822492] Parameters [ 1.62836916  1.64696439  0.01859346  0.06572383  1.60104014  1.64731607
 -0.01717932  0.04006621] REAL [0.50646112] FAKE [0.51708624] 
226 epoch LOSS [-1.40139619] Parameters [ 1.6283685   1.64696401  0.019068    0.06586457  1.60103857  1.64731285
 -0.01698494  0.04019946] REAL [0.50700306] FAKE [0.514297] 
227 epoch LOSS [-1.38102742] Parameters [ 1.62836409  1.64695506  0.01879463  0.06607127  1.6010412   1.64731169
 -0.01699817  0.04040438] REAL [0.51405759] FAKE [0.51110495] 
228 epoch LOSS [-1.39578552] Parameters [ 1.62836276  1.64695639  0.01837405  0.06634741  1.60103709  1.6473133
 -0.01732056  0.04068505] REAL [0.50370985] FAKE [0.50837087] 
229 epoch LOSS [-1.39375646] Parameters [ 1.62836964  1.6469587   0.01847193  0.0667275   1.60103402  1.64731669
 -0.01720488  0.0410653 ] REAL [0.50189387] FAKE [0.50558986] 
230 epoch LOSS [-1.37108846] Parameters [ 1.62836876  1.64695696  0.0184751   0.06727707  1.60103214  1.64732294
 -0.01718232  0.04157777] REAL [0.51055772] FAKE [0.50283677] 
231 epoch LOSS [-1.35622183] Parameters [ 1.62836724  1.64695498  0.01876498  0.06779081  1.60103713  1.64732447
 -0.01686979  0.04206859] REAL [0.51515454] FAKE [0.49989314] 
232 epoch LOSS [-1.35468847] Parameters [ 1.62837677  1.64695423  0.0184072   0.0684834   1.6010381   1.6473242
 -0.01705814  0.04278859] REAL [0.51277264] FAKE [0.49679908] 
233 epoch LOSS [-1.36732786] Parameters [ 1.62837709  1.64694906  0.01859086  0.06923613  1.60103195  1.64731372
 -0.01681849  0.04352984] REAL [0.50302744] FAKE [0.49349308] 
234 epoch LOSS [-1.34055307] Parameters [ 1.62837721  1.64694962  0.01873099  0.07008308  1.60103304  1.64731661
 -0.01653444  0.04431411] REAL [0.5136519] FAKE [0.49050926] 
235 epoch LOSS [-1.35325503] Parameters [ 1.6283831   1.64694516  0.01893178  0.07096368  1.60103231  1.6473149
 -0.01632594  0.04524679] REAL [0.50432339] FAKE [0.48763472] 
236 epoch LOSS [-1.32519114] Parameters [ 1.62838109  1.64694011  0.01875943  0.07194898  1.60102611  1.64730315
 -0.0165158   0.04624387] REAL [0.5155215] FAKE [0.48449841] 
237 epoch LOSS [-1.32406806] Parameters [ 1.62838133  1.64693344  0.01879058  0.07319278  1.60101395  1.64730965
 -0.01650459  0.04743677] REAL [0.513275] FAKE [0.48166034] 
238 epoch LOSS [-1.32635451] Parameters [ 1.62837524  1.64693524  0.01858861  0.07442849  1.60101522  1.64731241
 -0.01671118  0.04864867] REAL [0.50887589] FAKE [0.47837346] 
239 epoch LOSS [-1.31490198] Parameters [ 1.62837533  1.64692557  0.01832175  0.07576641  1.60101382  1.64731779
 -0.01688675  0.04995562] REAL [0.51176314] FAKE [0.47534197] 
240 epoch LOSS [-1.31931141] Parameters [ 1.62837254  1.6469372   0.01803059  0.07732003  1.60101522  1.64731035
 -0.01710472  0.05145088] REAL [0.50681933] FAKE [0.47255502] 
241 epoch LOSS [-1.3094509] Parameters [ 1.62838541  1.64694211  0.01806751  0.07905402  1.60103279  1.64731105
 -0.01695703  0.05313958] REAL [0.50851857] FAKE [0.46910837] 
242 epoch LOSS [-1.28314277] Parameters [ 1.62837308  1.64693956  0.01785207  0.08088496  1.60102679  1.64732531
 -0.0170925   0.05500035] REAL [0.51895184] FAKE [0.46591409] 
243 epoch LOSS [-1.28796444] Parameters [ 1.62836421  1.64692651  0.01785527  0.08290297  1.60102807  1.64732138
 -0.01717529  0.05695312] REAL [0.51347336] FAKE [0.46281209] 
244 epoch LOSS [-1.27174567] Parameters [ 1.62837194  1.64692764  0.01765272  0.08520588  1.60102932  1.64731685
 -0.01723718  0.05926251] REAL [0.51947121] FAKE [0.46033235] 
245 epoch LOSS [-1.2704998] Parameters [ 1.6283684   1.6469175   0.01753894  0.08767951  1.60102579  1.64731626
 -0.01722191  0.06178301] REAL [0.51700973] FAKE [0.45708701] 
246 epoch LOSS [-1.25757517] Parameters [ 1.62836115  1.64690403  0.01740747  0.09039032  1.60101772  1.64731209
 -0.01744557  0.06436597] REAL [0.52103005] FAKE [0.45426819] 
247 epoch LOSS [-1.26810697] Parameters [ 1.62834786  1.6468963   0.01739146  0.0931894   1.60102543  1.64731082
 -0.01760869  0.06731186] REAL [0.51234122] FAKE [0.45082743] 
248 epoch LOSS [-1.26627627] Parameters [ 1.62833256  1.64687504  0.01703432  0.09628581  1.60103877  1.64730923
 -0.01780617  0.07038875] REAL [0.51005771] FAKE [0.447358] 
249 epoch LOSS [-1.23643998] Parameters [ 1.62832083  1.64686048  0.01688872  0.09965019  1.60099384  1.64729473
 -0.01780489  0.07373125] REAL [0.52292578] FAKE [0.44463195] 
250 epoch LOSS [-1.23233654] Parameters [ 1.62833944  1.64685476  0.01663833  0.10344962  1.60097384  1.64729672
 -0.01796115  0.07760974] REAL [0.52251739] FAKE [0.4419125] 
251 epoch LOSS [-1.24578419] Parameters [ 1.62831978  1.64686556  0.01648855  0.10751978  1.60096636  1.64731382
 -0.01792399  0.08163977] REAL [0.5134158] FAKE [0.43960588] 
252 epoch LOSS [-1.22056851] Parameters [ 1.62834968  1.6468627   0.01660122  0.11191718  1.6009773   1.64732199
 -0.01780849  0.08611496] REAL [0.52295222] FAKE [0.43577566] 
253 epoch LOSS [-1.22001343] Parameters [ 1.62837263  1.64683468  0.01644697  0.11689229  1.60098853  1.64732871
 -0.01782101  0.09099248] REAL [0.52193903] FAKE [0.4343665] 
254 epoch LOSS [-1.21369463] Parameters [ 1.62837312  1.64680425  0.01651673  0.12233341  1.60093954  1.64730843
 -0.01790776  0.09639358] REAL [0.52296632] FAKE [0.4318992] 
255 epoch LOSS [-1.19664585] Parameters [ 1.62835973  1.64680353  0.01630155  0.12805458  1.60090003  1.64731075
 -0.01798729  0.1019913 ] REAL [0.52924415] FAKE [0.42898536] 
256 epoch LOSS [-1.1988911] Parameters [ 1.62836187  1.64677035  0.01615531  0.13440847  1.60088107  1.64728006
 -0.0180863   0.10842339] REAL [0.5254794] FAKE [0.42618419] 
257 epoch LOSS [-1.20034784] Parameters [ 1.62833692  1.64684012  0.01609063  0.14076648  1.60090712  1.64726756
 -0.01812136  0.11471293] REAL [0.52283668] FAKE [0.4241233] 
258 epoch LOSS [-1.17155062] Parameters [ 1.62828684  1.64685745  0.01608949  0.14814949  1.60090168  1.64729032
 -0.01805145  0.12212426] REAL [0.53691945] FAKE [0.42284443] 
259 epoch LOSS [-1.18081053] Parameters [ 1.62831452  1.64681922  0.01611659  0.15625074  1.60092277  1.64730657
 -0.01802573  0.13010226] REAL [0.52975247] FAKE [0.42042784] 
260 epoch LOSS [-1.17135799] Parameters [ 1.62839283  1.64684918  0.01618994  0.16503757  1.60088973  1.64724841
 -0.01795409  0.13881788] REAL [0.53314513] FAKE [0.41864657] 
261 epoch LOSS [-1.16060422] Parameters [ 1.62845212  1.64687001  0.01651783  0.17406795  1.60087904  1.64723615
 -0.01783967  0.14812667] REAL [0.5389251] FAKE [0.41866352] 
262 epoch LOSS [-1.17433561] Parameters [ 1.62858333  1.64687659  0.01649724  0.18410432  1.60092193  1.64727535
 -0.01777712  0.15825919] REAL [0.53079822] FAKE [0.41781224] 
263 epoch LOSS [-1.16087146] Parameters [ 1.62858615  1.64691458  0.01632298  0.19510965  1.60091509  1.64720923
 -0.01789978  0.16923987] REAL [0.53629101] FAKE [0.41596428] 
264 epoch LOSS [-1.14347165] Parameters [ 1.62865169  1.64688252  0.01653843  0.20747717  1.60084472  1.64722358
 -0.01766279  0.18145993] REAL [0.5447666] FAKE [0.41495927] 
265 epoch LOSS [-1.15681947] Parameters [ 1.62870493  1.64682906  0.01640442  0.22101324  1.60081331  1.64730976
 -0.01800101  0.19477246] REAL [0.53713626] FAKE [0.41451575] 
266 epoch LOSS [-1.13475774] Parameters [ 1.62867342  1.6469003   0.0163838   0.235748    1.60077868  1.64727484
 -0.01797898  0.20959387] REAL [0.54735798] FAKE [0.41263303] 
267 epoch LOSS [-1.14012339] Parameters [ 1.62877682  1.64688134  0.01637453  0.25211459  1.60064276  1.64722049
 -0.01800086  0.22590214] REAL [0.54393262] FAKE [0.41209711] 
268 epoch LOSS [-1.12945989] Parameters [ 1.62878555  1.64692645  0.01639319  0.27001761  1.60062749  1.64720312
 -0.01793766  0.2437126 ] REAL [0.55050244] FAKE [0.41288584] 
269 epoch LOSS [-1.13180327] Parameters [ 1.62869061  1.64694726  0.01632548  0.289507    1.60069841  1.64727371
 -0.01784006  0.26297212] REAL [0.54938117] FAKE [0.41306458] 
270 epoch LOSS [-1.12814569] Parameters [ 1.62862292  1.646783    0.01658725  0.31070462  1.60077552  1.64728499
 -0.01752033  0.28394609] REAL [0.55106046] FAKE [0.41270906] 
271 epoch LOSS [-1.12285816] Parameters [ 1.62855718  1.64692544  0.01655166  0.33376824  1.60070416  1.64718073
 -0.01730542  0.30694874] REAL [0.55543212] FAKE [0.41424244] 
272 epoch LOSS [-1.12977779] Parameters [ 1.62865224  1.64702212  0.01679953  0.35919723  1.60080033  1.64737339
 -0.01705896  0.33241895] REAL [0.55359819] FAKE [0.41635458] 
273 epoch LOSS [-1.14495349] Parameters [ 1.62859253  1.6470265   0.01687919  0.38677762  1.6006817   1.64720111
 -0.01708405  0.36008359] REAL [0.55147528] FAKE [0.42293203] 
274 epoch LOSS [-1.14108205] Parameters [ 1.62860534  1.64702632  0.0167636   0.41703079  1.60078034  1.64737908
 -0.01721947  0.39030569] REAL [0.55504993] FAKE [0.42442448] 
275 epoch LOSS [-1.14215939] Parameters [ 1.62866253  1.64742431  0.01680435  0.45008598  1.60076096  1.64715132
 -0.01706767  0.42333707] REAL [0.55553504] FAKE [0.42554631] 
276 epoch LOSS [-1.16785374] Parameters [ 1.62867393  1.64744475  0.01720139  0.48558045  1.60083304  1.64711433
 -0.01682519  0.4593774 ] REAL [0.55100723] FAKE [0.43551778] 
277 epoch LOSS [-1.17096197] Parameters [ 1.62859094  1.64744759  0.01716459  0.52401652  1.60082454  1.64693076
 -0.01667012  0.49789061] REAL [0.54674291] FAKE [0.43288058] 
278 epoch LOSS [-1.18696789] Parameters [ 1.62870373  1.64779094  0.01695135  0.56525211  1.60093742  1.64709511
 -0.01683131  0.53924414] REAL [0.54810814] FAKE [0.44327575] 
279 epoch LOSS [-1.20552006] Parameters [ 1.62879049  1.64761294  0.01672923  0.60891205  1.60089905  1.64719592
 -0.0169616   0.5826092 ] REAL [0.54250132] FAKE [0.44786092] 
280 epoch LOSS [-1.26502178] Parameters [ 1.62843177  1.64777892  0.01663024  0.65489794  1.60072464  1.64729338
 -0.01686322  0.62870609] REAL [0.53490676] FAKE [0.47236944] 
281 epoch LOSS [-1.27032573] Parameters [ 1.62832252  1.64787414  0.01666338  0.70251558  1.60052233  1.64750603
 -0.01660897  0.67627759] REAL [0.52709181] FAKE [0.46737902] 
282 epoch LOSS [-1.3211688] Parameters [ 1.62876626  1.64768308  0.01689642  0.75122273  1.60045871  1.64707871
 -0.01671032  0.7251763 ] REAL [0.52382976] FAKE [0.49062982] 
283 epoch LOSS [-1.32700552] Parameters [ 1.62837491  1.64782554  0.0172871   0.80040759  1.60069343  1.64694474
 -0.01653217  0.77438387] REAL [0.52666042] FAKE [0.49631602] 
284 epoch LOSS [-1.38320371] Parameters [ 1.62860642  1.64778819  0.0181071   0.84914422  1.60079693  1.64675923
 -0.01585473  0.82307072] REAL [0.51365979] FAKE [0.51178998] 
285 epoch LOSS [-1.42698187] Parameters [ 1.62848866  1.64764018  0.01790874  0.89695384  1.60082868  1.64655888
 -0.01630392  0.87073605] REAL [0.51054306] FAKE [0.5298491] 
286 epoch LOSS [-1.47414163] Parameters [ 1.62868039  1.64760433  0.01829071  0.94291101  1.60048361  1.64695668
 -0.01640934  0.91652418] REAL [0.50361766] FAKE [0.54533923] 
287 epoch LOSS [-1.49811902] Parameters [ 1.62888793  1.6473623   0.01860578  0.98650988  1.60044674  1.64693374
 -0.01582204  0.96001576] REAL [0.50098294] FAKE [0.55377671] 
288 epoch LOSS [-1.49018596] Parameters [ 1.62885847  1.64710216  0.01796006  1.02701339  1.60016324  1.64657344
 -0.01653707  1.00039025] REAL [0.50690234] FAKE [0.55547503] 
289 epoch LOSS [-1.53308915] Parameters [ 1.62924132  1.64752601  0.01739357  1.06399147  1.60006913  1.6463024
 -0.01682828  1.03760629] REAL [0.50048654] FAKE [0.56868413] 
290 epoch LOSS [-1.54831165] Parameters [ 1.62910636  1.6474139   0.01696996  1.09716962  1.60021383  1.64640269
 -0.01677649  1.07101288] REAL [0.49861942] FAKE [0.57360942] 
291 epoch LOSS [-1.53425682] Parameters [ 1.62905254  1.64744463  0.01669555  1.12692503  1.6002819   1.64634202
 -0.01653498  1.10058227] REAL [0.50582781] FAKE [0.57373662] 
292 epoch LOSS [-1.54729408] Parameters [ 1.62899191  1.64742215  0.01687824  1.15251932  1.60031408  1.64643442
 -0.01617031  1.12617357] REAL [0.5027954] FAKE [0.57672032] 
293 epoch LOSS [-1.5452209] Parameters [ 1.6290321   1.64743341  0.01702738  1.17521791  1.60032212  1.6463402
 -0.01652379  1.14887095] REAL [0.50299364] FAKE [0.57600904] 
294 epoch LOSS [-1.52750212] Parameters [ 1.62905828  1.64746715  0.01740569  1.19462972  1.60038072  1.64631949
 -0.01619618  1.16853684] REAL [0.50752068] FAKE [0.57227906] 
295 epoch LOSS [-1.53574914] Parameters [ 1.62907831  1.64742864  0.01726768  1.21071667  1.60043193  1.64637962
 -0.01584841  1.18475715] REAL [0.5001581] FAKE [0.56954742] 
296 epoch LOSS [-1.50037586] Parameters [ 1.62911241  1.64742715  0.01739003  1.22433755  1.60041901  1.64643616
 -0.01583377  1.19819223] REAL [0.51246955] FAKE [0.56476183] 
297 epoch LOSS [-1.49362447] Parameters [ 1.62910442  1.64743716  0.01726908  1.23494994  1.6004406   1.64644973
 -0.01646233  1.20889842] REAL [0.51033636] FAKE [0.55998182] 
298 epoch LOSS [-1.46941384] Parameters [ 1.62910139  1.64743023  0.01654437  1.24327684  1.60043813  1.64645803
 -0.01692765  1.21721967] REAL [0.51622695] FAKE [0.55434272] 
299 epoch LOSS [-1.45616304] Parameters [ 1.62910251  1.64743347  0.01717818  1.24942605  1.60043211  1.64645046
 -0.01662172  1.2236012 ] REAL [0.51575199] FAKE [0.54798222] 
300 epoch LOSS [-1.46005193] Parameters [ 1.62911299  1.64741274  0.01741521  1.25316655  1.60044523  1.64647804
 -0.01672014  1.22761094] REAL [0.50676586] FAKE [0.54175245] 
301 epoch LOSS [-1.4279658] Parameters [ 1.62907301  1.64743591  0.01751737  1.25519026  1.60042501  1.64646353
 -0.0169506   1.2297174 ] REAL [0.51520685] FAKE [0.53456321] 
302 epoch LOSS [-1.40320152] Parameters [ 1.62913171  1.64746053  0.01736733  1.25552024  1.60043194  1.64648204
 -0.01727745  1.23016017] REAL [0.52128066] FAKE [0.52845221] 
303 epoch LOSS [-1.39097708] Parameters [ 1.62909713  1.64753984  0.01765083  1.25420773  1.60042497  1.64655513
 -0.01718206  1.22888913] REAL [0.51919563] FAKE [0.52073546] 
304 epoch LOSS [-1.37443772] Parameters [ 1.62910129  1.64747929  0.01763252  1.25126152  1.60032569  1.64663736
 -0.01749281  1.22593073] REAL [0.52099921] FAKE [0.51442958] 
305 epoch LOSS [-1.38796913] Parameters [ 1.62902756  1.64742334  0.01742833  1.246753    1.60032891  1.64659741
 -0.01743272  1.22136648] REAL [0.50636039] FAKE [0.50710668] 
306 epoch LOSS [-1.338053] Parameters [ 1.62891943  1.64736074  0.01780174  1.24059135  1.60024058  1.64660757
 -0.01716548  1.21525481] REAL [0.52282531] FAKE [0.49819572] 
307 epoch LOSS [-1.32651996] Parameters [ 1.62891571  1.64732473  0.01777403  1.23295123  1.60022134  1.64661363
 -0.01715006  1.20764899] REAL [0.5227421] FAKE [0.49229408] 
308 epoch LOSS [-1.34278275] Parameters [ 1.62882739  1.64741773  0.01742671  1.22388635  1.60032947  1.64666612
 -0.01728621  1.1985109 ] REAL [0.51089903] FAKE [0.48890482] 
309 epoch LOSS [-1.31845295] Parameters [ 1.62874882  1.64736735  0.01747118  1.21331321  1.60041483  1.64680353
 -0.01744051  1.18795107] REAL [0.51772547] FAKE [0.48322246] 
310 epoch LOSS [-1.30210835] Parameters [ 1.6287339   1.64750987  0.01753812  1.20124973  1.60051878  1.64682908
 -0.01730876  1.17587771] REAL [0.51948766] FAKE [0.47648841] 
311 epoch LOSS [-1.30571923] Parameters [ 1.62865087  1.64750163  0.01748849  1.18771743  1.6004753   1.64689301
 -0.01755219  1.16232931] REAL [0.51256095] FAKE [0.47132615] 
312 epoch LOSS [-1.28563228] Parameters [ 1.62865998  1.64745424  0.0172115   1.17274707  1.6005184   1.64681787
 -0.01819258  1.1473641 ] REAL [0.5217208] FAKE [0.47006959] 
313 epoch LOSS [-1.2950492] Parameters [ 1.62877154  1.64751016  0.01757053  1.15637169  1.60056976  1.64679569
 -0.01772193  1.13097819] REAL [0.51023486] FAKE [0.46321898] 
314 epoch LOSS [-1.27710356] Parameters [ 1.62880778  1.64729737  0.01759746  1.13863361  1.60057949  1.64691625
 -0.01783274  1.11327631] REAL [0.51680814] FAKE [0.46045009] 
315 epoch LOSS [-1.29506539] Parameters [ 1.62893504  1.64717908  0.01753021  1.11961614  1.6006792   1.64672901
 -0.01809094  1.09420474] REAL [0.50570355] FAKE [0.45841797] 
316 epoch LOSS [-1.30158321] Parameters [ 1.62897447  1.64721829  0.01770538  1.09934129  1.60060469  1.64656029
 -0.01806041  1.07394553] REAL [0.50231269] FAKE [0.45830423] 
317 epoch LOSS [-1.26526916] Parameters [ 1.62884105  1.64730118  0.01813061  1.07792922  1.60043645  1.6465123
 -0.01765239  1.05257567] REAL [0.5222536] FAKE [0.45971969] 
318 epoch LOSS [-1.31855424] Parameters [ 1.62864039  1.64732737  0.01820195  1.05551587  1.60026257  1.64644938
 -0.01787645  1.030114  ] REAL [0.50096234] FAKE [0.46598422] 
319 epoch LOSS [-1.30685762] Parameters [ 1.6288554   1.64732317  0.0185078   1.03218294  1.60022556  1.64634759
 -0.01798452  1.0067626 ] REAL [0.50692005] FAKE [0.46605137] 
320 epoch LOSS [-1.27649857] Parameters [ 1.62906583  1.64742069  0.01835942  1.00816533  1.60014853  1.64619622
 -0.01813455  0.98267853] REAL [0.51781816] FAKE [0.46117662] 
321 epoch LOSS [-1.31994596] Parameters [ 1.62916846  1.64748877  0.01859968  0.9836681   1.60016977  1.64586949
 -0.01785455  0.95809378] REAL [0.50354819] FAKE [0.46946539] 
322 epoch LOSS [-1.29921101] Parameters [ 1.62887789  1.64744415  0.01840209  0.95875684  1.60010415  1.6460238
 -0.01774671  0.9333847 ] REAL [0.51551044] FAKE [0.47091876] 
323 epoch LOSS [-1.34883259] Parameters [ 1.62867864  1.64743199  0.01837262  0.93373175  1.60014375  1.64620018
 -0.01746731  0.90837343] REAL [0.49610952] FAKE [0.47684318] 
324 epoch LOSS [-1.34664095] Parameters [ 1.62856658  1.64759171  0.01820838  0.90903152  1.60021132  1.64607052
 -0.01765847  0.88351187] REAL [0.5071596] FAKE [0.487119] 
325 epoch LOSS [-1.34997244] Parameters [ 1.62840134  1.64775379  0.01798166  0.88440008  1.60010316  1.645913
 -0.01744796  0.85879896] REAL [0.50323877] FAKE [0.48484214] 
326 epoch LOSS [-1.3422804] Parameters [ 1.62838995  1.64800597  0.01828754  0.86018506  1.60001984  1.64573279
 -0.01713843  0.83479144] REAL [0.51040258] FAKE [0.48815064] 
327 epoch LOSS [-1.3816826] Parameters [ 1.62846476  1.64786275  0.01826155  0.8367043   1.60010667  1.64557614
 -0.01712729  0.81120277] REAL [0.49722546] FAKE [0.49488587] 
328 epoch LOSS [-1.36479516] Parameters [ 1.62842396  1.64801142  0.01794101  0.8142724   1.60000533  1.645568
 -0.01738947  0.78877485] REAL [0.50796657] FAKE [0.49714605] 
329 epoch LOSS [-1.35301667] Parameters [ 1.62860637  1.64809381  0.01747671  0.79265639  1.59996288  1.64548669
 -0.0177946   0.76705967] REAL [0.51376776] FAKE [0.49693341] 
330 epoch LOSS [-1.40256853] Parameters [ 1.62861783  1.64827596  0.0174051   0.77187638  1.60012218  1.64556253
 -0.01829304  0.74631339] REAL [0.49223508] FAKE [0.50031114] 
331 epoch LOSS [-1.38457346] Parameters [ 1.62871559  1.64826603  0.01713645  0.75253985  1.60019776  1.64555816
 -0.01845776  0.72707587] REAL [0.50462064] FAKE [0.50372502] 
332 epoch LOSS [-1.40811068] Parameters [ 1.62868987  1.64834256  0.01744566  0.73462608  1.60029609  1.64548525
 -0.01834859  0.70912072] REAL [0.49577102] FAKE [0.50661702] 
333 epoch LOSS [-1.38103401] Parameters [ 1.62873159  1.64843443  0.01765351  0.71757801  1.60014119  1.64548601
 -0.01829233  0.69223458] REAL [0.51012622] FAKE [0.50734045] 
334 epoch LOSS [-1.39812858] Parameters [ 1.62869546  1.64837341  0.01828584  0.70228898  1.60014647  1.64549619
 -0.01740505  0.67712861] REAL [0.50474823] FAKE [0.51053046] 
335 epoch LOSS [-1.40042985] Parameters [ 1.62871708  1.64836593  0.01834744  0.6886489   1.60023424  1.64543971
 -0.01733397  0.6634347 ] REAL [0.50298721] FAKE [0.50994581] 
336 epoch LOSS [-1.41815909] Parameters [ 1.62879569  1.64841616  0.01828226  0.67606473  1.60023382  1.64541005
 -0.01745536  0.65082508] REAL [0.4945241] FAKE [0.51031831] 
337 epoch LOSS [-1.41392041] Parameters [ 1.62885335  1.64835778  0.01882042  0.66512637  1.6002209   1.6454189
 -0.0169964   0.64006646] REAL [0.49707375] FAKE [0.5107607] 
338 epoch LOSS [-1.41770967] Parameters [ 1.62886597  1.64838726  0.01874422  0.65576962  1.60023984  1.64544861
 -0.01695335  0.63069449] REAL [0.49555137] FAKE [0.51111374] 
339 epoch LOSS [-1.39964753] Parameters [ 1.628867    1.64838649  0.0184992   0.64776271  1.60025047  1.64544499
 -0.01705904  0.62263788] REAL [0.50447922] FAKE [0.51101277] 
340 epoch LOSS [-1.4221053] Parameters [ 1.62887612  1.64838466  0.01796154  0.64065288  1.60025696  1.64545135
 -0.01745115  0.61554276] REAL [0.49225226] FAKE [0.50999581] 
341 epoch LOSS [-1.39790097] Parameters [ 1.62887442  1.64838673  0.01778861  0.63514152  1.60025988  1.64544503
 -0.01754648  0.60965791] REAL [0.50331209] FAKE [0.50902208] 
342 epoch LOSS [-1.41013669] Parameters [ 1.62888988  1.64836373  0.0175489   0.63077998  1.60025723  1.64544326
 -0.01780674  0.60554394] REAL [0.49552418] FAKE [0.50737033] 
343 epoch LOSS [-1.39601463] Parameters [ 1.62885625  1.64837065  0.01763227  0.62808772  1.60025811  1.64542169
 -0.01793379  0.602571  ] REAL [0.50154167] FAKE [0.50635866] 
344 epoch LOSS [-1.40187608] Parameters [ 1.6288865   1.64836375  0.01756967  0.6263773   1.60028281  1.64542239
 -0.01789868  0.60077669] REAL [0.4977858] FAKE [0.50554082] 
345 epoch LOSS [-1.39999175] Parameters [ 1.62889034  1.64836245  0.01773492  0.62542127  1.60025347  1.64548748
 -0.01806701  0.59967665] REAL [0.49748518] FAKE [0.50430886] 
346 epoch LOSS [-1.38381878] Parameters [ 1.6289565   1.64839802  0.01772437  0.62535425  1.60025588  1.6455231
 -0.01829899  0.59928751] REAL [0.50333401] FAKE [0.50208082] 
347 epoch LOSS [-1.40015867] Parameters [ 1.62892195  1.64838911  0.01785774  0.62564192  1.60022824  1.64548146
 -0.01804282  0.5996831 ] REAL [0.4946511] FAKE [0.50155203] 
348 epoch LOSS [-1.39574573] Parameters [ 1.62888833  1.64841646  0.01836334  0.62707567  1.60018641  1.64541617
 -0.01801276  0.6012647 ] REAL [0.49566923] FAKE [0.50037591] 
349 epoch LOSS [-1.3657682] Parameters [ 1.62889236  1.64839654  0.01838756  0.62976071  1.60024073  1.64541489
 -0.01812924  0.60369213] REAL [0.50856857] FAKE [0.49822977] 
350 epoch LOSS [-1.38367763] Parameters [ 1.62892556  1.64846599  0.01830807  0.63293854  1.60021449  1.64539022
 -0.01808108  0.6069497 ] REAL [0.4988938] FAKE [0.49757836] 
351 epoch LOSS [-1.36132891] Parameters [ 1.62889297  1.64845422  0.01800154  0.63721108  1.60009985  1.64547932
 -0.01853028  0.61110145] REAL [0.50913474] FAKE [0.49655778] 
352 epoch LOSS [-1.38716856] Parameters [ 1.62890375  1.64839815  0.01812286  0.64206678  1.60006715  1.64540917
 -0.01839114  0.61615958] REAL [0.49447409] FAKE [0.49485413] 
353 epoch LOSS [-1.38640415] Parameters [ 1.62891692  1.64845426  0.01817469  0.6475785   1.60010715  1.64544444
 -0.01849435  0.62190952] REAL [0.4972947] FAKE [0.49733517] 
354 epoch LOSS [-1.35420042] Parameters [ 1.62880926  1.6483936   0.01818848  0.65350141  1.60021597  1.64548987
 -0.01823747  0.62794733] REAL [0.51014447] FAKE [0.49395977] 
355 epoch LOSS [-1.35499995] Parameters [ 1.62883464  1.64843802  0.01813707  0.66033521  1.60024663  1.64548507
 -0.01832757  0.63452475] REAL [0.51022933] FAKE [0.4944483] 
356 epoch LOSS [-1.37855185] Parameters [ 1.62883735  1.64839481  0.01820874  0.66725409  1.60029563  1.64551668
 -0.01809727  0.64129145] REAL [0.49708593] FAKE [0.49315978] 
357 epoch LOSS [-1.35064539] Parameters [ 1.62879     1.64842296  0.01821283  0.67478864  1.60029634  1.64547138
 -0.01807474  0.64870588] REAL [0.50991962] FAKE [0.49193365] 
358 epoch LOSS [-1.38523767] Parameters [ 1.62876044  1.64836805  0.01838681  0.68313017  1.60021566  1.64545461
 -0.01795374  0.65700135] REAL [0.49521225] FAKE [0.49463222] 
359 epoch LOSS [-1.3599611] Parameters [ 1.62876938  1.64836519  0.01860416  0.69136413  1.60021815  1.64552394
 -0.01757569  0.66506187] REAL [0.50577107] FAKE [0.49251593] 
360 epoch LOSS [-1.36248375] Parameters [ 1.62883164  1.64831232  0.01847305  0.69980523  1.60020334  1.64542497
 -0.01758687  0.67373257] REAL [0.50685854] FAKE [0.49488058] 
361 epoch LOSS [-1.35845065] Parameters [ 1.62874685  1.64829817  0.01819789  0.70844493  1.60027904  1.64538824
 -0.018128    0.68255843] REAL [0.50784038] FAKE [0.49381981] 
362 epoch LOSS [-1.35179187] Parameters [ 1.62866451  1.64824893  0.0181186   0.71752054  1.60029897  1.64533154
 -0.01779685  0.69160724] REAL [0.51160676] FAKE [0.49418934] 
363 epoch LOSS [-1.35629609] Parameters [ 1.62858089  1.64829244  0.01782629  0.72643491  1.60032318  1.64537296
 -0.01788475  0.70061216] REAL [0.51045371] FAKE [0.49532507] 
364 epoch LOSS [-1.37295204] Parameters [ 1.62871852  1.6483332   0.01849689  0.73546068  1.60032075  1.64534729
 -0.01767265  0.70958071] REAL [0.50281504] FAKE [0.49612101] 
365 epoch LOSS [-1.36877592] Parameters [ 1.62867023  1.64837269  0.01805427  0.74427521  1.60039069  1.64526105
 -0.01810382  0.71860193] REAL [0.50337891] FAKE [0.49457914] 
366 epoch LOSS [-1.36149591] Parameters [ 1.62864201  1.64839154  0.01804358  0.75321988  1.60039907  1.64520414
 -0.0177334   0.72748856] REAL [0.50944182] FAKE [0.49694526] 
367 epoch LOSS [-1.38739451] Parameters [ 1.6286503   1.648378    0.01803542  0.76186726  1.60047363  1.64514865
 -0.01763825  0.73627951] REAL [0.49758269] FAKE [0.49812338] 
368 epoch LOSS [-1.39116737] Parameters [ 1.62871748  1.64846757  0.01767752  0.77039266  1.60040223  1.64506076
 -0.01757019  0.74464886] REAL [0.49630976] FAKE [0.49873097] 
369 epoch LOSS [-1.37495966] Parameters [ 1.62871951  1.64852639  0.01794574  0.77859502  1.6004328   1.64511633
 -0.01752644  0.75279518] REAL [0.50445117] FAKE [0.4987626] 
370 epoch LOSS [-1.39104001] Parameters [ 1.62860406  1.64860133  0.01775915  0.78665939  1.6003585   1.64505366
 -0.01725413  0.76084095] REAL [0.49652866] FAKE [0.49888814] 
371 epoch LOSS [-1.39092765] Parameters [ 1.62853198  1.64852207  0.01765372  0.79438673  1.60039443  1.64505651
 -0.01718913  0.76844237] REAL [0.49708409] FAKE [0.49939183] 
372 epoch LOSS [-1.39969206] Parameters [ 1.62846078  1.64855238  0.01760472  0.80160092  1.60043812  1.64498894
 -0.01689723  0.77558636] REAL [0.49227014] FAKE [0.49890743] 
373 epoch LOSS [-1.39447214] Parameters [ 1.6284712   1.64855399  0.01822727  0.80886639  1.60050273  1.64502618
 -0.01658585  0.78293186] REAL [0.49745772] FAKE [0.50153775] 
374 epoch LOSS [-1.37959106] Parameters [ 1.62846471  1.64851697  0.0177446   0.81538218  1.60063217  1.64500127
 -0.01715896  0.78928316] REAL [0.50364152] FAKE [0.5002766] 
375 epoch LOSS [-1.3926304] Parameters [ 1.62842511  1.64849775  0.01750725  0.82183252  1.600572    1.64489752
 -0.01708694  0.79550923] REAL [0.49739331] FAKE [0.5005542] 
376 epoch LOSS [-1.37985744] Parameters [ 1.62842348  1.64846413  0.01702237  0.82755724  1.60060752  1.6448918
 -0.01741535  0.80141891] REAL [0.50558546] FAKE [0.50233058] 
377 epoch LOSS [-1.3827085] Parameters [ 1.62845467  1.64848001  0.0174024   0.83303001  1.60059313  1.64492873
 -0.01715156  0.80688788] REAL [0.50315195] FAKE [0.50134731] 
378 epoch LOSS [-1.38745606] Parameters [ 1.6284526   1.64849097  0.0174798   0.83798789  1.60062751  1.64489817
 -0.01690794  0.81197032] REAL [0.50120893] FAKE [0.50178513] 
379 epoch LOSS [-1.40176886] Parameters [ 1.62845769  1.64850159  0.01712263  0.84247075  1.60061756  1.64490894
 -0.01701831  0.81643253] REAL [0.49428984] FAKE [0.50199026] 
380 epoch LOSS [-1.39987518] Parameters [ 1.62845394  1.64852338  0.01693256  0.84615247  1.60062216  1.6449135
 -0.01747355  0.82035696] REAL [0.49493403] FAKE [0.50169572] 
381 epoch LOSS [-1.3732573] Parameters [ 1.62845388  1.64851337  0.01689889  0.84927541  1.60061794  1.64493071
 -0.0174008   0.82359501] REAL [0.50853555] FAKE [0.50194121] 
382 epoch LOSS [-1.39387919] Parameters [ 1.62848044  1.64853135  0.01693611  0.85177862  1.60063657  1.64492575
 -0.01725911  0.82614119] REAL [0.49824177] FAKE [0.50202696] 
383 epoch LOSS [-1.38621276] Parameters [ 1.62846097  1.64854356  0.0168469   0.85377552  1.60061235  1.64490651
 -0.01732477  0.82832514] REAL [0.5022906] FAKE [0.50223954] 
384 epoch LOSS [-1.37088748] Parameters [ 1.62846891  1.64854871  0.01672778  0.85487498  1.60061367  1.64489826
 -0.01774664  0.82960417] REAL [0.50974585] FAKE [0.50194485] 
385 epoch LOSS [-1.40464859] Parameters [ 1.62845591  1.64854804  0.01621851  0.85605644  1.60060961  1.64489206
 -0.01834167  0.83072883] REAL [0.4923392] FAKE [0.5014549] 
386 epoch LOSS [-1.37487847] Parameters [ 1.62846732  1.64853413  0.01645601  0.85666586  1.60062138  1.64490561
 -0.01835241  0.83144983] REAL [0.5070679] FAKE [0.50130875] 
387 epoch LOSS [-1.37173714] Parameters [ 1.62847353  1.64853146  0.01653717  0.85677601  1.60064152  1.64491478
 -0.01842328  0.83194328] REAL [0.50827608] FAKE [0.50092886] 
388 epoch LOSS [-1.38801913] Parameters [ 1.62847696  1.64852374  0.01673048  0.85686418  1.60064742  1.64490659
 -0.01815069  0.83200351] REAL [0.50004238] FAKE [0.50090394] 
389 epoch LOSS [-1.38073525] Parameters [ 1.62846696  1.64853215  0.01678809  0.85635848  1.60063551  1.64490749
 -0.01794851  0.83128676] REAL [0.50341179] FAKE [0.50062027] 
390 epoch LOSS [-1.40621095] Parameters [ 1.62845772  1.64852412  0.01660687  0.85540371  1.60063817  1.64489063
 -0.01821203  0.83052515] REAL [0.49032917] FAKE [0.50019268] 
391 epoch LOSS [-1.38440465] Parameters [ 1.62845159  1.64851979  0.01659999  0.85433839  1.60063048  1.64488929
 -0.01823213  0.8291648 ] REAL [0.50082723] FAKE [0.49988167] 
392 epoch LOSS [-1.38051147] Parameters [ 1.62842121  1.64852279  0.01643635  0.85268291  1.60062933  1.64488229
 -0.0184419   0.82775536] REAL [0.50270345] FAKE [0.49980468] 
393 epoch LOSS [-1.37732716] Parameters [ 1.62841693  1.64852423  0.01661035  0.85085357  1.6006228   1.6448824
 -0.01828391  0.82595886] REAL [0.5039075] FAKE [0.49940836] 
394 epoch LOSS [-1.40449167] Parameters [ 1.62839654  1.64850701  0.0165141   0.84868012  1.60062142  1.64489685
 -0.01791626  0.82339824] REAL [0.49098891] FAKE [0.50000538] 
395 epoch LOSS [-1.38046121] Parameters [ 1.62839399  1.64851893  0.0168288   0.84590768  1.60060099  1.64490783
 -0.01738405  0.82073427] REAL [0.50247184] FAKE [0.49954897] 
396 epoch LOSS [-1.3954187] Parameters [ 1.62839591  1.6485281   0.01636263  0.8433404   1.60062002  1.64492698
 -0.01773547  0.81824909] REAL [0.49508044] FAKE [0.4996181] 
397 epoch LOSS [-1.38911876] Parameters [ 1.62842304  1.64853227  0.01618988  0.84018586  1.60061882  1.64493827
 -0.01764353  0.81511108] REAL [0.49811541] FAKE [0.49952382] 
398 epoch LOSS [-1.39927073] Parameters [ 1.62843881  1.64851891  0.01560471  0.83745862  1.60062995  1.64494132
 -0.01749889  0.81251795] REAL [0.49314247] FAKE [0.49958302] 
399 epoch LOSS [-1.37426963] Parameters [ 1.62843083  1.64849668  0.01572045  0.83443428  1.60065228  1.64493737
 -0.01735391  0.80935732] REAL [0.50502879] FAKE [0.49899028] 
