RUN 07_12_2021__21_32_51 
0 epoch LOSS [-1.12361684] Parameters [1.4707605  1.57189756 1.44657329 1.56937366 1.65473655 1.44777816
 1.59458357 1.52728916] REAL [0.59443337] FAKE [0.45308955] 
1 epoch LOSS [-1.11526275] Parameters [1.47074502 1.57190117 1.44424466 1.56959522 1.65473558 1.44776187
 1.59240354 1.52746291] REAL [0.59752138] FAKE [0.45135163] 
2 epoch LOSS [-1.08880923] Parameters [1.47074071 1.57187798 1.44169508 1.56983816 1.65476717 1.4477735
 1.58988734 1.52772694] REAL [0.61058861] FAKE [0.44870067] 
3 epoch LOSS [-1.09376868] Parameters [1.47074739 1.57188416 1.43858651 1.57007716 1.65477383 1.44778112
 1.58675783 1.52800267] REAL [0.60452789] FAKE [0.44592832] 
4 epoch LOSS [-1.07966348] Parameters [1.47073394 1.57189175 1.43551229 1.57031515 1.65478861 1.44780623
 1.583575   1.52820636] REAL [0.60825706] FAKE [0.44150287] 
5 epoch LOSS [-1.03641133] Parameters [1.4707198  1.57189215 1.43188895 1.57050709 1.65481317 1.4478155
 1.5797846  1.52835038] REAL [0.62991968] FAKE [0.43687202] 
6 epoch LOSS [-1.01984556] Parameters [1.47073883 1.57190436 1.42796048 1.5706635  1.65479819 1.44783933
 1.57583293 1.52854405] REAL [0.63524133] FAKE [0.43226201] 
7 epoch LOSS [-1.02178769] Parameters [1.47073409 1.57192188 1.42343047 1.57080486 1.65483061 1.44782568
 1.57115363 1.52865528] REAL [0.6295581] FAKE [0.42824835] 
8 epoch LOSS [-0.99815387] Parameters [1.47071692 1.57191861 1.41839521 1.57091831 1.65488146 1.44782264
 1.56606212 1.52876838] REAL [0.6396956] FAKE [0.42385219] 
9 epoch LOSS [-1.00144635] Parameters [1.47069811 1.57191272 1.41326696 1.57097843 1.65489805 1.44779698
 1.56072328 1.52891543] REAL [0.63040799] FAKE [0.41728572] 
10 epoch LOSS [-0.98431582] Parameters [1.47068453 1.57197704 1.40751923 1.57111425 1.65490775 1.44783082
 1.55512922 1.52905967] REAL [0.63673036] FAKE [0.4131035] 
11 epoch LOSS [-0.95973893] Parameters [1.47071843 1.57197526 1.40097813 1.57116097 1.65489192 1.44784292
 1.54858337 1.52914176] REAL [0.64763448] FAKE [0.40862805] 
12 epoch LOSS [-0.93129727] Parameters [1.47076112 1.57199719 1.39373125 1.57126291 1.65489159 1.44789559
 1.54143389 1.52921903] REAL [0.66208472] FAKE [0.40484626] 
13 epoch LOSS [-0.93503051] Parameters [1.47080576 1.57203845 1.3860068  1.5713541  1.65492426 1.44787976
 1.53384246 1.52928288] REAL [0.65164826] FAKE [0.39756781] 
14 epoch LOSS [-0.93163301] Parameters [1.47079469 1.57198896 1.37798072 1.57141124 1.65492472 1.4478673
 1.5261345  1.52932341] REAL [0.64953604] FAKE [0.39355185] 
15 epoch LOSS [-0.90100075] Parameters [1.47073914 1.57198384 1.36849781 1.5714761  1.65495254 1.44790241
 1.51676942 1.52942661] REAL [0.66422927] FAKE [0.38851989] 
16 epoch LOSS [-0.88282777] Parameters [1.47072699 1.57197876 1.35857377 1.57153921 1.65500094 1.44791192
 1.50659945 1.52942727] REAL [0.67061907] FAKE [0.38323904] 
17 epoch LOSS [-0.87269289] Parameters [1.47070472 1.57198069 1.34762226 1.57145685 1.65496801 1.44793357
 1.49581563 1.52940569] REAL [0.67164211] FAKE [0.37790548] 
18 epoch LOSS [-0.87286603] Parameters [1.4706508  1.57209047 1.3364446  1.57141127 1.65502216 1.44794194
 1.48440761 1.52934871] REAL [0.6676552] FAKE [0.37429898] 
19 epoch LOSS [-0.85270953] Parameters [1.47062561 1.57207654 1.32320127 1.57138066 1.65507136 1.44793801
 1.47103847 1.52934725] REAL [0.67705523] FAKE [0.37042299] 
20 epoch LOSS [-0.84784787] Parameters [1.47059772 1.57195069 1.30871337 1.57134807 1.65506005 1.44788805
 1.45613839 1.52929627] REAL [0.67786154] FAKE [0.36810727] 
21 epoch LOSS [-0.84529954] Parameters [1.47060566 1.57190928 1.29212609 1.57130224 1.65507818 1.44790917
 1.43941424 1.52919913] REAL [0.67504315] FAKE [0.36384999] 
22 epoch LOSS [-0.81080165] Parameters [1.47071052 1.57195264 1.27459174 1.57133646 1.65500263 1.44790541
 1.42143562 1.52914314] REAL [0.69686483] FAKE [0.36214087] 
23 epoch LOSS [-0.80543281] Parameters [1.47068338 1.57189572 1.25494222 1.57137887 1.65511307 1.44789326
 1.40134344 1.52904018] REAL [0.69314321] FAKE [0.35526388] 
24 epoch LOSS [-0.78460169] Parameters [1.4707596  1.5719322  1.23271223 1.57134174 1.6550678  1.4479667
 1.37921731 1.52890229] REAL [0.70364598] FAKE [0.35151848] 
25 epoch LOSS [-0.80542698] Parameters [1.47078157 1.57205335 1.20724855 1.57123523 1.65514866 1.44775615
 1.35370231 1.5287947 ] REAL [0.68653465] FAKE [0.34905387] 
26 epoch LOSS [-0.79681184] Parameters [1.47076712 1.5717554  1.17924435 1.57117025 1.65503538 1.44764492
 1.32576732 1.52875737] REAL [0.69412087] FAKE [0.35059756] 
27 epoch LOSS [-0.78742267] Parameters [1.4707851  1.5716857  1.14804319 1.57124212 1.65505142 1.44764531
 1.29397551 1.5288042 ] REAL [0.70052395] FAKE [0.3504633] 
28 epoch LOSS [-0.7968933] Parameters [1.47074194 1.57186224 1.11237632 1.57100815 1.65500016 1.44785428
 1.25840109 1.52881789] REAL [0.69558219] FAKE [0.35201465] 
29 epoch LOSS [-0.77351608] Parameters [1.47061489 1.57179502 1.07246024 1.57090401 1.65509657 1.44791507
 1.21859091 1.52870168] REAL [0.70269202] FAKE [0.34339949] 
30 epoch LOSS [-0.79941181] Parameters [1.47066282 1.57171947 1.02886549 1.57071283 1.655122   1.44781591
 1.17473514 1.5285071 ] REAL [0.69077512] FAKE [0.3491466] 
31 epoch LOSS [-0.80269701] Parameters [1.47043793 1.57177683 0.97958409 1.57062171 1.65526445 1.44773808
 1.12552718 1.52869762] REAL [0.70336012] FAKE [0.3628886] 
32 epoch LOSS [-0.7971916] Parameters [1.47065734 1.57207791 0.9233792  1.57039601 1.6548764  1.44790494
 1.07007443 1.52878317] REAL [0.7049331] FAKE [0.36080086] 
33 epoch LOSS [-0.84513963] Parameters [1.47065939 1.57222888 0.86110461 1.57053449 1.65543144 1.44758332
 1.00825344 1.5284608 ] REAL [0.69300621] FAKE [0.3802402] 
34 epoch LOSS [-0.87729096] Parameters [1.4702583  1.57231415 0.79253662 1.57114749 1.65592066 1.44791145
 0.93947296 1.52877907] REAL [0.67527769] FAKE [0.38409323] 
35 epoch LOSS [-0.95289539] Parameters [1.47029964 1.57248083 0.719946   1.5709111  1.65489307 1.44865822
 0.86684081 1.52945225] REAL [0.67110667] FAKE [0.42539257] 
36 epoch LOSS [-0.97205773] Parameters [1.47117309 1.57300468 0.6453659  1.57122547 1.6551563  1.44897832
 0.79267714 1.52970109] REAL [0.66704442] FAKE [0.43286567] 
37 epoch LOSS [-1.07744104] Parameters [1.47170844 1.57270553 0.57042476 1.57194642 1.65520971 1.44878761
 0.71776621 1.53021618] REAL [0.62788585] FAKE [0.45775868] 
38 epoch LOSS [-1.12634624] Parameters [1.47116326 1.57272089 0.49780919 1.5727197  1.6550335  1.44981887
 0.6450922  1.53061601] REAL [0.62600301] FAKE [0.48208603] 
39 epoch LOSS [-1.23532216] Parameters [1.47160245 1.57230999 0.42869206 1.57385595 1.65496559 1.44986238
 0.57642384 1.53175698] REAL [0.57589128] FAKE [0.49514589] 
40 epoch LOSS [-1.219974] Parameters [1.47085672 1.57209387 0.36561456 1.5739687  1.65495293 1.4494996
 0.51367886 1.53250431] REAL [0.59061652] FAKE [0.50011922] 
41 epoch LOSS [-1.33613419] Parameters [1.471223   1.57198836 0.30896971 1.5736341  1.65513806 1.44926241
 0.457003   1.53298412] REAL [0.53874692] FAKE [0.51209026] 
42 epoch LOSS [-1.32873847] Parameters [1.47149799 1.5714278  0.25880802 1.5736303  1.65568011 1.44923377
 0.40696241 1.53355775] REAL [0.54259097] FAKE [0.51195074] 
43 epoch LOSS [-1.33822446] Parameters [1.4712764  1.57174546 0.21532696 1.57394089 1.65577772 1.44946543
 0.36383102 1.53402243] REAL [0.54240512] FAKE [0.51639284] 
44 epoch LOSS [-1.38736522] Parameters [1.47129107 1.57191952 0.17708427 1.57428363 1.65553402 1.44961298
 0.32580223 1.53428743] REAL [0.52052192] FAKE [0.52022687] 
45 epoch LOSS [-1.40079585] Parameters [1.47121528 1.57185854 0.14375024 1.57438799 1.65542936 1.44937571
 0.2921502  1.53476175] REAL [0.51188297] FAKE [0.51863843] 
46 epoch LOSS [-1.41706933] Parameters [1.47130384 1.57186191 0.11592267 1.57464931 1.65533694 1.44947467
 0.26441343 1.53500078] REAL [0.50267901] FAKE [0.51773709] 
47 epoch LOSS [-1.4066713] Parameters [1.47131919 1.57192068 0.0922447  1.57513766 1.65521802 1.44942128
 0.24090177 1.53506157] REAL [0.50407358] FAKE [0.51404452] 
48 epoch LOSS [-1.36739587] Parameters [1.4712689  1.57194525 0.07101506 1.57523448 1.65519851 1.44930206
 0.21974063 1.53522856] REAL [0.52105747] FAKE [0.51105288] 
49 epoch LOSS [-1.36440761] Parameters [1.47132394 1.57194545 0.05293343 1.57531151 1.65522623 1.4493355
 0.20165995 1.53544145] REAL [0.52280052] FAKE [0.51122465] 
50 epoch LOSS [-1.39299627] Parameters [1.47126317 1.57184556 0.03687625 1.57543276 1.65518334 1.4494341
 0.18579309 1.53554609] REAL [0.50394539] FAKE [0.50722811] 
51 epoch LOSS [-1.37243868] Parameters [1.47119507 1.57187788 0.02359129 1.57544132 1.65511851 1.44940575
 0.17260124 1.53559189] REAL [0.51148056] FAKE [0.5044034] 
52 epoch LOSS [-1.36633005] Parameters [1.47122941 1.57190094 0.01154607 1.57548079 1.6550885  1.44930866
 0.16034705 1.53558233] REAL [0.51108473] FAKE [0.50098053] 
53 epoch LOSS [-1.41188173] Parameters [1.47130223e+00 1.57189064e+00 9.37749104e-04 1.57556280e+00
 1.65509018e+00 1.44926364e+00 1.49739819e-01 1.53555469e+00] REAL [0.4868788] FAKE [0.499497] 
54 epoch LOSS [-1.35550074] Parameters [ 1.47129022  1.57184082 -0.00794253  1.57553717  1.65509541  1.44925533
  0.14090569  1.53549954] REAL [0.51206108] FAKE [0.49650897] 
55 epoch LOSS [-1.34227099] Parameters [ 1.47126491  1.57182767 -0.01563963  1.57548052  1.6551515   1.44927055
  0.13329077  1.5354046 ] REAL [0.5158416] FAKE [0.4935428] 
56 epoch LOSS [-1.38660434] Parameters [ 1.47125499  1.57184019 -0.02225235  1.5754175   1.65517357  1.44927464
  0.1271704   1.53536202] REAL [0.49228737] FAKE [0.49232393] 
57 epoch LOSS [-1.36174378] Parameters [ 1.47125276  1.57184786 -0.02802759  1.57530982  1.65519408  1.44925212
  0.1208359   1.53521737] REAL [0.5020404] FAKE [0.4896554] 
58 epoch LOSS [-1.36854023] Parameters [ 1.47126775  1.57183736 -0.03310881  1.57522808  1.65515973  1.44925105
  0.11568713  1.53507272] REAL [0.49808558] FAKE [0.48908746] 
59 epoch LOSS [-1.34933183] Parameters [ 1.47127815  1.57184105 -0.03794833  1.57504086  1.65516097  1.44927152
  0.11072917  1.53488978] REAL [0.50574031] FAKE [0.48706178] 
60 epoch LOSS [-1.35718958] Parameters [ 1.4712944   1.57185153 -0.04254818  1.57477777  1.65513585  1.449254
  0.1061928   1.53461704] REAL [0.50045568] FAKE [0.48570248] 
61 epoch LOSS [-1.32900049] Parameters [ 1.471266    1.57185124 -0.04614756  1.57451307  1.65513171  1.44925691
  0.10247366  1.53443804] REAL [0.51204754] FAKE [0.48297429] 
62 epoch LOSS [-1.31643012] Parameters [ 1.47127026  1.57184796 -0.04949356  1.57428837  1.65511542  1.44926107
  0.09925023  1.53429205] REAL [0.51601196] FAKE [0.48045652] 
63 epoch LOSS [-1.34922246] Parameters [ 1.4712749   1.57184637 -0.05192273  1.57405756  1.65511011  1.44926137
  0.09643176  1.53404825] REAL [0.49909335] FAKE [0.48017358] 
64 epoch LOSS [-1.29390501] Parameters [ 1.47126455  1.57184329 -0.05415495  1.57367062  1.65510826  1.44925375
  0.09465132  1.53369479] REAL [0.52515938] FAKE [0.47787671] 
65 epoch LOSS [-1.33458025] Parameters [ 1.47125891  1.57184622 -0.05639737  1.57323193  1.65509092  1.44924029
  0.09277278  1.5332672 ] REAL [0.50217395] FAKE [0.4757421] 
66 epoch LOSS [-1.26963447] Parameters [ 1.47126831  1.57183243 -0.05847592  1.57274836  1.65508857  1.44925527
  0.09093133  1.53281003] REAL [0.53345795] FAKE [0.47337125] 
67 epoch LOSS [-1.31311516] Parameters [ 1.47127649  1.5718244  -0.06035027  1.57220647  1.65509702  1.44927762
  0.08903506  1.53225162] REAL [0.50885755] FAKE [0.4714025] 
68 epoch LOSS [-1.30431802] Parameters [ 1.47128853  1.57181838 -0.06184493  1.57176546  1.65509775  1.4492807
  0.08757319  1.53179075] REAL [0.51147856] FAKE [0.4694645] 
69 epoch LOSS [-1.29766686] Parameters [ 1.47128461  1.57183095 -0.0634119   1.57147581  1.65509199  1.44928501
  0.08598386  1.5314798 ] REAL [0.51351699] FAKE [0.4680441] 
70 epoch LOSS [-1.29519843] Parameters [ 1.47127879  1.57181835 -0.06421652  1.57081246  1.65508142  1.44928405
  0.08492089  1.53091947] REAL [0.51395162] FAKE [0.46718036] 
71 epoch LOSS [-1.29894593] Parameters [ 1.4712834   1.57182658 -0.0650555   1.57015337  1.65507762  1.44927088
  0.08427161  1.53025328] REAL [0.50998184] FAKE [0.46504132] 
72 epoch LOSS [-1.29655624] Parameters [ 1.47128394  1.57182713 -0.06655404  1.56938445  1.65508442  1.4492718
  0.082764    1.52958087] REAL [0.50998154] FAKE [0.46376109] 
73 epoch LOSS [-1.26478282] Parameters [ 1.47128109  1.57182401 -0.06705365  1.56887833  1.65508046  1.4492687
  0.08191736  1.52898932] REAL [0.52385767] FAKE [0.46111203] 
74 epoch LOSS [-1.25251448] Parameters [ 1.47127991  1.57182435 -0.06817603  1.56794444  1.65508269  1.44926785
  0.08122888  1.52809131] REAL [0.52891186] FAKE [0.45967313] 
75 epoch LOSS [-1.25541802] Parameters [ 1.4712764   1.57182882 -0.06849206  1.56710842  1.65508962  1.44925593
  0.08050622  1.5272998 ] REAL [0.52522667] FAKE [0.45745957] 
76 epoch LOSS [-1.26958888] Parameters [ 1.47127652  1.57183114 -0.0690272   1.56614783  1.65508428  1.4492507
  0.08040012  1.52630362] REAL [0.51696779] FAKE [0.45654815] 
77 epoch LOSS [-1.23072794] Parameters [ 1.47128111  1.5718414  -0.06924313  1.56513348  1.65509027  1.44924454
  0.08030175  1.52550202] REAL [0.53401396] FAKE [0.45304822] 
78 epoch LOSS [-1.21332421] Parameters [ 1.47129557  1.57184002 -0.06952493  1.56405386  1.65508269  1.44926106
  0.08014844  1.52434828] REAL [0.54135542] FAKE [0.45099348] 
79 epoch LOSS [-1.21610962] Parameters [ 1.47130368  1.57183437 -0.07015722  1.56305189  1.65507858  1.44925629
  0.07992218  1.52326221] REAL [0.53899921] FAKE [0.45012729] 
80 epoch LOSS [-1.23204199] Parameters [ 1.47131108  1.5718145  -0.07082683  1.5615761   1.65506993  1.44924975
  0.07939291  1.52183576] REAL [0.52927211] FAKE [0.44887267] 
81 epoch LOSS [-1.18824827] Parameters [ 1.47132257  1.57181161 -0.07151436  1.56025888  1.65508132  1.44925738
  0.0790517   1.52059988] REAL [0.54974863] FAKE [0.44564729] 
82 epoch LOSS [-1.18996442] Parameters [ 1.47132324  1.57181227 -0.07218236  1.55874416  1.65507827  1.44926821
  0.07849172  1.5192171 ] REAL [0.54686955] FAKE [0.44368435] 
83 epoch LOSS [-1.17368286] Parameters [ 1.47131002  1.57180954 -0.07310656  1.55731875  1.65508068  1.4492614
  0.07801369  1.5176667 ] REAL [0.55396214] FAKE [0.44179217] 
84 epoch LOSS [-1.21204479] Parameters [ 1.47129906  1.57181158 -0.0733059   1.55535722  1.65508187  1.44926561
  0.07764818  1.5159095 ] REAL [0.53173334] FAKE [0.44034325] 
85 epoch LOSS [-1.16457705] Parameters [ 1.47128688  1.57182782 -0.0737527   1.55305553  1.65508066  1.44929051
  0.07733826  1.51377094] REAL [0.55446973] FAKE [0.43720171] 
86 epoch LOSS [-1.159388] Parameters [ 1.47126774  1.57180592 -0.07443748  1.5509241   1.65507083  1.44928837
  0.07661494  1.51180325] REAL [0.55457448] FAKE [0.43438059] 
87 epoch LOSS [-1.16650123] Parameters [ 1.47127102  1.57181185 -0.0748118   1.54877362  1.65508068  1.44929746
  0.07614383  1.50941512] REAL [0.54903658] FAKE [0.43272497] 
88 epoch LOSS [-1.17713119] Parameters [ 1.47127292  1.57180099 -0.07521479  1.54598182  1.65509453  1.44929577
  0.07565038  1.50678599] REAL [0.54101706] FAKE [0.43040331] 
89 epoch LOSS [-1.15599807] Parameters [ 1.47127781  1.57179902 -0.07528416  1.54297286  1.65511736  1.4492964
  0.07588409  1.50377744] REAL [0.55160042] FAKE [0.42939992] 
90 epoch LOSS [-1.12859518] Parameters [ 1.47127315  1.57180164 -0.07523677  1.53984736  1.65512913  1.44926651
  0.07578624  1.50054156] REAL [0.56486597] FAKE [0.42732011] 
91 epoch LOSS [-1.14525657] Parameters [ 1.47126357  1.57181362 -0.07558627  1.53659001  1.65513607  1.44927016
  0.07515447  1.49733199] REAL [0.55294692] FAKE [0.42464227] 
92 epoch LOSS [-1.13828268] Parameters [ 1.4712853   1.57182364 -0.07599649  1.53253567  1.65513537  1.44928561
  0.07506459  1.49324951] REAL [0.5535299] FAKE [0.42122598] 
93 epoch LOSS [-1.10288148] Parameters [ 1.47126956  1.57181001 -0.0757387   1.52826306  1.65511594  1.44929627
  0.0751363   1.48893985] REAL [0.57073081] FAKE [0.41844159] 
94 epoch LOSS [-1.13746236] Parameters [ 1.47125313  1.57180966 -0.07579149  1.52338234  1.65511917  1.44925888
  0.07443397  1.48414049] REAL [0.55061054] FAKE [0.41767981] 
95 epoch LOSS [-1.13706709] Parameters [ 1.47128112  1.57177395 -0.07587035  1.51859862  1.65508807  1.44930139
  0.07441929  1.47902615] REAL [0.54929894] FAKE [0.41605858] 
96 epoch LOSS [-1.08869262] Parameters [ 1.47127406  1.57175334 -0.07576919  1.51322858  1.65511534  1.44930445
  0.07441056  1.47324897] REAL [0.57357856] FAKE [0.41305975] 
97 epoch LOSS [-1.08593436] Parameters [ 1.47126109  1.57168528 -0.07585447  1.50724726  1.65517237  1.44931809
  0.07439717  1.46728537] REAL [0.57442072] FAKE [0.41230147] 
98 epoch LOSS [-1.11005402] Parameters [ 1.47131814  1.57165664 -0.0757715   1.50069794  1.65513254  1.44929221
  0.07437755  1.46091067] REAL [0.55821865] FAKE [0.40965577] 
99 epoch LOSS [-1.10453814] Parameters [ 1.47129899  1.57171712 -0.07548805  1.49317968  1.65518723  1.44931516
  0.07452316  1.45354749] REAL [0.55812134] FAKE [0.40628701] 
100 epoch LOSS [-1.10877933] Parameters [ 1.47130165  1.57179554 -0.07549212  1.48459561  1.65515133  1.44935442
  0.0742888   1.4447265 ] REAL [0.55323947] FAKE [0.40358289] 
101 epoch LOSS [-1.05018912] Parameters [ 1.47130278  1.57172912 -0.07538787  1.47506728  1.65519547  1.44943977
  0.0745345   1.43515087] REAL [0.58313473] FAKE [0.40001589] 
102 epoch LOSS [-1.10083285] Parameters [ 1.47130264  1.57170144 -0.07492729  1.46507243  1.65521147  1.44936423
  0.07499198  1.42507899] REAL [0.55467393] FAKE [0.40037931] 
103 epoch LOSS [-1.07517973] Parameters [ 1.47136374  1.5716949  -0.07524019  1.4533678   1.65524245  1.44940768
  0.07473951  1.41332426] REAL [0.56633797] FAKE [0.39746858] 
104 epoch LOSS [-1.0374025] Parameters [ 1.47134431  1.57165905 -0.07515086  1.44100303  1.65524002  1.44941731
  0.07501943  1.40067497] REAL [0.58885503] FAKE [0.39819827] 
105 epoch LOSS [-1.04604273] Parameters [ 1.47137255  1.57158884 -0.07491903  1.42648307  1.65533137  1.44947462
  0.07533535  1.38628168] REAL [0.57964064] FAKE [0.39389121] 
106 epoch LOSS [-1.04406251] Parameters [ 1.47123018  1.57159766 -0.07507489  1.40970953  1.65529534  1.44958773
  0.07518293  1.36961447] REAL [0.57956861] FAKE [0.39261431] 
107 epoch LOSS [-1.06804726] Parameters [ 1.47117447  1.57159182 -0.07554932  1.39177308  1.65526149  1.44979985
  0.07507764  1.3514639 ] REAL [0.5639281] FAKE [0.39056242] 
108 epoch LOSS [-1.03227637] Parameters [ 1.4712833   1.57167748 -0.07575356  1.3711632   1.65538806  1.44983701
  0.07476799  1.33052094] REAL [0.5831889] FAKE [0.38922842] 
109 epoch LOSS [-1.03601264] Parameters [ 1.47133462  1.57168535 -0.07542463  1.34810714  1.65551291  1.44993139
  0.0747471   1.30729608] REAL [0.58431156] FAKE [0.39267529] 
110 epoch LOSS [-1.05045955] Parameters [ 1.47150615  1.57162437 -0.07607611  1.32222736  1.65566501  1.4500208
  0.07455667  1.28137894] REAL [0.57812502] FAKE [0.39498039] 
111 epoch LOSS [-1.07438547] Parameters [ 1.47137475  1.57172316 -0.07627593  1.29269681  1.65548988  1.44996003
  0.07447822  1.25239077] REAL [0.56563457] FAKE [0.39623995] 
112 epoch LOSS [-1.02827653] Parameters [ 1.47131909  1.5717115  -0.07584171  1.25942929  1.65546443  1.44992174
  0.07444776  1.21955944] REAL [0.58777207] FAKE [0.39156214] 
113 epoch LOSS [-1.02953773] Parameters [ 1.47166134  1.57203466 -0.07595756  1.22277268  1.6553707   1.44987802
  0.0743153   1.18352004] REAL [0.59245372] FAKE [0.39713092] 
114 epoch LOSS [-1.03345627] Parameters [ 1.47200113  1.57222214 -0.07584607  1.18174317  1.65515181  1.44981541
  0.07456866  1.14317515] REAL [0.58709077] FAKE [0.39400312] 
115 epoch LOSS [-1.11755456] Parameters [ 1.47199803  1.57223432 -0.0751292   1.13664097  1.65509451  1.44977239
  0.07479959  1.09824517] REAL [0.55443218] FAKE [0.4100655] 
116 epoch LOSS [-1.12348971] Parameters [ 1.47226574  1.57240926 -0.07477543  1.08693345  1.65529272  1.44983362
  0.07430745  1.04829124] REAL [0.55443707] FAKE [0.41356166] 
117 epoch LOSS [-1.14925926] Parameters [ 1.47219879  1.5723099  -0.07459274  1.03316302  1.65509129  1.44948675
  0.07410211  0.99467731] REAL [0.55754354] FAKE [0.43166519] 
118 epoch LOSS [-1.1433995] Parameters [ 1.47202514  1.57232785 -0.07456839  0.97570999  1.65554208  1.44969004
  0.07372146  0.93706236] REAL [0.56708928] FAKE [0.43794804] 
119 epoch LOSS [-1.21573261] Parameters [ 1.47196788  1.57243175 -0.07459291  0.91506551  1.65535757  1.4502617
  0.07254142  0.87613384] REAL [0.54479725] FAKE [0.4557742] 
120 epoch LOSS [-1.25475984] Parameters [ 1.47174649  1.57221876 -0.07434845  0.85208101  1.65502932  1.45082691
  0.07278059  0.81325772] REAL [0.55480087] FAKE [0.48604205] 
121 epoch LOSS [-1.33455577] Parameters [ 1.47154295  1.5725108  -0.07447304  0.78824606  1.65418724  1.45074912
  0.07288391  0.74987981] REAL [0.52386935] FAKE [0.49744129] 
122 epoch LOSS [-1.38583953] Parameters [ 1.4709573   1.57216694 -0.07474943  0.72540784  1.65385867  1.45040285
  0.07250064  0.68726208] REAL [0.52221364] FAKE [0.52105093] 
123 epoch LOSS [-1.48451054] Parameters [ 1.47117871  1.57175331 -0.07360849  0.66466753  1.65375178  1.45015711
  0.07303991  0.62703583] REAL [0.48529413] FAKE [0.53303941] 
124 epoch LOSS [-1.48136816] Parameters [ 1.47115729  1.57185618 -0.07375477  0.60697754  1.65330808  1.4497305
  0.07365665  0.56952781] REAL [0.50409189] FAKE [0.54903767] 
125 epoch LOSS [-1.57340345] Parameters [ 1.47117722  1.57215897 -0.07430026  0.55347615  1.6534036   1.44963682
  0.07310259  0.51613547] REAL [0.4753117] FAKE [0.56378454] 
126 epoch LOSS [-1.53998738] Parameters [ 1.47100428  1.57229722 -0.07403067  0.50396675  1.6534275   1.44941483
  0.07355428  0.46691015] REAL [0.49797946] FAKE [0.56949267] 
127 epoch LOSS [-1.62460423] Parameters [ 1.47124691  1.57219182 -0.07455535  0.4598784   1.65369701  1.44928715
  0.07339571  0.42315623] REAL [0.46762314] FAKE [0.57874278] 
128 epoch LOSS [-1.59291125] Parameters [ 1.47149217  1.57207005 -0.07390794  0.42029105  1.65359749  1.44932444
  0.07261043  0.38315309] REAL [0.48841994] FAKE [0.58369268] 
129 epoch LOSS [-1.65576761] Parameters [ 1.47153313  1.57191433 -0.07366041  0.38586829  1.65338273  1.44937993
  0.07250425  0.34825379] REAL [0.46580781] FAKE [0.5900768] 
130 epoch LOSS [-1.68198448] Parameters [ 1.47150157  1.57193758 -0.07309773  0.35578596  1.65334491  1.44932622
  0.07255134  0.31802908] REAL [0.45409567] FAKE [0.5903848] 
131 epoch LOSS [-1.62758598] Parameters [ 1.47150682  1.571972   -0.07333996  0.32912736  1.65339289  1.44932701
  0.07264391  0.29153406] REAL [0.48012977] FAKE [0.59093742] 
132 epoch LOSS [-1.65413916] Parameters [ 1.47155438  1.57197407 -0.07343586  0.30590202  1.65349835  1.44919978
  0.07287825  0.26890075] REAL [0.46351054] FAKE [0.58737373] 
133 epoch LOSS [-1.65751224] Parameters [ 1.47172788  1.57197066 -0.07357356  0.28518524  1.65347701  1.4492986
  0.07278366  0.24812152] REAL [0.45977479] FAKE [0.58542183] 
134 epoch LOSS [-1.58993346] Parameters [ 1.47174544  1.57201685 -0.07358854  0.26705032  1.65349807  1.44920449
  0.07294334  0.23017864] REAL [0.49110147] FAKE [0.58473107] 
135 epoch LOSS [-1.58321348] Parameters [ 1.47171988  1.572011   -0.07414459  0.25097625  1.65349209  1.44915486
  0.07272281  0.21430253] REAL [0.49081719] FAKE [0.58168893] 
136 epoch LOSS [-1.62537604] Parameters [ 1.47179139  1.57196009 -0.07401975  0.236957    1.65355234  1.44919902
  0.0728169   0.20062235] REAL [0.46713348] FAKE [0.57862655] 
137 epoch LOSS [-1.56839449] Parameters [ 1.4717881   1.57195742 -0.07369442  0.2245335   1.65356952  1.44914792
  0.07303476  0.18806509] REAL [0.49142005] FAKE [0.57596465] 
138 epoch LOSS [-1.57982568] Parameters [ 1.47178946  1.57188246 -0.07327392  0.21366419  1.65351825  1.44917116
  0.07390363  0.17723247] REAL [0.48078431] FAKE [0.57151055] 
139 epoch LOSS [-1.57355632] Parameters [ 1.47179815  1.57185041 -0.07403915  0.20398206  1.65346275  1.44918187
  0.07322391  0.16771604] REAL [0.47985247] FAKE [0.56797842] 
140 epoch LOSS [-1.52999629] Parameters [ 1.47180867  1.57189685 -0.07439001  0.19546951  1.65342807  1.44924102
  0.07300431  0.15914903] REAL [0.49564565] FAKE [0.56312243] 
141 epoch LOSS [-1.52675575] Parameters [ 1.47180513  1.57188989 -0.07422717  0.18780861  1.65334798  1.44922944
  0.07327107  0.15158088] REAL [0.49398605] FAKE [0.56023191] 
142 epoch LOSS [-1.55114287] Parameters [ 1.4718039   1.57185197 -0.07469756  0.18106773  1.65336542  1.44921482
  0.07284118  0.14493815] REAL [0.4780988] FAKE [0.55656542] 
143 epoch LOSS [-1.49138577] Parameters [ 1.47182737  1.57184797 -0.07471254  0.17519222  1.65334934  1.4491806
  0.07273034  0.13908564] REAL [0.50372321] FAKE [0.5532059] 
144 epoch LOSS [-1.52103897] Parameters [ 1.47180567  1.57182105 -0.07500308  0.16995172  1.65334039  1.44918384
  0.07218331  0.13398231] REAL [0.48506622] FAKE [0.54957744] 
145 epoch LOSS [-1.48734041] Parameters [ 1.4718096   1.57185526 -0.07546803  0.16546438  1.6533365   1.44918836
  0.07181773  0.12947956] REAL [0.49779798] FAKE [0.54605511] 
146 epoch LOSS [-1.48329115] Parameters [ 1.47180734  1.57186101 -0.0749216   0.16148096  1.65333566  1.44917232
  0.07218338  0.12556118] REAL [0.49721484] FAKE [0.54367868] 
147 epoch LOSS [-1.4867055] Parameters [ 1.471797    1.57186721 -0.0750041   0.15800312  1.65335306  1.44915233
  0.07220326  0.12192242] REAL [0.49138944] FAKE [0.53984284] 
148 epoch LOSS [-1.46079149] Parameters [ 1.47179274  1.57187756 -0.07495777  0.15495776  1.6533538   1.44915625
  0.07226257  0.11896735] REAL [0.50011301] FAKE [0.53599981] 
149 epoch LOSS [-1.4308487] Parameters [ 1.4717971   1.57187395 -0.0742241   0.15236443  1.65335235  1.44917168
  0.07288484  0.11637055] REAL [0.51050951] FAKE [0.53163281] 
150 epoch LOSS [-1.42213685] Parameters [ 1.47179237  1.57187194 -0.0745588   0.15019872  1.65335017  1.44916537
  0.07252169  0.11418495] REAL [0.51314417] FAKE [0.52996043] 
151 epoch LOSS [-1.44189791] Parameters [ 1.47178948  1.57187549 -0.07408381  0.14839824  1.65334546  1.44917049
  0.07283517  0.1123715 ] REAL [0.49905765] FAKE [0.5261499] 
152 epoch LOSS [-1.41506778] Parameters [ 1.47178984  1.57188412 -0.07323356  0.14689792  1.65335036  1.44916685
  0.07342507  0.11085605] REAL [0.50850798] FAKE [0.52231005] 
153 epoch LOSS [-1.41299095] Parameters [ 1.47179103  1.57188374 -0.07365014  0.14567821  1.65334331  1.44916237
  0.07316226  0.10966018] REAL [0.50755773] FAKE [0.52042076] 
154 epoch LOSS [-1.4186178] Parameters [ 1.47179234  1.57188214 -0.07367555  0.14480969  1.65334726  1.44917229
  0.0735597   0.10880327] REAL [0.50104753] FAKE [0.5169154] 
155 epoch LOSS [-1.40703697] Parameters [ 1.4717891   1.57188115 -0.07343938  0.14425439  1.65334933  1.44917599
  0.07424659  0.10824811] REAL [0.50395421] FAKE [0.51410712] 
156 epoch LOSS [-1.4213806] Parameters [ 1.47179137  1.57187199 -0.07325714  0.1439991   1.65334457  1.44916684
  0.07406342  0.1079968 ] REAL [0.49393045] FAKE [0.51130663] 
157 epoch LOSS [-1.37856736] Parameters [ 1.47178436  1.57187086 -0.07350616  0.14402556  1.6533467   1.4491649
  0.07376537  0.10802069] REAL [0.51287854] FAKE [0.50877408] 
158 epoch LOSS [-1.40669867] Parameters [ 1.47179639  1.57187885 -0.07340023  0.14429402  1.65334203  1.44915752
  0.07407255  0.10830714] REAL [0.49650497] FAKE [0.50665023] 
159 epoch LOSS [-1.35312676] Parameters [ 1.47181185  1.57188713 -0.07339516  0.14486837  1.65334169  1.44915508
  0.07394277  0.10886747] REAL [0.52162126] FAKE [0.5045621] 
160 epoch LOSS [-1.35213055] Parameters [ 1.47182887  1.57187933 -0.07265885  0.14570144  1.65333791  1.44916771
  0.07442835  0.10969102] REAL [0.51884148] FAKE [0.50141125] 
161 epoch LOSS [-1.3461826] Parameters [ 1.47181162  1.57186858 -0.07265991  0.14680672  1.65332363  1.44915928
  0.07432773  0.11080335] REAL [0.5196555] FAKE [0.49922252] 
162 epoch LOSS [-1.32723143] Parameters [ 1.47180096  1.57187585 -0.07259575  0.14818995  1.65334577  1.44914858
  0.07448338  0.1121986 ] REAL [0.52725649] FAKE [0.49699908] 
163 epoch LOSS [-1.33466915] Parameters [ 1.47180309  1.57184186 -0.07269814  0.14993288  1.65334962  1.4491337
  0.07426009  0.1139459 ] REAL [0.51951446] FAKE [0.49328598] 
164 epoch LOSS [-1.34310988] Parameters [ 1.47181442  1.57186262 -0.07254778  0.1519372   1.65335525  1.44912476
  0.07394994  0.11596898] REAL [0.51276503] FAKE [0.4909313] 
165 epoch LOSS [-1.32692237] Parameters [ 1.47180638  1.57185432 -0.07269235  0.15423443  1.65335217  1.4491395
  0.07383522  0.11824532] REAL [0.51952349] FAKE [0.48935422] 
166 epoch LOSS [-1.33547475] Parameters [ 1.47179184  1.57183226 -0.07311068  0.15680603  1.65335881  1.44914549
  0.07368991  0.1208315 ] REAL [0.51295543] FAKE [0.48722003] 
167 epoch LOSS [-1.31765824] Parameters [ 1.47182641  1.57184322 -0.07289758  0.15980067  1.65337234  1.44919356
  0.07400451  0.12379541] REAL [0.51831449] FAKE [0.48339935] 
168 epoch LOSS [-1.30370838] Parameters [ 1.47184046  1.57185439 -0.07300071  0.16308407  1.65337682  1.44917628
  0.07408179  0.12697446] REAL [0.52412486] FAKE [0.48194975] 
169 epoch LOSS [-1.32589449] Parameters [ 1.47181462  1.57178003 -0.07348115  0.16694201  1.65336275  1.4492074
  0.0739118   0.13081374] REAL [0.51077009] FAKE [0.4800688] 
170 epoch LOSS [-1.26599559] Parameters [ 1.4718724   1.57178075 -0.07292512  0.17093741  1.65336506  1.44920877
  0.07400554  0.13487891] REAL [0.53878602] FAKE [0.47667825] 
171 epoch LOSS [-1.28296782] Parameters [ 1.47189214  1.57178564 -0.07324047  0.17532173  1.65337078  1.44923707
  0.07384976  0.13914799] REAL [0.52856851] FAKE [0.4755394] 
172 epoch LOSS [-1.29793121] Parameters [ 1.4718675   1.57177748 -0.07326323  0.18011907  1.65336953  1.44920238
  0.07371649  0.14397349] REAL [0.51874063] FAKE [0.47354001] 
173 epoch LOSS [-1.26753084] Parameters [ 1.47186213  1.57177255 -0.07335136  0.18552243  1.65335537  1.44918048
  0.07358134  0.14938441] REAL [0.53397557] FAKE [0.47277383] 
174 epoch LOSS [-1.29250776] Parameters [ 1.47192516  1.57176979 -0.07356579  0.1915578   1.65332477  1.44923611
  0.07352891  0.1552719 ] REAL [0.51823661] FAKE [0.47016222] 
175 epoch LOSS [-1.27402463] Parameters [ 1.47194729  1.57175611 -0.07361598  0.19803431  1.65328795  1.44920859
  0.07364494  0.16167401] REAL [0.52526747] FAKE [0.46750244] 
176 epoch LOSS [-1.25462911] Parameters [ 1.47195859  1.57183858 -0.07361786  0.20503815  1.65323505  1.44917451
  0.07380296  0.16864839] REAL [0.53306752] FAKE [0.46501787] 
177 epoch LOSS [-1.23066629] Parameters [ 1.47202214  1.57183219 -0.07350028  0.2126823   1.65322175  1.44915503
  0.07403562  0.17621622] REAL [0.54427096] FAKE [0.46332266] 
178 epoch LOSS [-1.24468046] Parameters [ 1.47206742  1.57186956 -0.07365283  0.22081116  1.65323558  1.44911728
  0.0737748   0.18456195] REAL [0.53451469] FAKE [0.46113187] 
179 epoch LOSS [-1.23556227] Parameters [ 1.47200376  1.57182183 -0.07335061  0.22973594  1.65329113  1.44917565
  0.07397586  0.1935865 ] REAL [0.54040304] FAKE [0.46212131] 
180 epoch LOSS [-1.20189947] Parameters [ 1.47205422  1.57177367 -0.07284203  0.23958599  1.65332171  1.44915805
  0.07440294  0.20344108] REAL [0.55608426] FAKE [0.45939372] 
181 epoch LOSS [-1.22488838] Parameters [ 1.47203112  1.57183285 -0.07243377  0.25038266  1.65333494  1.44918986
  0.07463251  0.21417481] REAL [0.54359596] FAKE [0.45954254] 
182 epoch LOSS [-1.20136216] Parameters [ 1.47206846  1.57170119 -0.0723711   0.26220587  1.6533293   1.44920424
  0.07486488  0.22593933] REAL [0.55422145] FAKE [0.45728514] 
183 epoch LOSS [-1.22949651] Parameters [ 1.47213438  1.57178743 -0.07270757  0.27499558  1.6532324   1.44915253
  0.07434524  0.23879166] REAL [0.53802122] FAKE [0.45645307] 
184 epoch LOSS [-1.25601299] Parameters [ 1.47220505  1.5717824  -0.072601    0.28902575  1.65328005  1.44914241
  0.07408524  0.25269138] REAL [0.52406874] FAKE [0.45658424] 
185 epoch LOSS [-1.24419703] Parameters [ 1.47224205  1.57179034 -0.07272524  0.3038897   1.65329895  1.44911411
  0.07411162  0.26760385] REAL [0.52803832] FAKE [0.4542589] 
186 epoch LOSS [-1.20857246] Parameters [ 1.4722601   1.57172552 -0.07278949  0.32035293  1.65332762  1.44911653
  0.07420756  0.28400377] REAL [0.54931729] FAKE [0.4563738] 
187 epoch LOSS [-1.18263576] Parameters [ 1.47234528  1.57181036 -0.07283976  0.33817283  1.65329929  1.44916682
  0.07402824  0.30176641] REAL [0.56225857] FAKE [0.45493069] 
188 epoch LOSS [-1.17950749] Parameters [ 1.47235435  1.57181999 -0.07277279  0.35719559  1.6533126   1.44917792
  0.07387545  0.32069851] REAL [0.5569041] FAKE [0.44796579] 
189 epoch LOSS [-1.21451778] Parameters [ 1.47237034  1.57178907 -0.0724623   0.37781973  1.65325083  1.44922914
  0.07402706  0.34120271] REAL [0.54175511] FAKE [0.45205292] 
190 epoch LOSS [-1.23516462] Parameters [ 1.4723433   1.5716678  -0.07230816  0.4000652   1.65309009  1.44910665
  0.0742976   0.36327684] REAL [0.53587373] FAKE [0.45735931] 
191 epoch LOSS [-1.18532671] Parameters [ 1.47239019  1.57139905 -0.07233704  0.42362861  1.65307103  1.4491486
  0.07404884  0.38694865] REAL [0.56056708] FAKE [0.45475516] 
192 epoch LOSS [-1.17749082] Parameters [ 1.47220644  1.57132377 -0.07222994  0.44908002  1.65305403  1.44910146
  0.07397829  0.41259766] REAL [0.56568252] FAKE [0.45543531] 
193 epoch LOSS [-1.24971447] Parameters [ 1.4722487   1.57131514 -0.07220402  0.47594549  1.65294884  1.44908865
  0.07412263  0.43953189] REAL [0.52451926] FAKE [0.45362042] 
194 epoch LOSS [-1.23641652] Parameters [ 1.47209354  1.57141766 -0.07314742  0.50460666  1.65269127  1.44906389
  0.07347953  0.4681396 ] REAL [0.53465641] FAKE [0.45680427] 
195 epoch LOSS [-1.20474987] Parameters [ 1.47209586  1.57124769 -0.07259589  0.53512263  1.65270546  1.44914849
  0.07368604  0.49879891] REAL [0.55768351] FAKE [0.46247833] 
196 epoch LOSS [-1.24317256] Parameters [ 1.47201451  1.57134122 -0.07252585  0.56661624  1.6530293   1.44923591
  0.07408112  0.53046081] REAL [0.5404922] FAKE [0.46628723] 
197 epoch LOSS [-1.29998796] Parameters [ 1.47194527  1.57143327 -0.07269999  0.59982602  1.6530726   1.44932256
  0.07424169  0.56379001] REAL [0.52055511] FAKE [0.47645298] 
198 epoch LOSS [-1.25562666] Parameters [ 1.47181341  1.57160103 -0.07253781  0.63415575  1.65302623  1.44913467
  0.07430711  0.59819745] REAL [0.54761235] FAKE [0.47974647] 
199 epoch LOSS [-1.289602] Parameters [ 1.47197083  1.57140596 -0.07361795  0.66945814  1.65302677  1.44922801
  0.07406908  0.63330027] REAL [0.52936756] FAKE [0.47979366] 
200 epoch LOSS [-1.34101468] Parameters [ 1.47219751  1.57142859 -0.07373905  0.70549068  1.6531484   1.44918018
  0.07383797  0.66923376] REAL [0.51211443] FAKE [0.4892155] 
201 epoch LOSS [-1.36962891] Parameters [ 1.4723368   1.57172183 -0.07403526  0.74164965  1.65315654  1.44908123
  0.07378491  0.70528015] REAL [0.50390652] FAKE [0.49553883] 
202 epoch LOSS [-1.3345849] Parameters [ 1.47252607  1.57156928 -0.07386877  0.77733287  1.65353881  1.44942913
  0.07403965  0.74113508] REAL [0.52924968] FAKE [0.50256477] 
203 epoch LOSS [-1.34132858] Parameters [ 1.4728933   1.57169804 -0.07433618  0.81257215  1.65323575  1.44954984
  0.07372228  0.77633685] REAL [0.5291698] FAKE [0.50583344] 
204 epoch LOSS [-1.3699985] Parameters [ 1.47277382  1.5721523  -0.07384664  0.84721438  1.65339339  1.44945907
  0.07361573  0.81071398] REAL [0.52682433] FAKE [0.5176621] 
205 epoch LOSS [-1.42815876] Parameters [ 1.47260588  1.57193307 -0.07428732  0.8805915   1.65337893  1.44919545
  0.07336047  0.84413636] REAL [0.49537638] FAKE [0.51602466] 
206 epoch LOSS [-1.44087423] Parameters [ 1.47284049  1.57190396 -0.07398214  0.91228667  1.65333888  1.44912513
  0.07287678  0.87592398] REAL [0.49221837] FAKE [0.51907378] 
207 epoch LOSS [-1.45340612] Parameters [ 1.47298736  1.57184767 -0.07388319  0.94283154  1.65355406  1.44897087
  0.07279274  0.90625489] REAL [0.48765474] FAKE [0.52061847] 
208 epoch LOSS [-1.47978237] Parameters [ 1.47299464  1.57181953 -0.07428024  0.97109636  1.65372098  1.44902987
  0.07278685  0.93465534] REAL [0.47682111] FAKE [0.52248919] 
209 epoch LOSS [-1.43394364] Parameters [ 1.47303282  1.5718525  -0.07389454  0.99755512  1.65372488  1.4487995
  0.07296492  0.96111884] REAL [0.50166638] FAKE [0.5248495] 
210 epoch LOSS [-1.5070202] Parameters [ 1.4731518   1.57167112 -0.07343463  1.0222674   1.65389302  1.44865524
  0.07355207  0.98591555] REAL [0.46905579] FAKE [0.52762713] 
211 epoch LOSS [-1.49990961] Parameters [ 1.47326314  1.57173716 -0.07387773  1.04498415  1.653952    1.44869444
  0.07306809  1.00867573] REAL [0.47110868] FAKE [0.5263294] 
212 epoch LOSS [-1.46624282] Parameters [ 1.47314223  1.57159158 -0.0734389   1.06555832  1.65390898  1.44862467
  0.07343475  1.02949773] REAL [0.48688208] FAKE [0.52598177] 
213 epoch LOSS [-1.51679634] Parameters [ 1.47309023  1.57154206 -0.07310832  1.08451702  1.65405589  1.44878792
  0.07356334  1.04844519] REAL [0.46481676] FAKE [0.5279566] 
214 epoch LOSS [-1.50282534] Parameters [ 1.4730941   1.5716287  -0.07313843  1.10183441  1.65403895  1.44879007
  0.07290492  1.06579478] REAL [0.4676183] FAKE [0.52418323] 
215 epoch LOSS [-1.49758862] Parameters [ 1.47311319  1.57160746 -0.07272323  1.11755846  1.65404232  1.44877378
  0.07309057  1.08130593] REAL [0.47049483] FAKE [0.52460931] 
216 epoch LOSS [-1.42828357] Parameters [ 1.47312836  1.57166717 -0.0735414   1.13127182  1.65408513  1.44889178
  0.07278903  1.09504719] REAL [0.50123495] FAKE [0.52174119] 
217 epoch LOSS [-1.42532362] Parameters [ 1.4730989   1.57164053 -0.0729944   1.14332244  1.65406017  1.44887531
  0.07305518  1.10726699] REAL [0.5005044] FAKE [0.51962332] 
218 epoch LOSS [-1.45483348] Parameters [ 1.47310252  1.57164261 -0.07346454  1.15373523  1.65410472  1.44883741
  0.07216794  1.11770687] REAL [0.48294745] FAKE [0.51663637] 
219 epoch LOSS [-1.42819044] Parameters [ 1.47312333  1.5716602  -0.07248911  1.16297126  1.65413137  1.44883094
  0.07231785  1.12682901] REAL [0.49448469] FAKE [0.51516728] 
220 epoch LOSS [-1.40884293] Parameters [ 1.47312217  1.57166774 -0.07267333  1.1707043   1.65413134  1.44884889
  0.07209388  1.13457704] REAL [0.50179211] FAKE [0.51289402] 
221 epoch LOSS [-1.46569175] Parameters [ 1.47312806  1.57166849 -0.072344    1.17683584  1.65413549  1.44884183
  0.0721171   1.14077051] REAL [0.47211726] FAKE [0.51088804] 
222 epoch LOSS [-1.40872234] Parameters [ 1.47312302  1.57166849 -0.0719398   1.18186392  1.65412689  1.44883084
  0.07266642  1.14586229] REAL [0.49645386] FAKE [0.50759691] 
223 epoch LOSS [-1.39504839] Parameters [ 1.47312184  1.57168144 -0.0724693   1.18548007  1.65412658  1.44882543
  0.07230592  1.14964284] REAL [0.50123698] FAKE [0.50558108] 
224 epoch LOSS [-1.37523326] Parameters [ 1.47312959  1.57169692 -0.07323945  1.18782735  1.65412115  1.44880323
  0.07153136  1.15196416] REAL [0.50768041] FAKE [0.5020871] 
225 epoch LOSS [-1.38522304] Parameters [ 1.47314722  1.57169736 -0.07302924  1.1890022   1.65411608  1.44880501
  0.07177736  1.15321676] REAL [0.50087655] FAKE [0.50034] 
226 epoch LOSS [-1.3651723] Parameters [ 1.47313936  1.57174998 -0.07230902  1.18912971  1.65414877  1.44880531
  0.07237151  1.15324411] REAL [0.50723929] FAKE [0.49661494] 
227 epoch LOSS [-1.37071408] Parameters [ 1.47311147  1.57173852 -0.07279334  1.18811776  1.65414123  1.44877966
  0.07176195  1.15229223] REAL [0.50129928] FAKE [0.49346511] 
228 epoch LOSS [-1.36632809] Parameters [ 1.47316612  1.57172138 -0.0732576   1.18577297  1.65416856  1.44877408
  0.07130173  1.15004902] REAL [0.50084826] FAKE [0.49078044] 
229 epoch LOSS [-1.36615579] Parameters [ 1.47319094  1.57168393 -0.0724385   1.18242153  1.65418391  1.44885446
  0.0723416   1.14667299] REAL [0.49932812] FAKE [0.48914217] 
230 epoch LOSS [-1.37969083] Parameters [ 1.47319244  1.57170527 -0.07239678  1.17803202  1.65420837  1.44881662
  0.07218622  1.14223792] REAL [0.48934785] FAKE [0.48573117] 
231 epoch LOSS [-1.34832129] Parameters [ 1.47322258  1.57169849 -0.07274384  1.17248598  1.65415068  1.4488409
  0.07250535  1.13667574] REAL [0.50150583] FAKE [0.48220779] 
232 epoch LOSS [-1.32049945] Parameters [ 1.47329595  1.57166996 -0.07288742  1.16588109  1.65419934  1.44890046
  0.07241318  1.13004732] REAL [0.51545578] FAKE [0.48200811] 
233 epoch LOSS [-1.35332619] Parameters [ 1.47339359  1.57162007 -0.07216848  1.15807121  1.65419269  1.44883495
  0.07349084  1.12227755] REAL [0.49539931] FAKE [0.47844213] 
234 epoch LOSS [-1.30526725] Parameters [ 1.47341353  1.5716208  -0.07193413  1.14918249  1.65422793  1.44874273
  0.07350288  1.1134045 ] REAL [0.51644867] FAKE [0.47506869] 
235 epoch LOSS [-1.30001618] Parameters [ 1.47345372  1.57164379 -0.07246563  1.13929003  1.65432071  1.44874394
  0.07355925  1.10347857] REAL [0.51996108] FAKE [0.47586965] 
236 epoch LOSS [-1.29883109] Parameters [ 1.47341172  1.57168483 -0.07222162  1.12828043  1.65431684  1.44885524
  0.07377497  1.09246375] REAL [0.52061644] FAKE [0.47590871] 
237 epoch LOSS [-1.35340869] Parameters [ 1.47353408  1.57166785 -0.07278549  1.1162425   1.65417774  1.44891095
  0.07374535  1.08039986] REAL [0.4921386] FAKE [0.47502981] 
238 epoch LOSS [-1.34939446] Parameters [ 1.47360523  1.57179969 -0.07358629  1.10312558  1.6542101   1.44895017
  0.07392681  1.06727837] REAL [0.49183155] FAKE [0.47258916] 
239 epoch LOSS [-1.30853274] Parameters [ 1.47364554  1.57182335 -0.07403738  1.08902257  1.65429752  1.44920758
  0.0737418   1.05314445] REAL [0.51401214] FAKE [0.47429988] 
240 epoch LOSS [-1.31661218] Parameters [ 1.47364662  1.57189311 -0.07402756  1.07398474  1.65447238  1.44925094
  0.0736193   1.03812242] REAL [0.51134709] FAKE [0.47581232] 
241 epoch LOSS [-1.30335678] Parameters [ 1.47384784  1.57220418 -0.07377161  1.05820921  1.65452611  1.44914269
  0.07389987  1.02236225] REAL [0.51307756] FAKE [0.47060928] 
242 epoch LOSS [-1.29579188] Parameters [ 1.47379159  1.57238198 -0.07374857  1.04155198  1.65459577  1.44899227
  0.07355551  1.00575416] REAL [0.51777996] FAKE [0.47143367] 
243 epoch LOSS [-1.31593168] Parameters [ 1.47385903  1.57216503 -0.07377606  1.0241194   1.65463412  1.44883202
  0.07361283  0.98840471] REAL [0.50878065] FAKE [0.47280954] 
244 epoch LOSS [-1.29387501] Parameters [ 1.47383625  1.57239284 -0.07377309  1.00604477  1.65461914  1.44882321
  0.07361255  0.97038724] REAL [0.52170369] FAKE [0.47440247] 
245 epoch LOSS [-1.319273] Parameters [ 1.47389985  1.57259687 -0.07306388  0.98758204  1.65460905  1.44883883
  0.07376853  0.95185451] REAL [0.50918136] FAKE [0.47498161] 
246 epoch LOSS [-1.35560234] Parameters [ 1.47357154  1.57253966 -0.07335096  0.96867366  1.65469053  1.44874285
  0.07409682  0.93295258] REAL [0.49106848] FAKE [0.47503866] 
247 epoch LOSS [-1.34869782] Parameters [ 1.47365461  1.5725381  -0.07326654  0.94954407  1.6549176   1.44894723
  0.07355724  0.91365893] REAL [0.50146366] FAKE [0.48235918] 
248 epoch LOSS [-1.33997058] Parameters [ 1.47366037  1.57268909 -0.07297492  0.93021676  1.65491473  1.44894118
  0.07325645  0.89436095] REAL [0.50656379] FAKE [0.48307918] 
249 epoch LOSS [-1.33874983] Parameters [ 1.47370472  1.57282292 -0.07249277  0.91061461  1.65512979  1.44883772
  0.07313211  0.87497723] REAL [0.5086884] FAKE [0.4846094] 
250 epoch LOSS [-1.36481534] Parameters [ 1.473822    1.57288858 -0.07314341  0.8912344   1.65535442  1.44880858
  0.07318035  0.85568288] REAL [0.497115] FAKE [0.48617957] 
251 epoch LOSS [-1.32721845] Parameters [ 1.47396066  1.57281887 -0.07260183  0.87201639  1.65533741  1.44888985
  0.07408377  0.83639445] REAL [0.52028676] FAKE [0.49025429] 
252 epoch LOSS [-1.36764148] Parameters [ 1.47384412  1.57292321 -0.07237691  0.85310102  1.65533358  1.44899868
  0.07373561  0.81754278] REAL [0.50168443] FAKE [0.49229642] 
253 epoch LOSS [-1.41381195] Parameters [ 1.47360038  1.57306295 -0.07194942  0.83464691  1.65532939  1.44894026
  0.07445573  0.79933446] REAL [0.48459713] FAKE [0.49811013] 
254 epoch LOSS [-1.37639268] Parameters [ 1.47364431  1.57302405 -0.07259511  0.81649882  1.65536979  1.44889377
  0.07378208  0.78122163] REAL [0.49769271] FAKE [0.49268351] 
255 epoch LOSS [-1.3579004] Parameters [ 1.47364465  1.57286174 -0.07239324  0.79883433  1.65519025  1.4489458
  0.07423145  0.76383022] REAL [0.51386692] FAKE [0.49948086] 
256 epoch LOSS [-1.39923027] Parameters [ 1.47367912  1.57274665 -0.07243439  0.78217613  1.65525841  1.44891808
  0.07413229  0.74732318] REAL [0.49521515] FAKE [0.5016573] 
257 epoch LOSS [-1.36683202] Parameters [ 1.47381359  1.5728021  -0.07285584  0.76649146  1.65525458  1.44901955
  0.07368449  0.73185339] REAL [0.5117987] FAKE [0.50192675] 
258 epoch LOSS [-1.35479691] Parameters [ 1.47381978  1.5728502  -0.07207894  0.75176873  1.65516414  1.44888355
  0.07438466  0.71719635] REAL [0.51981897] FAKE [0.50367397] 
259 epoch LOSS [-1.38278009] Parameters [ 1.47379405  1.57292293 -0.07204247  0.73753198  1.65512122  1.44911019
  0.07458399  0.70283147] REAL [0.5049109] FAKE [0.50312003] 
260 epoch LOSS [-1.36145983] Parameters [ 1.47371904  1.57291765 -0.07175888  0.72439838  1.65518079  1.44911673
  0.07490642  0.68963981] REAL [0.51544429] FAKE [0.50278551] 
261 epoch LOSS [-1.37709273] Parameters [ 1.47370485  1.57291804 -0.07204572  0.7121576   1.65521042  1.44906622
  0.07470057  0.67767866] REAL [0.51051587] FAKE [0.50577241] 
262 epoch LOSS [-1.35833486] Parameters [ 1.4738039   1.57289138 -0.07165414  0.70119223  1.65525571  1.4490294
  0.07512704  0.66653402] REAL [0.51843439] FAKE [0.50410599] 
263 epoch LOSS [-1.3703489] Parameters [ 1.47383069  1.57283351 -0.07183099  0.69077482  1.65524874  1.44904524
  0.07548456  0.6559817 ] REAL [0.51279028] FAKE [0.50463508] 
264 epoch LOSS [-1.43531942] Parameters [ 1.47387355  1.57278832 -0.07171147  0.68183862  1.65523296  1.44901627
  0.07562696  0.64708353] REAL [0.48118436] FAKE [0.50530538] 
265 epoch LOSS [-1.38901305] Parameters [ 1.47389058  1.57282742 -0.07196772  0.67385991  1.65524811  1.44902748
  0.07472253  0.63891549] REAL [0.50371995] FAKE [0.50503995] 
266 epoch LOSS [-1.38307478] Parameters [ 1.47386202  1.57286918 -0.07167337  0.66689917  1.6552369   1.4490096
  0.0746483   0.63179458] REAL [0.50732449] FAKE [0.50562963] 
267 epoch LOSS [-1.41768694] Parameters [ 1.47385136  1.57286999 -0.07116584  0.66087655  1.65524834  1.44900311
  0.07490289  0.62580978] REAL [0.49039483] FAKE [0.50596183] 
268 epoch LOSS [-1.38718765] Parameters [ 1.47385126  1.57287543 -0.07149026  0.6558485   1.65524255  1.44898492
  0.07452919  0.62082663] REAL [0.50490673] FAKE [0.50530116] 
269 epoch LOSS [-1.36327463] Parameters [ 1.47385816  1.57288477 -0.07204359  0.65150599  1.65525239  1.44899313
  0.07404212  0.61655441] REAL [0.51707062] FAKE [0.50524808] 
270 epoch LOSS [-1.36210969] Parameters [ 1.47384717  1.57288115 -0.07191603  0.64821814  1.65524312  1.44899016
  0.07400847  0.61321317] REAL [0.51607109] FAKE [0.50371203] 
271 epoch LOSS [-1.37336325] Parameters [ 1.47385186  1.57288442 -0.07225258  0.64578479  1.65523957  1.44899057
  0.07376041  0.61076076] REAL [0.510091] FAKE [0.50351256] 
272 epoch LOSS [-1.38425824] Parameters [ 1.47385405  1.57287309 -0.07203828  0.64412088  1.65524002  1.44899456
  0.0742077   0.60897546] REAL [0.50328362] FAKE [0.50224975] 
273 epoch LOSS [-1.42829218] Parameters [ 1.47390146  1.57287936 -0.07204847  0.64318554  1.65526158  1.44899648
  0.07398162  0.6080614 ] REAL [0.48261411] FAKE [0.50329267] 
274 epoch LOSS [-1.37153852] Parameters [ 1.47390995  1.5729085  -0.07220455  0.64317068  1.65525703  1.44900642
  0.07364301  0.60786654] REAL [0.51048446] FAKE [0.50298915] 
275 epoch LOSS [-1.388054] Parameters [ 1.47391454  1.57290682 -0.07249798  0.64383292  1.65521948  1.44905274
  0.07261281  0.60853421] REAL [0.50220845] FAKE [0.50307392] 
276 epoch LOSS [-1.35744773] Parameters [ 1.47388423  1.57292703 -0.07308866  0.64513538  1.65522842  1.449023
  0.07182951  0.6100667 ] REAL [0.5168703] FAKE [0.50216393] 
277 epoch LOSS [-1.42265746] Parameters [ 1.47385757  1.57290928 -0.07345423  0.64709786  1.65527321  1.44896893
  0.07182661  0.61200588] REAL [0.48369306] FAKE [0.5016002] 
278 epoch LOSS [-1.36293472] Parameters [ 1.47388037  1.57288893 -0.07347801  0.649558    1.65533891  1.44903848
  0.07171902  0.61459449] REAL [0.51296438] FAKE [0.50111808] 
279 epoch LOSS [-1.38922716] Parameters [ 1.47389952  1.57293547 -0.07356727  0.65265979  1.65537375  1.44907249
  0.07123677  0.61776789] REAL [0.49773422] FAKE [0.49919482] 
280 epoch LOSS [-1.41901366] Parameters [ 1.47393588  1.57291659 -0.0735074   0.65633996  1.65542975  1.44901073
  0.07123553  0.62130468] REAL [0.48478832] FAKE [0.50091094] 
281 epoch LOSS [-1.35350367] Parameters [ 1.4739441   1.57295831 -0.07392853  0.66025044  1.65544019  1.44897778
  0.07101072  0.62519956] REAL [0.51641876] FAKE [0.49975954] 
282 epoch LOSS [-1.34609968] Parameters [ 1.47401564  1.57296389 -0.07374112  0.66499211  1.65545531  1.44905636
  0.07117502  0.62996608] REAL [0.52000936] FAKE [0.49952179] 
283 epoch LOSS [-1.38345722] Parameters [ 1.47402371  1.5730004  -0.07384323  0.67009304  1.65548973  1.44898524
  0.07104113  0.63503138] REAL [0.50093103] FAKE [0.49951136] 
284 epoch LOSS [-1.36004448] Parameters [ 1.47402175  1.57303432 -0.07341328  0.67542565  1.65545949  1.44899162
  0.07107237  0.64044835] REAL [0.50981923] FAKE [0.49658753] 
285 epoch LOSS [-1.39329211] Parameters [ 1.47403544  1.57303538 -0.07315836  0.68123636  1.6554738   1.44897757
  0.07102068  0.6462259 ] REAL [0.49254204] FAKE [0.49596857] 
286 epoch LOSS [-1.36916603] Parameters [ 1.47403114  1.57303039 -0.07338612  0.68705155  1.65549447  1.44899237
  0.07093515  0.6521196 ] REAL [0.50608591] FAKE [0.49747867] 
287 epoch LOSS [-1.3296759] Parameters [ 1.4740438   1.57310802 -0.07304663  0.6932537   1.65546163  1.44904726
  0.07115716  0.65828345] REAL [0.52557431] FAKE [0.49662115] 
288 epoch LOSS [-1.39932162] Parameters [ 1.47412516  1.57316931 -0.0735593   0.69981521  1.65544514  1.44914806
  0.07093598  0.66476786] REAL [0.49162448] FAKE [0.49806343] 
289 epoch LOSS [-1.34911617] Parameters [ 1.47408573  1.5731922  -0.07383921  0.70639939  1.65545819  1.44912567
  0.07048405  0.67162382] REAL [0.517453] FAKE [0.49856415] 
290 epoch LOSS [-1.36707172] Parameters [ 1.47415929  1.57325503 -0.07373355  0.71329097  1.65541481  1.44911446
  0.07021195  0.67856739] REAL [0.50632088] FAKE [0.49665883] 
291 epoch LOSS [-1.41284102] Parameters [ 1.4741089   1.57320978 -0.07406689  0.72023732  1.65539387  1.44898138
  0.06965372  0.68570092] REAL [0.48589867] FAKE [0.49896827] 
292 epoch LOSS [-1.40345787] Parameters [ 1.47403901  1.57320103 -0.07413422  0.72744902  1.65542066  1.44894233
  0.06971509  0.69289872] REAL [0.49148974] FAKE [0.49999823] 
293 epoch LOSS [-1.37098087] Parameters [ 1.4740588   1.57321001 -0.07403675  0.73489257  1.6554714   1.44891867
  0.06943344  0.70030597] REAL [0.50502094] FAKE [0.49733205] 
294 epoch LOSS [-1.35058917] Parameters [ 1.47399942  1.57321976 -0.07450898  0.74190511  1.6555018   1.44890115
  0.06928941  0.7073105 ] REAL [0.5170005] FAKE [0.49886399] 
295 epoch LOSS [-1.3662801] Parameters [ 1.47396836  1.57319692 -0.07381873  0.74922182  1.65557631  1.44891636
  0.07033699  0.71458371] REAL [0.50858757] FAKE [0.49850529] 
296 epoch LOSS [-1.34144559] Parameters [ 1.47388789  1.57319224 -0.07327124  0.75618891  1.65565714  1.44889678
  0.07052271  0.72145923] REAL [0.52301662] FAKE [0.50007818] 
297 epoch LOSS [-1.34892893] Parameters [ 1.47384952  1.57316246 -0.07279663  0.76330471  1.655644    1.44886036
  0.07085868  0.72854658] REAL [0.51787702] FAKE [0.49888088] 
298 epoch LOSS [-1.36655044] Parameters [ 1.47386052  1.57324259 -0.07303771  0.77032087  1.65558802  1.44885583
  0.07071368  0.73554017] REAL [0.50916913] FAKE [0.4992135] 
299 epoch LOSS [-1.39220995] Parameters [ 1.473922    1.57330094 -0.07242307  0.77710057  1.65567043  1.44883084
  0.07143344  0.74252806] REAL [0.49585191] FAKE [0.49879094] 
