RUN 07_12_2021__22_25_49 
0 epoch LOSS [-1.1896997] Parameters [1.64977481 1.55054853 1.42175293 1.53820537 1.3974636  1.62625661
 1.56032647 1.59114118] REAL [0.53038793] FAKE [0.42624517] 
1 epoch LOSS [-1.1938799] Parameters [1.64977074 1.55054952 1.42089366 1.53823392 1.39746612 1.62625648
 1.55945426 1.59117126] REAL [0.52919839] FAKE [0.42735426] 
2 epoch LOSS [-1.18463118] Parameters [1.64977049 1.55054564 1.42000401 1.53826448 1.39746691 1.62625552
 1.55848294 1.59119439] REAL [0.53446799] FAKE [0.42773193] 
3 epoch LOSS [-1.15993565] Parameters [1.64977394 1.55054669 1.4189571  1.53831925 1.39746688 1.62625286
 1.55742302 1.59122455] REAL [0.54732302] FAKE [0.4272005] 
4 epoch LOSS [-1.15034512] Parameters [1.64976885 1.55055675 1.41767148 1.53833124 1.39746605 1.62625559
 1.55612907 1.59124202] REAL [0.55157015] FAKE [0.42613372] 
5 epoch LOSS [-1.14726731] Parameters [1.64976725 1.55055101 1.41633771 1.5383493  1.39746416 1.62625316
 1.55470683 1.59127271] REAL [0.55210086] FAKE [0.42491807] 
6 epoch LOSS [-1.1411593] Parameters [1.6497635  1.55055249 1.41489354 1.53835253 1.39746414 1.62626381
 1.55324554 1.59128804] REAL [0.55407165] FAKE [0.42345278] 
7 epoch LOSS [-1.12759781] Parameters [1.64976997 1.55055034 1.41334428 1.53839838 1.39746072 1.62626827
 1.5516995  1.59132334] REAL [0.55964907] FAKE [0.42140496] 
8 epoch LOSS [-1.12931981] Parameters [1.64976963 1.55055235 1.41168491 1.53841377 1.39746557 1.62626222
 1.55002825 1.59134865] REAL [0.55654071] FAKE [0.41917446] 
9 epoch LOSS [-1.11850964] Parameters [1.64976768 1.55055578 1.4098489  1.53842357 1.39746862 1.62626206
 1.54820631 1.59133944] REAL [0.56066173] FAKE [0.41717722] 
10 epoch LOSS [-1.09908853] Parameters [1.64976697 1.55056254 1.40802022 1.53842211 1.3974717  1.62626874
 1.54640526 1.59134338] REAL [0.56935961] FAKE [0.41482568] 
11 epoch LOSS [-1.11387272] Parameters [1.64976107 1.55056786 1.40605368 1.53842643 1.39746733 1.62627171
 1.54426365 1.59134419] REAL [0.55889714] FAKE [0.41261975] 
12 epoch LOSS [-1.08556121] Parameters [1.6497606  1.55056795 1.40383442 1.53843417 1.39747447 1.62627179
 1.54215577 1.59135716] REAL [0.57296637] FAKE [0.41058983] 
13 epoch LOSS [-1.09148698] Parameters [1.64975762 1.55056851 1.40138576 1.53843375 1.3974722  1.62626719
 1.53963901 1.59135854] REAL [0.56749361] FAKE [0.40842167] 
14 epoch LOSS [-1.08525717] Parameters [1.64975479 1.55056587 1.39870567 1.53842986 1.39746937 1.62626798
 1.53698121 1.59135   ] REAL [0.56907036] FAKE [0.40637411] 
15 epoch LOSS [-1.05978738] Parameters [1.64974385 1.55055085 1.39598932 1.53841705 1.39746708 1.62627197
 1.5342002  1.59134404] REAL [0.58093723] FAKE [0.40349927] 
16 epoch LOSS [-1.05352963] Parameters [1.64974745 1.55055238 1.39322499 1.53838561 1.3974701  1.62627145
 1.53128362 1.59135164] REAL [0.58116261] FAKE [0.39998759] 
17 epoch LOSS [-1.06025303] Parameters [1.64975444 1.55055344 1.39021067 1.53838121 1.39745762 1.62628052
 1.52821596 1.59132936] REAL [0.57509951] FAKE [0.39772482] 
18 epoch LOSS [-1.02868093] Parameters [1.64972176 1.5505594  1.38687603 1.53837517 1.39745763 1.6262876
 1.52489408 1.59132575] REAL [0.59155477] FAKE [0.39569723] 
19 epoch LOSS [-1.02350274] Parameters [1.64973014 1.55053531 1.38323193 1.5383683  1.39746652 1.62627675
 1.521219   1.59132191] REAL [0.59238848] FAKE [0.39341481] 
20 epoch LOSS [-1.03872224] Parameters [1.64974274 1.55051678 1.379467   1.53834556 1.39747208 1.62628998
 1.51731128 1.59129938] REAL [0.58127558] FAKE [0.39115522] 
21 epoch LOSS [-1.0206899] Parameters [1.64975718 1.55051929 1.37538981 1.53833879 1.3974478  1.62628334
 1.51328661 1.59128929] REAL [0.58957616] FAKE [0.38880458] 
22 epoch LOSS [-1.0009943] Parameters [1.64975808 1.55051966 1.37124693 1.53829747 1.39745242 1.62626432
 1.50911297 1.59125631] REAL [0.59843185] FAKE [0.38587186] 
23 epoch LOSS [-0.98578426] Parameters [1.64974781 1.55053585 1.36662251 1.53823812 1.39739755 1.62627286
 1.50448534 1.59118613] REAL [0.60460686] FAKE [0.38282793] 
24 epoch LOSS [-0.97598787] Parameters [1.64974864 1.55053812 1.36199165 1.538191   1.39741531 1.62626432
 1.49977977 1.59113619] REAL [0.60730747] FAKE [0.37952365] 
25 epoch LOSS [-0.96861879] Parameters [1.64976004 1.55050792 1.35660845 1.5381417  1.39743884 1.62626173
 1.49459938 1.59109979] REAL [0.60928893] FAKE [0.37696719] 
26 epoch LOSS [-0.96090519] Parameters [1.64976424 1.55053339 1.35112656 1.53810839 1.39741515 1.6263021
 1.48907638 1.59103633] REAL [0.61132449] FAKE [0.37423339] 
27 epoch LOSS [-0.97113123] Parameters [1.64974275 1.55053344 1.34527667 1.53804018 1.39743098 1.6263005
 1.48318467 1.59100921] REAL [0.60232232] FAKE [0.37134249] 
28 epoch LOSS [-0.95358636] Parameters [1.64976084 1.55056359 1.33902875 1.53799502 1.39746078 1.626316
 1.4767976  1.59095882] REAL [0.6102941] FAKE [0.36857244] 
29 epoch LOSS [-0.95563949] Parameters [1.64979735 1.55057971 1.33225137 1.53793763 1.39751352 1.6263088
 1.47023184 1.59089124] REAL [0.60600594] FAKE [0.36540863] 
30 epoch LOSS [-0.93722656] Parameters [1.64979412 1.55059358 1.32533813 1.53782064 1.3974882  1.62631014
 1.46301349 1.59083536] REAL [0.61633189] FAKE [0.36444515] 
31 epoch LOSS [-0.93281476] Parameters [1.64981662 1.55061204 1.31790769 1.53779209 1.3974522  1.62635406
 1.45551807 1.59086043] REAL [0.61617882] FAKE [0.36147644] 
32 epoch LOSS [-0.90725094] Parameters [1.64982744 1.55063252 1.30981944 1.53782799 1.39742058 1.62633931
 1.44760563 1.59086717] REAL [0.62735133] FAKE [0.35660883] 
33 epoch LOSS [-0.90520368] Parameters [1.64979214 1.55063083 1.3012991  1.53790144 1.39743626 1.62631143
 1.43884008 1.59081446] REAL [0.62768243] FAKE [0.35563036] 
34 epoch LOSS [-0.89093208] Parameters [1.64977583 1.55062508 1.29208147 1.53782877 1.39742686 1.6263058
 1.4296631  1.59068387] REAL [0.63306423] FAKE [0.35192489] 
35 epoch LOSS [-0.88812976] Parameters [1.64982416 1.55066642 1.28252037 1.53766543 1.39741687 1.62629435
 1.41989376 1.59053728] REAL [0.63265641] FAKE [0.3496873] 
36 epoch LOSS [-0.88820917] Parameters [1.64978324 1.55066157 1.27232597 1.53759949 1.39737267 1.62631034
 1.40973805 1.59048251] REAL [0.63134178] FAKE [0.34838492] 
37 epoch LOSS [-0.88848496] Parameters [1.64977297 1.55068171 1.26114726 1.53737275 1.39733829 1.6263648
 1.39882553 1.59036755] REAL [0.62826236] FAKE [0.3453716] 
38 epoch LOSS [-0.85923015] Parameters [1.64982242 1.55064614 1.24919362 1.53739004 1.39736995 1.62629259
 1.38708157 1.59028969] REAL [0.64437665] FAKE [0.34279434] 
39 epoch LOSS [-0.84937239] Parameters [1.64981097 1.55073631 1.23658956 1.53732841 1.39739406 1.62629562
 1.37432834 1.59018485] REAL [0.64853534] FAKE [0.34053977] 
40 epoch LOSS [-0.85443352] Parameters [1.64976482 1.55075484 1.22262019 1.53719789 1.39740432 1.62624974
 1.36065055 1.58986762] REAL [0.64300658] FAKE [0.33822734] 
41 epoch LOSS [-0.84127001] Parameters [1.64971169 1.55078047 1.20806925 1.53700817 1.39741883 1.62631377
 1.34626384 1.58973299] REAL [0.65101435] FAKE [0.33770646] 
42 epoch LOSS [-0.84523616] Parameters [1.64971235 1.55079286 1.19228491 1.53673806 1.39737153 1.62632711
 1.33075614 1.58944829] REAL [0.64379075] FAKE [0.33292623] 
43 epoch LOSS [-0.8211469] Parameters [1.649835   1.55073537 1.17527441 1.53649965 1.39731258 1.62641615
 1.31375495 1.58925203] REAL [0.65727538] FAKE [0.33068113] 
44 epoch LOSS [-0.84704497] Parameters [1.64985686 1.55084196 1.15711564 1.53638823 1.39739354 1.62633711
 1.29580794 1.58908753] REAL [0.6386532] FAKE [0.32877527] 
45 epoch LOSS [-0.81335006] Parameters [1.64992183 1.55089894 1.13803335 1.53622954 1.39736592 1.62633936
 1.27660134 1.58880692] REAL [0.65969674] FAKE [0.32791807] 
46 epoch LOSS [-0.80425455] Parameters [1.65012883 1.55105073 1.11743422 1.53596192 1.3974002  1.62624465
 1.25617566 1.58863267] REAL [0.6617009] FAKE [0.32383146] 
47 epoch LOSS [-0.81505096] Parameters [1.65004984 1.55103881 1.09566174 1.53585779 1.39718577 1.62613429
 1.23438672 1.58843692] REAL [0.65639203] FAKE [0.32568229] 
48 epoch LOSS [-0.79483942] Parameters [1.65011002 1.55095957 1.07202702 1.53563084 1.39727893 1.62608527
 1.21099551 1.58820218] REAL [0.66769556] FAKE [0.32356334] 
49 epoch LOSS [-0.80737968] Parameters [1.65012383 1.55122872 1.0466739  1.53542572 1.39747245 1.62605143
 1.18570348 1.58794658] REAL [0.65912614] FAKE [0.32330818] 
50 epoch LOSS [-0.80583021] Parameters [1.64993708 1.55120385 1.01974468 1.53510627 1.39755737 1.62594098
 1.15892847 1.58724615] REAL [0.6606444] FAKE [0.32381641] 
51 epoch LOSS [-0.78768925] Parameters [1.64979942 1.55118854 0.99069085 1.5349863  1.3975497  1.62577257
 1.12984702 1.58683847] REAL [0.67608377] FAKE [0.32716218] 
52 epoch LOSS [-0.78649224] Parameters [1.6497467  1.55107094 0.96002875 1.5348502  1.39728965 1.62569983
 1.09907878 1.5865796 ] REAL [0.67516035] FAKE [0.32543496] 
53 epoch LOSS [-0.79908185] Parameters [1.64967935 1.55103223 0.92692315 1.53424616 1.39754132 1.62585075
 1.06597468 1.58623335] REAL [0.67658502] FAKE [0.33527689] 
54 epoch LOSS [-0.811858] Parameters [1.64983949 1.55112355 0.89193068 1.53396149 1.3972384  1.62577409
 1.03065795 1.58622603] REAL [0.66850275] FAKE [0.33578091] 
55 epoch LOSS [-0.83047555] Parameters [1.64949501 1.55113416 0.8553106  1.53348242 1.39719037 1.62566795
 0.99375687 1.58604091] REAL [0.65037816] FAKE [0.32986377] 
56 epoch LOSS [-0.83176838] Parameters [1.64993364 1.55119651 0.81664962 1.53294007 1.39726089 1.62574246
 0.95539818 1.58507316] REAL [0.65251929] FAKE [0.33292567] 
57 epoch LOSS [-0.82342696] Parameters [1.65003121 1.55126339 0.77675242 1.53242949 1.3974236  1.62573588
 0.91550138 1.58488449] REAL [0.66472467] FAKE [0.33968918] 
58 epoch LOSS [-0.82553473] Parameters [1.6499699  1.55118424 0.73495183 1.53253386 1.3976293  1.62577079
 0.87393084 1.58504988] REAL [0.66948446] FAKE [0.34576418] 
59 epoch LOSS [-0.82376332] Parameters [1.64984275 1.55115538 0.69243919 1.53190737 1.39764677 1.62603737
 0.83189203 1.5845962 ] REAL [0.66816509] FAKE [0.34331007] 
60 epoch LOSS [-0.86786744] Parameters [1.64968292 1.55132126 0.64907762 1.5308824  1.39797831 1.62586755
 0.78878448 1.58407513] REAL [0.65446963] FAKE [0.35849438] 
61 epoch LOSS [-0.91038955] Parameters [1.65004297 1.55136677 0.60565661 1.53019959 1.39829959 1.62579695
 0.74530724 1.58311619] REAL [0.64112444] FAKE [0.37240351] 
62 epoch LOSS [-0.90805602] Parameters [1.64984103 1.55148048 0.56229015 1.52938811 1.39817821 1.62592424
 0.70195002 1.58222062] REAL [0.64208206] FAKE [0.37187548] 
63 epoch LOSS [-0.88568116] Parameters [1.64969254 1.55150881 0.51956645 1.52858039 1.39820472 1.62559872
 0.65940312 1.58161968] REAL [0.65273101] FAKE [0.36814226] 
64 epoch LOSS [-0.93994723] Parameters [1.64997907 1.55161873 0.47808113 1.52727916 1.39826033 1.62548901
 0.61774673 1.58090747] REAL [0.62339161] FAKE [0.37334984] 
65 epoch LOSS [-0.94086076] Parameters [1.64982883 1.55177284 0.43764342 1.52626177 1.39832201 1.6251629
 0.57726418 1.57994459] REAL [0.63569202] FAKE [0.38603643] 
66 epoch LOSS [-0.95440698] Parameters [1.65014143 1.55168282 0.39919386 1.5254517  1.39832889 1.62540228
 0.53858603 1.57873506] REAL [0.63538381] FAKE [0.39400343] 
67 epoch LOSS [-1.00601819] Parameters [1.65015566 1.55172158 0.36251432 1.5240022  1.3982814  1.62505187
 0.50196418 1.57729291] REAL [0.60520579] FAKE [0.39578879] 
68 epoch LOSS [-0.97221702] Parameters [1.6503403  1.55182303 0.32802164 1.5223228  1.39826786 1.62533158
 0.46726463 1.575237  ] REAL [0.62161048] FAKE [0.39151037] 
69 epoch LOSS [-0.97439631] Parameters [1.65047511 1.55192066 0.29553992 1.52102709 1.39805467 1.62538669
 0.43501374 1.57405642] REAL [0.6194397] FAKE [0.39070723] 
70 epoch LOSS [-0.98188842] Parameters [1.65031906 1.55200404 0.26530607 1.51881348 1.39780626 1.62550938
 0.40481539 1.57203695] REAL [0.61792531] FAKE [0.39377298] 
71 epoch LOSS [-0.98932436] Parameters [1.65048184 1.55202846 0.23729192 1.51682745 1.39774815 1.62497397
 0.37702072 1.56945232] REAL [0.61665881] FAKE [0.39702827] 
72 epoch LOSS [-0.99404555] Parameters [1.65048472 1.55210587 0.21133692 1.5142238  1.39784311 1.62490383
 0.35098763 1.56688943] REAL [0.61088733] FAKE [0.39419844] 
73 epoch LOSS [-0.96624153] Parameters [1.65063394 1.55194279 0.18772871 1.51132879 1.39781151 1.62493807
 0.32767195 1.56364293] REAL [0.62301116] FAKE [0.38923969] 
74 epoch LOSS [-0.98157419] Parameters [1.65058871 1.55199307 0.16578109 1.50777563 1.39806198 1.62502647
 0.30571818 1.56003802] REAL [0.61524057] FAKE [0.39093621] 
75 epoch LOSS [-1.00350162] Parameters [1.65041072 1.55192474 0.14572108 1.50446911 1.39804899 1.62503488
 0.2855615  1.55676515] REAL [0.59692662] FAKE [0.38586502] 
76 epoch LOSS [-0.99366429] Parameters [1.65046312 1.55191007 0.12768966 1.50030701 1.3979292  1.62510576
 0.26739455 1.55245049] REAL [0.60157601] FAKE [0.38458713] 
77 epoch LOSS [-0.96745334] Parameters [1.65054715 1.55182978 0.11138075 1.49501231 1.3979321  1.62506067
 0.25129868 1.54730932] REAL [0.61684883] FAKE [0.38388525] 
78 epoch LOSS [-0.95210906] Parameters [1.65046538 1.55185398 0.09646331 1.48962147 1.39784939 1.62494374
 0.23639535 1.54217461] REAL [0.62476777] FAKE [0.38228852] 
79 epoch LOSS [-0.98446483] Parameters [1.65061746 1.55189935 0.08289295 1.4834251  1.39794887 1.62484356
 0.22275755 1.53623935] REAL [0.60491394] FAKE [0.3823268] 
80 epoch LOSS [-0.9516447] Parameters [1.65057348 1.55186379 0.0704143  1.47655055 1.39797955 1.62485405
 0.21027439 1.52945226] REAL [0.61923108] FAKE [0.37647594] 
81 epoch LOSS [-0.98540137] Parameters [1.6505118  1.55188758 0.05892985 1.46864621 1.39796204 1.62486978
 0.19894454 1.52164328] REAL [0.59468134] FAKE [0.37228673] 
82 epoch LOSS [-0.96145259] Parameters [1.65049322 1.55199225 0.04845277 1.45900874 1.39802478 1.62498853
 0.18834877 1.51223253] REAL [0.60616004] FAKE [0.36924726] 
83 epoch LOSS [-0.91960004] Parameters [1.65056006 1.5519609  0.03897038 1.44919845 1.39798366 1.62491576
 0.17890401 1.50219703] REAL [0.62984657] FAKE [0.36702288] 
84 epoch LOSS [-0.93200402] Parameters [1.65047953 1.55197876 0.03005922 1.43771508 1.39794695 1.62498991
 0.1701384  1.49055516] REAL [0.61601041] FAKE [0.36078384] 
85 epoch LOSS [-0.94811657] Parameters [1.65054162 1.55186788 0.02220655 1.42333851 1.39778587 1.62500092
 0.16234524 1.47617579] REAL [0.60595036] FAKE [0.360558] 
86 epoch LOSS [-0.9247266] Parameters [1.65055786 1.55180663 0.01443687 1.40737446 1.39775831 1.62507073
 0.1547961  1.46039199] REAL [0.62033305] FAKE [0.36060178] 
87 epoch LOSS [-0.88146241] Parameters [1.65056735 1.55185967 0.00781618 1.38793965 1.39779878 1.62498411
 0.14798105 1.44128528] REAL [0.64253989] FAKE [0.35540691] 
88 epoch LOSS [-0.9133337] Parameters [1.65048113e+00 1.55168095e+00 1.56815391e-03 1.36554807e+00
 1.39774695e+00 1.62504249e+00 1.41737927e-01 1.41893471e+00] REAL [0.62069746] FAKE [0.35365521] 
89 epoch LOSS [-0.92794265] Parameters [ 1.65025443  1.55163488 -0.00400342  1.34046027  1.39766219  1.62497133
  0.13611004  1.39418725] REAL [0.61452944] FAKE [0.35663574] 
90 epoch LOSS [-0.89437117] Parameters [ 1.65006558  1.55163012 -0.00904     1.31062276  1.39742241  1.62543704
  0.13099643  1.36527137] REAL [0.6312816] FAKE [0.35232609] 
91 epoch LOSS [-0.87430399] Parameters [ 1.65003551  1.55158262 -0.01353024  1.27666641  1.39735617  1.62533808
  0.12623359  1.33141357] REAL [0.64643451] FAKE [0.35468751] 
92 epoch LOSS [-0.91396083] Parameters [ 1.65019597  1.55147639 -0.01793926  1.23655308  1.39742322  1.62525307
  0.12177018  1.2915719 ] REAL [0.6262043] FAKE [0.35974083] 
93 epoch LOSS [-0.91734398] Parameters [ 1.65013637  1.5513643  -0.02246709  1.18949727  1.39743734  1.62510944
  0.117237    1.24466904] REAL [0.63140932] FAKE [0.36716341] 
94 epoch LOSS [-0.90586943] Parameters [ 1.65010962  1.55114269 -0.026925    1.13465424  1.39722259  1.6250625
  0.11317995  1.19054095] REAL [0.64238736] FAKE [0.3707997] 
95 epoch LOSS [-0.94963837] Parameters [ 1.64984018  1.55102798 -0.03078889  1.07273423  1.39713716  1.62494371
  0.10966196  1.12878594] REAL [0.6373746] FAKE [0.39300859] 
96 epoch LOSS [-0.99923162] Parameters [ 1.64992919  1.55110457 -0.03568049  1.00266124  1.39685358  1.62519373
  0.10557456  1.05811548] REAL [0.62111604] FAKE [0.40725694] 
97 epoch LOSS [-1.06926734] Parameters [ 1.65020223  1.55133901 -0.04025361  0.92325264  1.39738205  1.62527531
  0.10087598  0.97887697] REAL [0.59515712] FAKE [0.42324487] 
98 epoch LOSS [-1.19446191] Parameters [ 1.65009665  1.55125114 -0.0444274   0.83662425  1.3973054   1.62563064
  0.09673107  0.89276084] REAL [0.55976865] FAKE [0.45894276] 
99 epoch LOSS [-1.30875016] Parameters [ 1.6512739   1.55097778 -0.04927184  0.74483368  1.39757297  1.62528517
  0.09208988  0.80033753] REAL [0.53813031] FAKE [0.49797012] 
100 epoch LOSS [-1.41838569] Parameters [ 1.65097585  1.55012708 -0.05182324  0.65126656  1.39756749  1.62452773
  0.0881252   0.70738402] REAL [0.51343584] FAKE [0.52846195] 
101 epoch LOSS [-1.54390597] Parameters [ 1.65079807  1.54880532 -0.05386604  0.56004824  1.39756354  1.62448287
  0.08558154  0.61588131] REAL [0.47973524] FAKE [0.55486829] 
102 epoch LOSS [-1.56777252] Parameters [ 1.65118484  1.54899731 -0.05713202  0.47586624  1.39724026  1.6248756
  0.0816304   0.53088295] REAL [0.50454312] FAKE [0.58673677] 
103 epoch LOSS [-1.72368167] Parameters [ 1.65049592  1.54956649 -0.06074344  0.40084633  1.39682402  1.62481331
  0.07944173  0.45613895] REAL [0.46257088] FAKE [0.61431187] 
104 epoch LOSS [-1.79908887] Parameters [ 1.65023977  1.54941415 -0.06214509  0.33673127  1.39705183  1.62544735
  0.07797185  0.39164929] REAL [0.43906627] FAKE [0.62317861] 
105 epoch LOSS [-1.83315271] Parameters [ 1.65063691  1.54944396 -0.06338754  0.28311293  1.39707691  1.62543711
  0.07668067  0.33772259] REAL [0.42402427] FAKE [0.6228786] 
106 epoch LOSS [-1.82862963] Parameters [ 1.65071496  1.54992911 -0.06483604  0.23921073  1.39734136  1.62556
  0.0753819   0.29451523] REAL [0.4235635] FAKE [0.62075688] 
107 epoch LOSS [-1.79947664] Parameters [ 1.6510656   1.55024581 -0.06474777  0.20402003  1.39738784  1.62574421
  0.0758212   0.2595135 ] REAL [0.43182218] FAKE [0.61700572] 
108 epoch LOSS [-1.82043478] Parameters [ 1.65097851  1.55052971 -0.06560998  0.17547188  1.39730281  1.62573037
  0.07579999  0.23088005] REAL [0.41221055] FAKE [0.60710534] 
109 epoch LOSS [-1.71061527] Parameters [ 1.65090187  1.55046009 -0.06573189  0.15183526  1.39733624  1.62566612
  0.07580191  0.20738321] REAL [0.45202274] FAKE [0.60012068] 
110 epoch LOSS [-1.6964763] Parameters [ 1.65081337  1.55036279 -0.06675895  0.13254594  1.39719537  1.62550992
  0.07463213  0.18798732] REAL [0.45440789] FAKE [0.59655546] 
111 epoch LOSS [-1.71542184] Parameters [ 1.6509725   1.55033488 -0.06794925  0.11665772  1.39723095  1.62552691
  0.0737538   0.17228361] REAL [0.43561396] FAKE [0.58704763] 
112 epoch LOSS [-1.64313527] Parameters [ 1.65101151  1.5503623  -0.06768938  0.10348751  1.39716886  1.62556311
  0.07461042  0.15941409] REAL [0.46213961] FAKE [0.58157057] 
113 epoch LOSS [-1.69312138] Parameters [ 1.65097246  1.55038933 -0.06785703  0.09309429  1.39714692  1.62563398
  0.07479669  0.14899557] REAL [0.43227787] FAKE [0.57447633] 
114 epoch LOSS [-1.6689262] Parameters [ 1.65097049  1.55044095 -0.06819998  0.08379231  1.39718197  1.62553667
  0.07492008  0.13965765] REAL [0.4356825] FAKE [0.56746182] 
115 epoch LOSS [-1.64988996] Parameters [ 1.65092724  1.5503995  -0.06972558  0.07691302  1.39714444  1.6255232
  0.07397651  0.13253898] REAL [0.44153832] FAKE [0.56499576] 
116 epoch LOSS [-1.5362282] Parameters [ 1.65092744  1.55045892 -0.06981203  0.07074525  1.39711541  1.6255207
  0.07362769  0.12645836] REAL [0.48628754] FAKE [0.5574815] 
117 epoch LOSS [-1.63990818] Parameters [ 1.65094691  1.55046151 -0.06983774  0.06589918  1.39706079  1.62554441
  0.07314865  0.12164884] REAL [0.43233713] FAKE [0.55128107] 
118 epoch LOSS [-1.5117094] Parameters [ 1.65093259  1.5504559  -0.06973915  0.06195404  1.3970826   1.62556237
  0.07306583  0.11802611] REAL [0.48444403] FAKE [0.5447716] 
119 epoch LOSS [-1.51465311] Parameters [ 1.65093118  1.5504472  -0.07003964  0.0587936   1.39707822  1.62558213
  0.07316462  0.11495436] REAL [0.47588736] FAKE [0.53794855] 
120 epoch LOSS [-1.54365096] Parameters [ 1.6509328   1.55044134 -0.06997876  0.05635796  1.39708065  1.62558457
  0.07322972  0.11256634] REAL [0.4565268] FAKE [0.53211984] 
121 epoch LOSS [-1.43048317] Parameters [ 1.65094026  1.55043411 -0.07066809  0.05470922  1.39708027  1.62560142
  0.07238488  0.11090583] REAL [0.5066334] FAKE [0.52787692] 
122 epoch LOSS [-1.50471958] Parameters [ 1.65093601  1.55043766 -0.07089475  0.05350996  1.39707295  1.62559392
  0.07224376  0.10960119] REAL [0.4653455] FAKE [0.52276414] 
123 epoch LOSS [-1.38310598] Parameters [ 1.65093259  1.55043474 -0.07103249  0.0528065   1.39707185  1.62558891
  0.07214626  0.10891447] REAL [0.51752616] FAKE [0.51538997] 
124 epoch LOSS [-1.36826055] Parameters [ 1.65093105  1.5504322  -0.07116784  0.05260641  1.39707961  1.62558928
  0.07226596  0.10869487] REAL [0.52042266] FAKE [0.51087958] 
125 epoch LOSS [-1.36539871] Parameters [ 1.65093614  1.55043371 -0.07128457  0.05287551  1.39708098  1.62558503
  0.07199599  0.10897612] REAL [0.51432566] FAKE [0.50366296] 
126 epoch LOSS [-1.33157362] Parameters [ 1.65093968  1.55043876 -0.07188681  0.05358006  1.39707806  1.62559158
  0.07167343  0.10966025] REAL [0.52824322] FAKE [0.50011398] 
127 epoch LOSS [-1.30594797] Parameters [ 1.65093137  1.5504305  -0.07172624  0.05474634  1.39708395  1.62559158
  0.07144219  0.11078357] REAL [0.53324715] FAKE [0.49195116] 
128 epoch LOSS [-1.29756288] Parameters [ 1.65092688  1.55044829 -0.07167162  0.05645935  1.39709669  1.62560578
  0.07139293  0.1125027 ] REAL [0.53659079] FAKE [0.49086567] 
129 epoch LOSS [-1.31160192] Parameters [ 1.65092328  1.55043438 -0.07182787  0.05859679  1.39707448  1.62559748
  0.07105549  0.11459807] REAL [0.52507156] FAKE [0.48694961] 
130 epoch LOSS [-1.25833546] Parameters [ 1.65091504  1.55041299 -0.07210104  0.06130405  1.39706638  1.62558838
  0.07070784  0.11722791] REAL [0.54539852] FAKE [0.47904778] 
131 epoch LOSS [-1.27778862] Parameters [ 1.65090143  1.55040539 -0.07172323  0.0643996   1.39708401  1.62556791
  0.07079691  0.12038565] REAL [0.53214025] FAKE [0.47635454] 
132 epoch LOSS [-1.30962073] Parameters [ 1.65090666  1.55037594 -0.07170208  0.06820911  1.39709733  1.62555389
  0.07059438  0.12425139] REAL [0.51007201] FAKE [0.47081509] 
133 epoch LOSS [-1.25582135] Parameters [ 1.65089511  1.55041098 -0.07158108  0.07253135  1.39706922  1.6255143
  0.07068772  0.12859287] REAL [0.53528608] FAKE [0.46786998] 
134 epoch LOSS [-1.25553279] Parameters [ 1.65092277  1.55042016 -0.07169622  0.07768403  1.39707115  1.62550477
  0.07077201  0.13351614] REAL [0.53205372] FAKE [0.46448264] 
135 epoch LOSS [-1.25210929] Parameters [ 1.65098196  1.55039733 -0.0715117   0.08361372  1.39708553  1.6255357
  0.07072385  0.13932272] REAL [0.53078685] FAKE [0.46136361] 
136 epoch LOSS [-1.20007886] Parameters [ 1.65097242  1.55039922 -0.07138801  0.09033022  1.39710275  1.62552606
  0.07066651  0.14615785] REAL [0.55328342] FAKE [0.45566694] 
137 epoch LOSS [-1.15229272] Parameters [ 1.65091388  1.55037021 -0.07163567  0.09813716  1.39715177  1.62554861
  0.07041922  0.15380457] REAL [0.57688826] FAKE [0.45238678] 
138 epoch LOSS [-1.18635006] Parameters [ 1.65094821  1.55037763 -0.07153584  0.10717389  1.39705848  1.62555582
  0.07035001  0.16266488] REAL [0.55252819] FAKE [0.44738805] 
139 epoch LOSS [-1.23572248] Parameters [ 1.65088822  1.55042658 -0.07168037  0.11738551  1.39711966  1.62549505
  0.07011054  0.1728765 ] REAL [0.52381038] FAKE [0.44517191] 
140 epoch LOSS [-1.13836875] Parameters [ 1.65089976  1.55036473 -0.07196968  0.12854577  1.39722959  1.62548244
  0.06985119  0.18404303] REAL [0.56979278] FAKE [0.43779359] 
141 epoch LOSS [-1.16383947] Parameters [ 1.65080982  1.55027189 -0.07175478  0.14126072  1.39719561  1.62543184
  0.07001532  0.19649076] REAL [0.55081488] FAKE [0.43304932] 
142 epoch LOSS [-1.0807129] Parameters [ 1.65076481  1.55025033 -0.07171675  0.15496164  1.39721653  1.62550004
  0.07008823  0.21065464] REAL [0.59371397] FAKE [0.42842255] 
143 epoch LOSS [-1.07281147] Parameters [ 1.65073209  1.55028372 -0.07183441  0.17128975  1.39733205  1.62561054
  0.06991327  0.2268654 ] REAL [0.59400961] FAKE [0.42417511] 
144 epoch LOSS [-1.1289355] Parameters [ 1.65074772  1.55034026 -0.0716535   0.1894527   1.39730407  1.62551826
  0.07007033  0.24474841] REAL [0.55825301] FAKE [0.42073343] 
145 epoch LOSS [-1.14045239] Parameters [ 1.65086727  1.55029684 -0.07136745  0.20970879  1.39733474  1.62554952
  0.07022253  0.26521031] REAL [0.55225909] FAKE [0.42115145] 
146 epoch LOSS [-1.05760623] Parameters [ 1.65088229  1.55035464 -0.07101416  0.232469    1.39726282  1.62549357
  0.07051477  0.28815928] REAL [0.59616526] FAKE [0.41746666] 
147 epoch LOSS [-1.05296968] Parameters [ 1.65099374  1.55019335 -0.07077099  0.25785908  1.39735227  1.62556038
  0.07065272  0.31330618] REAL [0.59671769] FAKE [0.41530125] 
148 epoch LOSS [-1.12386379] Parameters [ 1.65123905  1.55028096 -0.07049465  0.28619179  1.39726688  1.62539376
  0.07081521  0.34167109] REAL [0.56139428] FAKE [0.42104584] 
149 epoch LOSS [-1.10211915] Parameters [ 1.65132235  1.55028754 -0.07063729  0.31709346  1.3970618   1.62548754
  0.07074694  0.37260437] REAL [0.57409861] FAKE [0.42141224] 
150 epoch LOSS [-1.14376538] Parameters [ 1.65120311  1.5503999  -0.07088726  0.35113814  1.39699451  1.62556709
  0.07064776  0.40637037] REAL [0.54893559] FAKE [0.41957298] 
151 epoch LOSS [-1.08207414] Parameters [ 1.65104423  1.55028007 -0.0707016   0.38833291  1.39712917  1.62540994
  0.07087171  0.44330923] REAL [0.58647205] FAKE [0.42215169] 
152 epoch LOSS [-1.18943311] Parameters [ 1.65108828  1.55029047 -0.07109654  0.42795378  1.39706099  1.62568159
  0.0707612   0.48274925] REAL [0.53237231] FAKE [0.42823139] 
153 epoch LOSS [-1.09551226] Parameters [ 1.65090878  1.55012682 -0.07143581  0.47010584  1.39680477  1.6257993
  0.07073411  0.52485656] REAL [0.59607771] FAKE [0.43905254] 
154 epoch LOSS [-1.13195258] Parameters [ 1.65107638  1.55022357 -0.07110089  0.51415411  1.39658293  1.62535976
  0.0708793   0.56886584] REAL [0.59361167] FAKE [0.45687874] 
155 epoch LOSS [-1.15057234] Parameters [ 1.65085177  1.55039689 -0.07161841  0.55946367  1.39716052  1.62533128
  0.07077118  0.61414635] REAL [0.57971531] FAKE [0.45411896] 
156 epoch LOSS [-1.19209545] Parameters [ 1.65033981  1.55009639 -0.07156458  0.60522581  1.39758223  1.62507637
  0.070103    0.6597847 ] REAL [0.56828857] FAKE [0.46579173] 
157 epoch LOSS [-1.28760427] Parameters [ 1.65008604  1.55045054 -0.07180005  0.65025074  1.39739414  1.62516007
  0.06965517  0.70505928] REAL [0.51564936] FAKE [0.46488628] 
158 epoch LOSS [-1.35937843] Parameters [ 1.65013223  1.55067531 -0.07127889  0.69422719  1.39680094  1.62515255
  0.07028752  0.74894978] REAL [0.49949403] FAKE [0.48583899] 
159 epoch LOSS [-1.32115994] Parameters [ 1.64999131  1.55065741 -0.07160192  0.73665417  1.3968737   1.62520892
  0.06987587  0.79125394] REAL [0.5277099] FAKE [0.49437064] 
160 epoch LOSS [-1.30700629] Parameters [ 1.65015183  1.55102163 -0.07117121  0.77638813  1.39663447  1.62528669
  0.0704554   0.83081246] REAL [0.54832566] FAKE [0.50644471] 
161 epoch LOSS [-1.41270025] Parameters [ 1.6503173   1.55084719 -0.07094495  0.81361395  1.39649964  1.62558159
  0.07052174  0.86800443] REAL [0.49620601] FAKE [0.50930678] 
162 epoch LOSS [-1.409024] Parameters [ 1.65037796  1.55066984 -0.07085659  0.84786005  1.39647692  1.62569557
  0.07038067  0.90240227] REAL [0.49474969] FAKE [0.50604986] 
163 epoch LOSS [-1.41177377] Parameters [ 1.65036254  1.55048992 -0.07070923  0.87877675  1.39634878  1.62535149
  0.07006586  0.93305828] REAL [0.50368388] FAKE [0.51614371] 
164 epoch LOSS [-1.453858] Parameters [ 1.65021489  1.55031776 -0.07010446  0.9065677   1.39625961  1.62545407
  0.07076788  0.96067284] REAL [0.48834039] FAKE [0.52150781] 
165 epoch LOSS [-1.40089602] Parameters [ 1.65022964  1.5502323  -0.07057428  0.93124953  1.39625219  1.62547752
  0.07058976  0.9852622 ] REAL [0.51195971] FAKE [0.5187588] 
166 epoch LOSS [-1.37614631] Parameters [ 1.65022219  1.55038673 -0.07061312  0.95362201  1.39629573  1.62540729
  0.070655    1.00741103] REAL [0.52220246] FAKE [0.51637545] 
167 epoch LOSS [-1.43036661] Parameters [ 1.65016719  1.55039356 -0.07049533  0.97295668  1.39621915  1.62528935
  0.07075971  1.02660893] REAL [0.49410503] FAKE [0.51584949] 
168 epoch LOSS [-1.40759849] Parameters [ 1.65015945  1.55042737 -0.07091384  0.98958332  1.39622805  1.62528967
  0.07045082  1.04338719] REAL [0.50760238] FAKE [0.51787008] 
169 epoch LOSS [-1.41681506] Parameters [ 1.65021214  1.55043731 -0.07146998  1.0035975   1.39623699  1.62530219
  0.07040392  1.05733625] REAL [0.50179892] FAKE [0.51676841] 
170 epoch LOSS [-1.39180088] Parameters [ 1.65018479  1.55044698 -0.07188054  1.01591813  1.39624443  1.62530712
  0.07030645  1.06965843] REAL [0.51144866] FAKE [0.51387662] 
171 epoch LOSS [-1.47710952] Parameters [ 1.65017749  1.55044694 -0.07199069  1.02617446  1.39622759  1.62528835
  0.06979852  1.07954186] REAL [0.46863558] FAKE [0.5128483] 
172 epoch LOSS [-1.46408288] Parameters [ 1.6501628   1.5504531  -0.07215358  1.03420438  1.39619403  1.62527367
  0.07071207  1.08737939] REAL [0.47350251] FAKE [0.51153371] 
173 epoch LOSS [-1.44287978] Parameters [ 1.65019175  1.55047465 -0.07125436  1.04042425  1.39618761  1.62525934
  0.07140865  1.09392503] REAL [0.48203006] FAKE [0.50989272] 
174 epoch LOSS [-1.36976381] Parameters [ 1.65022849  1.55050673 -0.07122424  1.04499673  1.3961441   1.62522888
  0.07107114  1.09870955] REAL [0.51692398] FAKE [0.50830877] 
175 epoch LOSS [-1.4674604] Parameters [ 1.65021336  1.55051539 -0.07194463  1.0481558   1.39614615  1.62519487
  0.07126328  1.10249058] REAL [0.46777629] FAKE [0.5072214] 
176 epoch LOSS [-1.42908634] Parameters [ 1.65021566  1.55048541 -0.07227152  1.05006493  1.39610553  1.62520811
  0.0707129   1.10432838] REAL [0.48187468] FAKE [0.50292539] 
177 epoch LOSS [-1.36675434] Parameters [ 1.65013959  1.55054581 -0.07243287  1.05068603  1.39619476  1.62511221
  0.071153    1.1050178 ] REAL [0.50988947] FAKE [0.50002293] 
178 epoch LOSS [-1.35996519] Parameters [ 1.64994834  1.55057938 -0.07185006  1.04955639  1.39628079  1.62513583
  0.07181951  1.1040887 ] REAL [0.50819385] FAKE [0.49493739] 
179 epoch LOSS [-1.36243536] Parameters [ 1.65000825  1.55058407 -0.0716514   1.04759391  1.39620303  1.62506745
  0.07174948  1.10207651] REAL [0.50632496] FAKE [0.49432381] 
180 epoch LOSS [-1.42467882] Parameters [ 1.65009741  1.55054389 -0.07279908  1.04453105  1.39622634  1.62497053
  0.07138665  1.09902722] REAL [0.47564556] FAKE [0.49419117] 
181 epoch LOSS [-1.42667711] Parameters [ 1.64999316  1.55054395 -0.07268946  1.04109865  1.39627892  1.625044
  0.07159878  1.09552567] REAL [0.47399677] FAKE [0.49344498] 
182 epoch LOSS [-1.31964083] Parameters [ 1.64983398  1.55048021 -0.07213934  1.03616287  1.39627554  1.62509411
  0.07176583  1.09074598] REAL [0.5195037] FAKE [0.48560276] 
183 epoch LOSS [-1.33307568] Parameters [ 1.64986262  1.55045302 -0.07231935  1.03045683  1.39630431  1.62499516
  0.07186688  1.08507006] REAL [0.51942192] FAKE [0.49238749] 
184 epoch LOSS [-1.31318264] Parameters [ 1.64983924  1.55049306 -0.07258255  1.02402581  1.3963291   1.62496498
  0.07091818  1.07894746] REAL [0.52585632] FAKE [0.48852439] 
185 epoch LOSS [-1.32819018] Parameters [ 1.64988314  1.55046081 -0.07334903  1.01671335  1.39634242  1.6250534
  0.0705213   1.0719484 ] REAL [0.51757632] FAKE [0.48808255] 
186 epoch LOSS [-1.35908391] Parameters [ 1.64976188  1.55050484 -0.07305481  1.00881479  1.39649839  1.62503004
  0.07113392  1.06409943] REAL [0.49847587] FAKE [0.48463702] 
187 epoch LOSS [-1.40563803] Parameters [ 1.64966919  1.55048675 -0.07347348  1.00053292  1.39654389  1.62497018
  0.07085537  1.0557932 ] REAL [0.48126653] FAKE [0.49048907] 
188 epoch LOSS [-1.29935573] Parameters [ 1.64980075  1.55063297 -0.07297168  0.99148345  1.39655586  1.62502647
  0.07092483  1.04658407] REAL [0.53566266] FAKE [0.49089706] 
189 epoch LOSS [-1.34225415] Parameters [ 1.64958974  1.55039242 -0.07388637  0.98147532  1.39645491  1.62506324
  0.07054618  1.03673405] REAL [0.50569628] FAKE [0.48337351] 
190 epoch LOSS [-1.35354864] Parameters [ 1.64954616  1.55050286 -0.07335431  0.97108063  1.39646092  1.6249713
  0.07060129  1.02642632] REAL [0.50146542] FAKE [0.4848659] 
191 epoch LOSS [-1.41938021] Parameters [ 1.6494111   1.55047544 -0.07337191  0.96058507  1.39643701  1.62510812
  0.06999295  1.01591646] REAL [0.46844468] FAKE [0.48368743] 
192 epoch LOSS [-1.38234812] Parameters [ 1.64945843  1.55041173 -0.07244141  0.94940852  1.39628138  1.62498461
  0.07033061  1.00469255] REAL [0.48329834] FAKE [0.48067583] 
193 epoch LOSS [-1.30937573] Parameters [ 1.64950683  1.5504467  -0.07339463  0.93801994  1.39606785  1.62516953
  0.06925604  0.99324672] REAL [0.52439453] FAKE [0.48514232] 
194 epoch LOSS [-1.28687914] Parameters [ 1.64942622  1.55025507 -0.07349374  0.92663343  1.3961351   1.62515498
  0.06933987  0.98211303] REAL [0.5360402] FAKE [0.48486848] 
195 epoch LOSS [-1.36156999] Parameters [ 1.649461    1.55015565 -0.07357789  0.91533808  1.3961376   1.62491751
  0.06908768  0.97096705] REAL [0.5020049] FAKE [0.48953061] 
196 epoch LOSS [-1.33676709] Parameters [ 1.64953195  1.54999387 -0.07329602  0.90407049  1.39602272  1.62507503
  0.06911565  0.95961039] REAL [0.51411067] FAKE [0.48903305] 
197 epoch LOSS [-1.38541254] Parameters [ 1.64964678  1.55021647 -0.07297932  0.89300293  1.39602913  1.62511498
  0.06960224  0.94865978] REAL [0.48778823] FAKE [0.48703035] 
198 epoch LOSS [-1.2994254] Parameters [ 1.64972925  1.55038652 -0.07338559  0.8820333   1.3961121   1.62501939
  0.0693249   0.93754115] REAL [0.53180766] FAKE [0.48724237] 
199 epoch LOSS [-1.41835452] Parameters [ 1.64974639  1.55054924 -0.07190483  0.8708826   1.39607609  1.62493915
  0.07025435  0.92628081] REAL [0.4765555] FAKE [0.49195408] 
200 epoch LOSS [-1.30008442] Parameters [ 1.64981804  1.55040013 -0.07194519  0.85991177  1.39609545  1.62504463
  0.07040875  0.915203  ] REAL [0.53583889] FAKE [0.49143522] 
201 epoch LOSS [-1.39475761] Parameters [ 1.64993519  1.55046095 -0.07092902  0.84933787  1.39624966  1.62500437
  0.07094939  0.90481828] REAL [0.48871532] FAKE [0.49276582] 
202 epoch LOSS [-1.36210339] Parameters [ 1.64990616  1.5505494  -0.07060335  0.8388045   1.39626909  1.62502696
  0.07107224  0.89449239] REAL [0.50719275] FAKE [0.49502139] 
203 epoch LOSS [-1.33222349] Parameters [ 1.64993196  1.55066152 -0.0711928   0.82879633  1.39629144  1.62499758
  0.07020961  0.88449736] REAL [0.52362708] FAKE [0.49603475] 
204 epoch LOSS [-1.32525863] Parameters [ 1.6500541   1.55080834 -0.0701789   0.81908083  1.39618419  1.62501199
  0.07089994  0.87479833] REAL [0.52897308] FAKE [0.49764131] 
205 epoch LOSS [-1.33188117] Parameters [ 1.65009568  1.55074707 -0.07041123  0.80978048  1.39629231  1.62494336
  0.07027204  0.86574002] REAL [0.52348596] FAKE [0.4957263] 
206 epoch LOSS [-1.37645762] Parameters [ 1.65010339  1.55079781 -0.07034071  0.80071566  1.39630813  1.62494095
  0.06951541  0.8567627 ] REAL [0.49724706] FAKE [0.49226182] 
207 epoch LOSS [-1.34451795] Parameters [ 1.65010624  1.55081048 -0.07095495  0.79212436  1.39623967  1.62492563
  0.06887723  0.84820341] REAL [0.51658284] FAKE [0.49540458] 
208 epoch LOSS [-1.3759791] Parameters [ 1.65006977  1.55073489 -0.07082314  0.78444201  1.39622588  1.62493848
  0.06861019  0.84040439] REAL [0.50002342] FAKE [0.49483933] 
209 epoch LOSS [-1.34670575] Parameters [ 1.6500385   1.55066115 -0.07031176  0.77688603  1.39628202  1.62493546
  0.06899358  0.83298254] REAL [0.51593842] FAKE [0.49587846] 
210 epoch LOSS [-1.442471] Parameters [ 1.65001918  1.55069957 -0.07078182  0.76987174  1.39621143  1.62489264
  0.06932233  0.82602563] REAL [0.46899903] FAKE [0.49606925] 
211 epoch LOSS [-1.37580962] Parameters [ 1.65005091  1.55072953 -0.07111433  0.76327936  1.39610967  1.62485495
  0.06919365  0.81926892] REAL [0.50088758] FAKE [0.49562539] 
212 epoch LOSS [-1.39210379] Parameters [ 1.65009437  1.55060011 -0.07144312  0.75670814  1.39621636  1.62482642
  0.06887808  0.8125493 ] REAL [0.49258353] FAKE [0.49541176] 
213 epoch LOSS [-1.31807175] Parameters [ 1.65006773  1.55058772 -0.07089189  0.750764    1.39616975  1.62481741
  0.0689342   0.80648381] REAL [0.53411538] FAKE [0.49888935] 
214 epoch LOSS [-1.38471519] Parameters [ 1.65003416  1.5505928  -0.071764    0.74518697  1.39613808  1.62480105
  0.06843384  0.80111656] REAL [0.49551281] FAKE [0.49467481] 
215 epoch LOSS [-1.33263384] Parameters [ 1.65007194  1.55061521 -0.07182731  0.74006982  1.39608261  1.62481704
  0.06834428  0.79609676] REAL [0.52603424] FAKE [0.49854673] 
216 epoch LOSS [-1.45548215] Parameters [ 1.65006015  1.55060259 -0.07157363  0.73576744  1.39608958  1.62481498
  0.06787354  0.79149687] REAL [0.4661489] FAKE [0.49954219] 
217 epoch LOSS [-1.45236121] Parameters [ 1.65004535  1.55062656 -0.07164752  0.73182858  1.3960744   1.62481603
  0.0681159   0.78749237] REAL [0.46658228] FAKE [0.49844414] 
218 epoch LOSS [-1.32769446] Parameters [ 1.6500533   1.55060778 -0.07146597  0.72807556  1.39608417  1.62482365
  0.06852409  0.78369177] REAL [0.53013567] FAKE [0.49996247] 
219 epoch LOSS [-1.35055633] Parameters [ 1.65004709  1.55058998 -0.0713093   0.72517667  1.39607847  1.62480851
  0.0687705   0.78057424] REAL [0.51497595] FAKE [0.49687733] 
220 epoch LOSS [-1.32211191] Parameters [ 1.65003701  1.55061284 -0.07162496  0.72225125  1.39609234  1.62479692
  0.06849483  0.77782462] REAL [0.52919004] FAKE [0.49626465] 
221 epoch LOSS [-1.32637201] Parameters [ 1.65005326  1.55060793 -0.07179946  0.71958463  1.3961052   1.62476567
  0.06859089  0.77545091] REAL [0.52817988] FAKE [0.49744673] 
222 epoch LOSS [-1.33340506] Parameters [ 1.65005001  1.55061548 -0.0715322   0.71752179  1.39609773  1.62477533
  0.06851616  0.77350841] REAL [0.52380324] FAKE [0.49679916] 
223 epoch LOSS [-1.43464208] Parameters [ 1.65005051  1.55060614 -0.07040015  0.71630789  1.39607555  1.62477238
  0.07007269  0.77227549] REAL [0.47311579] FAKE [0.49652788] 
224 epoch LOSS [-1.35578802] Parameters [ 1.65005103  1.55059854 -0.07073382  0.71508426  1.39608081  1.62476838
  0.06966763  0.77093428] REAL [0.51200703] FAKE [0.49660045] 
225 epoch LOSS [-1.35551735] Parameters [ 1.65005039  1.55060531 -0.07080555  0.7137732   1.39608118  1.62477688
  0.06998601  0.76989491] REAL [0.51170954] FAKE [0.49617145] 
226 epoch LOSS [-1.45072976] Parameters [ 1.6500355   1.55062039 -0.0697256   0.71340371  1.39607906  1.62476417
  0.07109287  0.76948084] REAL [0.46873515] FAKE [0.49993259] 
227 epoch LOSS [-1.34554789] Parameters [ 1.65004465  1.55060818 -0.07001962  0.71290203  1.39609737  1.62477105
  0.07112017  0.76880205] REAL [0.51787035] FAKE [0.49717724] 
228 epoch LOSS [-1.31474811] Parameters [ 1.65005802  1.55061664 -0.07015662  0.71300748  1.3961143   1.62476761
  0.07063446  0.76905376] REAL [0.5320508] FAKE [0.49527008] 
229 epoch LOSS [-1.31736495] Parameters [ 1.65005519  1.55056855 -0.07021652  0.71369166  1.39610374  1.62478916
  0.07024357  0.76973015] REAL [0.528663] FAKE [0.49336317] 
230 epoch LOSS [-1.35187037] Parameters [ 1.65003447  1.55057291 -0.07032633  0.71414552  1.39608509  1.62481871
  0.0699795   0.77018991] REAL [0.50812205] FAKE [0.49076047] 
231 epoch LOSS [-1.34631695] Parameters [ 1.65003864  1.5505587  -0.07075558  0.71477848  1.39609065  1.62482171
  0.06920039  0.77073492] REAL [0.5152662] FAKE [0.49502448] 
232 epoch LOSS [-1.43731113] Parameters [ 1.65003672  1.55052664 -0.07115815  0.71521819  1.39607938  1.62480554
  0.06912643  0.77146413] REAL [0.47145494] FAKE [0.49610097] 
233 epoch LOSS [-1.35645351] Parameters [ 1.65002901  1.55053104 -0.07037485  0.71629816  1.39609238  1.62482595
  0.06984319  0.77241151] REAL [0.51246608] FAKE [0.49738597] 
234 epoch LOSS [-1.42734009] Parameters [ 1.64998786  1.55055132 -0.07022076  0.7174989   1.39609496  1.6248132
  0.06979138  0.77362999] REAL [0.47739324] FAKE [0.49738226] 
235 epoch LOSS [-1.33255082] Parameters [ 1.64999221  1.55055635 -0.06964408  0.71839057  1.39610318  1.62481078
  0.06959005  0.77437632] REAL [0.52349632] FAKE [0.49607384] 
236 epoch LOSS [-1.32976993] Parameters [ 1.65005251  1.5505523  -0.06969789  0.71989981  1.39611615  1.62483381
  0.06958246  0.77601568] REAL [0.52364012] FAKE [0.4948093] 
237 epoch LOSS [-1.32118029] Parameters [ 1.65003978  1.55057581 -0.06939365  0.72158495  1.39615512  1.62481398
  0.07001667  0.77758146] REAL [0.52905498] FAKE [0.49566642] 
238 epoch LOSS [-1.33396582] Parameters [ 1.65004828  1.55058392 -0.06951464  0.72323182  1.39613806  1.62479011
  0.07015866  0.77907974] REAL [0.52557588] FAKE [0.49877748] 
239 epoch LOSS [-1.41807728] Parameters [ 1.65006064  1.55058571 -0.06948106  0.72489992  1.39616314  1.62474205
  0.07007659  0.78060802] REAL [0.48282614] FAKE [0.49841322] 
240 epoch LOSS [-1.41859189] Parameters [ 1.65009219  1.550601   -0.06899153  0.72679452  1.39616092  1.6247372
  0.07068768  0.78248326] REAL [0.48215336] FAKE [0.49797173] 
241 epoch LOSS [-1.45246221] Parameters [ 1.65011028  1.55060968 -0.06912208  0.72878382  1.39617437  1.62475077
  0.07014102  0.78440015] REAL [0.46851563] FAKE [0.50056428] 
242 epoch LOSS [-1.31789578] Parameters [ 1.6501187   1.55058896 -0.06929985  0.73061088  1.39616393  1.62469858
  0.06893561  0.78614787] REAL [0.53396554] FAKE [0.49866052] 
243 epoch LOSS [-1.3825932] Parameters [ 1.65014124  1.5505807  -0.06931472  0.73273865  1.39619424  1.62468448
  0.06919204  0.78831646] REAL [0.49940565] FAKE [0.49754872] 
244 epoch LOSS [-1.34136412] Parameters [ 1.65014242  1.55055649 -0.06935737  0.73440906  1.39618473  1.62467438
  0.069383    0.79012047] REAL [0.51999054] FAKE [0.49712792] 
245 epoch LOSS [-1.35957729] Parameters [ 1.65012965  1.5505585  -0.06872039  0.73605849  1.39618021  1.62469227
  0.06939504  0.79208174] REAL [0.51071975] FAKE [0.49724033] 
246 epoch LOSS [-1.36701529] Parameters [ 1.65012598  1.55053802 -0.06965821  0.73795173  1.39622418  1.62466657
  0.06907897  0.79366254] REAL [0.50672738] FAKE [0.49703423] 
247 epoch LOSS [-1.38233934] Parameters [ 1.65014734  1.55055984 -0.06934551  0.74007739  1.39620579  1.62467139
  0.06953285  0.79576099] REAL [0.49867701] FAKE [0.49668681] 
248 epoch LOSS [-1.37803966] Parameters [ 1.65015929  1.55058474 -0.06919524  0.74210214  1.39620517  1.62463784
  0.06923352  0.79748504] REAL [0.50130579] FAKE [0.49716875] 
249 epoch LOSS [-1.4560226] Parameters [ 1.65014851  1.55057184 -0.06907969  0.74383341  1.39620949  1.62466265
  0.06984619  0.79964643] REAL [0.4668098] FAKE [0.50052074] 
250 epoch LOSS [-1.36794091] Parameters [ 1.65014606  1.55056557 -0.06949332  0.74587981  1.39618228  1.62463838
  0.06944301  0.8014282 ] REAL [0.50819786] FAKE [0.49895357] 
251 epoch LOSS [-1.39771603] Parameters [ 1.65015212  1.55056944 -0.06966204  0.74757876  1.3961938   1.62463297
  0.06974051  0.80298983] REAL [0.4913778] FAKE [0.49700449] 
252 epoch LOSS [-1.33837859] Parameters [ 1.65013915  1.55059412 -0.07002903  0.74909851  1.396193    1.62461176
  0.06988469  0.80489508] REAL [0.51670246] FAKE [0.4924147] 
253 epoch LOSS [-1.31544604] Parameters [ 1.65014067  1.55058521 -0.07022615  0.75071815  1.39621009  1.62463833
  0.0698062   0.80682315] REAL [0.53138281] FAKE [0.49498818] 
254 epoch LOSS [-1.34649125] Parameters [ 1.65011067  1.55058794 -0.07026618  0.75219406  1.39619779  1.62464792
  0.07037794  0.80828874] REAL [0.51580373] FAKE [0.49563865] 
255 epoch LOSS [-1.39597041] Parameters [ 1.65012743  1.55058545 -0.06972753  0.75346287  1.39619091  1.62466128
  0.07108054  0.80981339] REAL [0.49223251] FAKE [0.4970006] 
256 epoch LOSS [-1.33540203] Parameters [ 1.65013078  1.55060698 -0.07023845  0.75492197  1.39617219  1.62468094
  0.07040911  0.81107151] REAL [0.51892483] FAKE [0.49308188] 
257 epoch LOSS [-1.40221327] Parameters [ 1.65013236  1.5506049  -0.07070208  0.75619992  1.3961698   1.62466492
  0.07023562  0.81229739] REAL [0.48584773] FAKE [0.49356195] 
258 epoch LOSS [-1.32234336] Parameters [ 1.65015541  1.55060323 -0.07043948  0.75747455  1.3961789   1.62467073
  0.07079088  0.81346851] REAL [0.52538278] FAKE [0.49273167] 
259 epoch LOSS [-1.3754066] Parameters [ 1.65016581  1.55060471 -0.07022102  0.75823234  1.39619749  1.62466496
  0.07088738  0.81424549] REAL [0.49709364] FAKE [0.49157102] 
260 epoch LOSS [-1.42029715] Parameters [ 1.65018727  1.55060355 -0.06998045  0.75869899  1.39622368  1.624655
  0.07149245  0.81491177] REAL [0.47840007] FAKE [0.49489514] 
261 epoch LOSS [-1.30763208] Parameters [ 1.65019085  1.5505926  -0.07032876  0.76001105  1.39622188  1.62464178
  0.07063194  0.81591911] REAL [0.53553726] FAKE [0.49497496] 
262 epoch LOSS [-1.39929634] Parameters [ 1.65021141  1.55058221 -0.07019749  0.76093415  1.39623908  1.62462722
  0.07028567  0.81686194] REAL [0.48828051] FAKE [0.49461315] 
263 epoch LOSS [-1.45544072] Parameters [ 1.65022722  1.55057147 -0.06924249  0.7616903   1.39623064  1.62460986
  0.07121803  0.81776847] REAL [0.46592183] FAKE [0.49927755] 
264 epoch LOSS [-1.32525322] Parameters [ 1.65023251  1.55055575 -0.06892361  0.7628811   1.39623027  1.62460935
  0.07089288  0.81864893] REAL [0.53019226] FAKE [0.49879378] 
265 epoch LOSS [-1.44361806] Parameters [ 1.65025001  1.55055546 -0.06960957  0.76366692  1.39623087  1.62461488
  0.06974661  0.81902421] REAL [0.47119818] FAKE [0.49899619] 
266 epoch LOSS [-1.31618524] Parameters [ 1.65025772  1.55054508 -0.06996421  0.76421173  1.39621855  1.62463271
  0.06871783  0.81926146] REAL [0.53271964] FAKE [0.49662771] 
267 epoch LOSS [-1.36162491] Parameters [ 1.65026696  1.55055356 -0.0699817   0.76473307  1.39622949  1.62462789
  0.06837467  0.81970022] REAL [0.51181756] FAKE [0.49934491] 
268 epoch LOSS [-1.35216179] Parameters [ 1.6502582   1.55054706 -0.0692078   0.76502937  1.39624324  1.624628
  0.06905541  0.82029096] REAL [0.51322034] FAKE [0.49596611] 
269 epoch LOSS [-1.34125153] Parameters [ 1.65027126  1.55055872 -0.06981247  0.76530615  1.39624983  1.62462827
  0.06842599  0.82076775] REAL [0.51939255] FAKE [0.49649226] 
270 epoch LOSS [-1.43382549] Parameters [ 1.65026328  1.55055181 -0.06883532  0.76547296  1.39625929  1.6246199
  0.06947359  0.8210925 ] REAL [0.47432306] FAKE [0.4973991] 
271 epoch LOSS [-1.36130974] Parameters [ 1.65027264  1.55054505 -0.06868177  0.76623156  1.39624544  1.62463058
  0.06918603  0.82162706] REAL [0.5108216] FAKE [0.49821065] 
272 epoch LOSS [-1.45161912] Parameters [ 1.65027297  1.55055265 -0.06906896  0.76678523  1.39625341  1.62461392
  0.06937611  0.82225692] REAL [0.46627382] FAKE [0.49773977] 
273 epoch LOSS [-1.41122816] Parameters [ 1.65027891  1.55055843 -0.06905713  0.76647366  1.39626253  1.62461175
  0.06910061  0.82196656] REAL [0.48604161] FAKE [0.49830711] 
274 epoch LOSS [-1.4315677] Parameters [ 1.65026577  1.55056869 -0.06868191  0.76701834  1.39627236  1.62461515
  0.07002453  0.82227323] REAL [0.47644636] FAKE [0.49850797] 
275 epoch LOSS [-1.37713997] Parameters [ 1.6502663   1.55056884 -0.06881839  0.76708173  1.39629053  1.62460838
  0.07002828  0.82229333] REAL [0.5017855] FAKE [0.4971973] 
276 epoch LOSS [-1.38277074] Parameters [ 1.65025559  1.55056421 -0.06898395  0.76696366  1.39630737  1.62460756
  0.06996094  0.82206944] REAL [0.4984596] FAKE [0.49668447] 
277 epoch LOSS [-1.38399524] Parameters [ 1.65025791  1.55056296 -0.06941074  0.7667708   1.39630846  1.62459394
  0.06996266  0.82196945] REAL [0.49404396] FAKE [0.4928074] 
278 epoch LOSS [-1.43484442] Parameters [ 1.65024577  1.55055277 -0.06912509  0.76675952  1.39628796  1.62459389
  0.06998089  0.82171171] REAL [0.47291588] FAKE [0.49641697] 
279 epoch LOSS [-1.42562456] Parameters [ 1.6502543   1.55056745 -0.0702884   0.76653893  1.39629942  1.62460077
  0.06895509  0.82128198] REAL [0.48122955] FAKE [0.50053296] 
280 epoch LOSS [-1.44978373] Parameters [ 1.65025245  1.55055905 -0.07079804  0.76686208  1.39628994  1.62460068
  0.06816728  0.82163766] REAL [0.47067675] FAKE [0.50152408] 
281 epoch LOSS [-1.32940579] Parameters [ 1.65022721  1.55056286 -0.07086326  0.76664345  1.39631106  1.62457367
  0.06774532  0.8214337 ] REAL [0.52797357] FAKE [0.49877328] 
282 epoch LOSS [-1.31316557] Parameters [ 1.6502281   1.55054894 -0.07118612  0.76623326  1.39631341  1.62456671
  0.06750832  0.82093325] REAL [0.53210918] FAKE [0.49452616] 
283 epoch LOSS [-1.40474408] Parameters [ 1.65023751  1.55055223 -0.07095262  0.76596803  1.39631967  1.62456411
  0.06732206  0.8207533 ] REAL [0.48577988] FAKE [0.49477146] 
284 epoch LOSS [-1.38088745] Parameters [ 1.65022312  1.55054212 -0.06971747  0.76580159  1.39632446  1.6245654
  0.06799577  0.82053721] REAL [0.49700143] FAKE [0.49425621] 
285 epoch LOSS [-1.36544833] Parameters [ 1.65022018  1.55053042 -0.06996676  0.7654049   1.39631227  1.62458039
  0.06761424  0.82024601] REAL [0.50380642] FAKE [0.49332482] 
286 epoch LOSS [-1.31368315] Parameters [ 1.65022676  1.55055786 -0.07056421  0.7653794   1.39632296  1.62458619
  0.06737163  0.82021525] REAL [0.53379905] FAKE [0.49638709] 
287 epoch LOSS [-1.36364409] Parameters [ 1.65022596  1.55055558 -0.07073441  0.76488055  1.39633889  1.62457442
  0.06729951  0.82010579] REAL [0.50663782] FAKE [0.49524656] 
288 epoch LOSS [-1.30987996] Parameters [ 1.65023441  1.55054854 -0.07028604  0.76498621  1.39634027  1.62458356
  0.06825304  0.82034936] REAL [0.53553838] FAKE [0.49610998] 
289 epoch LOSS [-1.3587952] Parameters [ 1.65025723  1.55055622 -0.07016009  0.76469339  1.39633066  1.62458369
  0.06861577  0.82001464] REAL [0.50929944] FAKE [0.49544381] 
290 epoch LOSS [-1.38317297] Parameters [ 1.6502398   1.5505588  -0.07039584  0.76408332  1.39632676  1.62458423
  0.06899651  0.81964558] REAL [0.49873092] FAKE [0.49716058] 
291 epoch LOSS [-1.4096625] Parameters [ 1.65024536  1.55057864 -0.07083749  0.7638762   1.39632559  1.62457388
  0.06845314  0.81953592] REAL [0.48552362] FAKE [0.49698493] 
292 epoch LOSS [-1.31587634] Parameters [ 1.65022341  1.55056957 -0.07093561  0.76332422  1.39630548  1.62455725
  0.06839983  0.81921744] REAL [0.53352445] FAKE [0.49723175] 
293 epoch LOSS [-1.31302945] Parameters [ 1.65023985  1.55056052 -0.0706879   0.76256396  1.39633792  1.62456089
  0.0690178   0.81852071] REAL [0.53269177] FAKE [0.49501025] 
294 epoch LOSS [-1.32176157] Parameters [ 1.65023385  1.55056477 -0.0717971   0.76193644  1.39632059  1.62455119
  0.06769473  0.81780539] REAL [0.52685764] FAKE [0.49385732] 
295 epoch LOSS [-1.4003193] Parameters [ 1.65024478  1.5505575  -0.07090112  0.7612457   1.39629789  1.62453853
  0.06859104  0.81715796] REAL [0.49049273] FAKE [0.49740695] 
296 epoch LOSS [-1.36945072] Parameters [ 1.65024349  1.55055309 -0.07011414  0.76051838  1.39629744  1.62454868
  0.06848601  0.81662345] REAL [0.50414978] FAKE [0.49569239] 
297 epoch LOSS [-1.32172492] Parameters [ 1.65022379  1.55053903 -0.06912432  0.76011021  1.39627531  1.62455292
  0.06944594  0.81619191] REAL [0.52848153] FAKE [0.49539407] 
298 epoch LOSS [-1.36538322] Parameters [ 1.6502099   1.5505215  -0.06963842  0.7597615   1.39626104  1.6245385
  0.06938812  0.81598886] REAL [0.50555416] FAKE [0.49504356] 
299 epoch LOSS [-1.32815047] Parameters [ 1.65019056  1.55054285 -0.07073436  0.7591668   1.39625794  1.62451562
  0.06872335  0.81558651] REAL [0.52220206] FAKE [0.49259704] 
