RUN 20_11_2021__19_42_21 
0 epoch LOSS [-1.72014895] Parameters [1.53158672 1.58709899 1.5758664  1.57558375 1.44791804 1.51527345
 1.56457975 1.58830593] REAL [0.62769909] FAKE [0.71476862] 
1 epoch LOSS [-1.62039089] Parameters [1.53158376 1.58710242 1.57571691 1.5753368  1.44791509 1.51527428
 1.56428219 1.58804629] REAL [0.58355436] FAKE [0.66100612] 
2 epoch LOSS [-1.54918072] Parameters [1.53158519 1.58710323 1.57578504 1.57516628 1.44791789 1.51527552
 1.56425081 1.58786607] REAL [0.55390983] FAKE [0.61650449] 
3 epoch LOSS [-1.50759546] Parameters [1.53158795 1.58710233 1.57567871 1.575012   1.44791826 1.5152772
 1.56420787 1.58772186] REAL [0.52863231] FAKE [0.5811043] 
4 epoch LOSS [-1.46244602] Parameters [1.53158671 1.58710316 1.57536016 1.57490309 1.44791898 1.51527674
 1.56402537 1.58761168] REAL [0.51868794] FAKE [0.55335589] 
5 epoch LOSS [-1.43689002] Parameters [1.53158698 1.58710303 1.57538559 1.57484298 1.44791736 1.51527662
 1.56401949 1.58755168] REAL [0.50712509] FAKE [0.5313469] 
6 epoch LOSS [-1.40256112] Parameters [1.53158527 1.5871035  1.5752789  1.57477613 1.44791668 1.51527891
 1.56381899 1.58748285] REAL [0.5060821] FAKE [0.51397963] 
7 epoch LOSS [-1.37837702] Parameters [1.53158432 1.58710111 1.57516492 1.57475397 1.44791739 1.51527829
 1.5637589  1.58744403] REAL [0.50383244] FAKE [0.49985914] 
8 epoch LOSS [-1.35316751] Parameters [1.53158419 1.58710413 1.57519996 1.57472708 1.44791758 1.51528047
 1.56386294 1.58742338] REAL [0.50481639] FAKE [0.48809029] 
9 epoch LOSS [-1.33090065] Parameters [1.53158319 1.58710213 1.57497615 1.57471814 1.44791767 1.51528309
 1.56379292 1.58740789] REAL [0.50624757] FAKE [0.47804358] 
10 epoch LOSS [-1.30762903] Parameters [1.53158316 1.58710235 1.57483324 1.57471089 1.44791846 1.51528322
 1.56349639 1.58739954] REAL [0.50960977] FAKE [0.46927912] 
11 epoch LOSS [-1.28542266] Parameters [1.53158448 1.5871051  1.57437581 1.5747196  1.44791998 1.51528464
 1.56322277 1.58740515] REAL [0.51353662] FAKE [0.46151127] 
12 epoch LOSS [-1.26481937] Parameters [1.53158448 1.58710732 1.57446118 1.57472513 1.44792148 1.51528539
 1.5634028  1.58741889] REAL [0.51775845] FAKE [0.45478382] 
13 epoch LOSS [-1.24428801] Parameters [1.53158834 1.58710807 1.57407159 1.5747429  1.44792069 1.51528919
 1.56275116 1.5874436 ] REAL [0.52205931] FAKE [0.4480589] 
14 epoch LOSS [-1.22456951] Parameters [1.5315869  1.58710648 1.57379466 1.57478064 1.44792153 1.51528753
 1.56250507 1.58747977] REAL [0.52692199] FAKE [0.44226244] 
15 epoch LOSS [-1.20548965] Parameters [1.53158519 1.5871067  1.5733709  1.57482688 1.44792157 1.51528913
 1.56205239 1.5875213 ] REAL [0.53160717] FAKE [0.43652887] 
16 epoch LOSS [-1.18687995] Parameters [1.53158584 1.58710778 1.57295761 1.57489556 1.44791945 1.51528386
 1.5616429  1.58756937] REAL [0.53626797] FAKE [0.43093388] 
17 epoch LOSS [-1.16748478] Parameters [1.53158817 1.58711005 1.57271681 1.5749588  1.44792129 1.51528674
 1.56113787 1.58762091] REAL [0.54150855] FAKE [0.42540415] 
18 epoch LOSS [-1.15040406] Parameters [1.53159586 1.58710875 1.57271517 1.57503102 1.44792231 1.51528945
 1.56102425 1.58768543] REAL [0.54615553] FAKE [0.42047853] 
19 epoch LOSS [-1.13216877] Parameters [1.53159586 1.58710687 1.57267368 1.57506748 1.44792712 1.51529532
 1.56092945 1.58772162] REAL [0.5511562] FAKE [0.41516863] 
20 epoch LOSS [-1.11569468] Parameters [1.5315922  1.58710706 1.57259179 1.57517697 1.44793014 1.51529184
 1.56078133 1.58782424] REAL [0.55584769] FAKE [0.41047238] 
21 epoch LOSS [-1.10049696] Parameters [1.53159158 1.58710021 1.57187092 1.57528166 1.44792765 1.51528936
 1.55993258 1.58792708] REAL [0.55979582] FAKE [0.40566598] 
22 epoch LOSS [-1.08833138] Parameters [1.53159359 1.58709637 1.57185642 1.57535384 1.44792754 1.51529205
 1.55986385 1.58799384] REAL [0.56243115] FAKE [0.4012103] 
23 epoch LOSS [-1.07112521] Parameters [1.53159192 1.58709589 1.57166525 1.57542694 1.44792296 1.51529471
 1.55954833 1.58807965] REAL [0.56795721] FAKE [0.39674544] 
24 epoch LOSS [-1.05237422] Parameters [1.53158768 1.58709288 1.57120867 1.5756066  1.44792426 1.51529537
 1.55905871 1.58823788] REAL [0.57433694] FAKE [0.39215487] 
25 epoch LOSS [-1.03506419] Parameters [1.53159095 1.58709472 1.5705844  1.57576494 1.44792568 1.51530132
 1.55832899 1.58834227] REAL [0.58013571] FAKE [0.3877233] 
26 epoch LOSS [-1.01932719] Parameters [1.53158808 1.5870917  1.56996781 1.5758531  1.44793243 1.51529786
 1.55770126 1.58844359] REAL [0.58503888] FAKE [0.38322453] 
27 epoch LOSS [-1.00935716] Parameters [1.53159043 1.58709301 1.56995638 1.57599497 1.44793109 1.51529856
 1.55762081 1.58860178] REAL [0.58709147] FAKE [0.37922248] 
28 epoch LOSS [-0.99473673] Parameters [1.53159437 1.58708496 1.56948781 1.57609857 1.44793245 1.51530456
 1.55717901 1.58866345] REAL [0.59160567] FAKE [0.37488632] 
29 epoch LOSS [-0.98390801] Parameters [1.531598   1.58708635 1.56871628 1.57615665 1.44793332 1.51529672
 1.55647172 1.58876396] REAL [0.59438967] FAKE [0.37104015] 
30 epoch LOSS [-0.96702994] Parameters [1.53159535 1.58708617 1.56747066 1.57632533 1.4479428  1.51531303
 1.55512064 1.58892438] REAL [0.60045928] FAKE [0.36680034] 
31 epoch LOSS [-0.95891737] Parameters [1.53159708 1.58708385 1.56719463 1.57642283 1.44793923 1.51531409
 1.5544044  1.58898571] REAL [0.60155071] FAKE [0.36280079] 
32 epoch LOSS [-0.94335898] Parameters [1.53159179 1.58708405 1.5667071  1.57652202 1.44793454 1.51531174
 1.55363695 1.58907683] REAL [0.6071569] FAKE [0.35878531] 
33 epoch LOSS [-0.92449387] Parameters [1.53158751 1.58708409 1.56608152 1.57677191 1.4479367  1.51531049
 1.55290581 1.58926291] REAL [0.61499505] FAKE [0.35490186] 
34 epoch LOSS [-0.91357775] Parameters [1.53158339 1.58708606 1.56517042 1.57710578 1.4479367  1.51530919
 1.55182421 1.58952734] REAL [0.61797486] FAKE [0.35096605] 
35 epoch LOSS [-0.89507781] Parameters [1.53158229 1.58708982 1.56394967 1.57727704 1.44793736 1.51531492
 1.55068079 1.58968515] REAL [0.62556577] FAKE [0.34686995] 
36 epoch LOSS [-0.88499038] Parameters [1.53158426 1.58709469 1.56277263 1.57748158 1.44793272 1.51531776
 1.54945085 1.58984035] REAL [0.62812914] FAKE [0.34294062] 
37 epoch LOSS [-0.87894993] Parameters [1.53159044 1.58709818 1.56170827 1.57766948 1.4479309  1.51531515
 1.54807356 1.59004477] REAL [0.62821334] FAKE [0.33904828] 
38 epoch LOSS [-0.85818927] Parameters [1.53158105 1.58708738 1.56044421 1.57791106 1.44792866 1.51531492
 1.54660173 1.59031717] REAL [0.6378889] FAKE [0.33541874] 
39 epoch LOSS [-0.85152252] Parameters [1.53157869 1.5870951  1.55876424 1.5781387  1.44792096 1.51530332
 1.54465951 1.59051064] REAL [0.63804567] FAKE [0.33113772] 
40 epoch LOSS [-0.83248544] Parameters [1.53157076 1.58710532 1.55694268 1.57832529 1.44791474 1.51531771
 1.54308819 1.59063063] REAL [0.64633345] FAKE [0.32702406] 
41 epoch LOSS [-0.82739894] Parameters [1.53157417 1.58710419 1.55510408 1.57866193 1.44791786 1.51530053
 1.54130935 1.59095126] REAL [0.64646398] FAKE [0.32372883] 
42 epoch LOSS [-0.81634286] Parameters [1.53155397 1.58710247 1.55293775 1.57895874 1.44791532 1.51528866
 1.53874651 1.59127516] REAL [0.65011057] FAKE [0.32004594] 
43 epoch LOSS [-0.79732122] Parameters [1.53155798 1.58710905 1.55069904 1.57924425 1.44791446 1.51528277
 1.53611964 1.59153045] REAL [0.6587343] FAKE [0.31606076] 
44 epoch LOSS [-0.7866206] Parameters [1.53156711 1.58710535 1.54789502 1.57949068 1.44792241 1.51528731
 1.53317662 1.59182213] REAL [0.66254062] FAKE [0.31267442] 
45 epoch LOSS [-0.77085127] Parameters [1.53158684 1.58710737 1.54501571 1.57979457 1.44790752 1.51530048
 1.53021625 1.59204569] REAL [0.66914189] FAKE [0.30863828] 
46 epoch LOSS [-0.76026551] Parameters [1.53160633 1.58713629 1.54165279 1.58009032 1.44792584 1.51530535
 1.52666573 1.59234777] REAL [0.67298763] FAKE [0.3052736] 
47 epoch LOSS [-0.75054228] Parameters [1.53160858 1.58712436 1.53857521 1.58038412 1.44791004 1.51529046
 1.52361821 1.59271637] REAL [0.67601398] FAKE [0.30162618] 
48 epoch LOSS [-0.74597512] Parameters [1.53158993 1.58714128 1.53489151 1.58061689 1.4479092  1.51528609
 1.51994565 1.59306057] REAL [0.67648935] FAKE [0.2989223] 
49 epoch LOSS [-0.73024118] Parameters [1.53160561 1.5871323  1.53114399 1.58107029 1.44789278 1.5152936
 1.51642686 1.59344131] REAL [0.68310299] FAKE [0.29469965] 
50 epoch LOSS [-0.71500294] Parameters [1.53164006 1.58713618 1.52672138 1.58143594 1.44789719 1.51531134
 1.51193348 1.59376234] REAL [0.69067936] FAKE [0.29172536] 
51 epoch LOSS [-0.71652319] Parameters [1.53165935 1.58716992 1.52158358 1.5817861  1.44789541 1.51528068
 1.50672587 1.59414647] REAL [0.68634746] FAKE [0.2883378] 
52 epoch LOSS [-0.6964228] Parameters [1.53168221 1.58719699 1.51564514 1.58210625 1.44790006 1.51529155
 1.50071903 1.59445917] REAL [0.69732858] FAKE [0.28532276] 
53 epoch LOSS [-0.68371962] Parameters [1.53166594 1.58717684 1.50938562 1.58248554 1.44792246 1.51530596
 1.4941779  1.59487757] REAL [0.70210567] FAKE [0.28111096] 
54 epoch LOSS [-0.68398078] Parameters [1.53165118 1.58719639 1.50272738 1.5829997  1.44788839 1.51531422
 1.48754473 1.59537904] REAL [0.69771462] FAKE [0.27677556] 
55 epoch LOSS [-0.67445504] Parameters [1.5316683  1.58719176 1.49562868 1.58349337 1.44788497 1.51532797
 1.48022124 1.59580469] REAL [0.70253249] FAKE [0.27486064] 
56 epoch LOSS [-0.65634586] Parameters [1.53172049 1.58720388 1.48716312 1.58396422 1.44788543 1.51530961
 1.47168692 1.59627935] REAL [0.7112045] FAKE [0.27061283] 
57 epoch LOSS [-0.64914221] Parameters [1.53171601 1.5871792  1.47804427 1.58450263 1.44790074 1.5152984
 1.46230607 1.59672836] REAL [0.7135192] FAKE [0.26772289] 
58 epoch LOSS [-0.63786695] Parameters [1.53166926 1.58721152 1.46751003 1.58515641 1.44797615 1.51528587
 1.45157371 1.59728333] REAL [0.719137] FAKE [0.26520487] 
59 epoch LOSS [-0.62666562] Parameters [1.53160955 1.58723813 1.45614581 1.58574951 1.44791837 1.51523631
 1.43982959 1.59776649] REAL [0.72381359] FAKE [0.26172894] 
60 epoch LOSS [-0.63477652] Parameters [1.53157707 1.58726049 1.44290314 1.58643878 1.44798334 1.51526011
 1.4263526  1.59835995] REAL [0.71749419] FAKE [0.26124289] 
61 epoch LOSS [-0.60946135] Parameters [1.53166552 1.58729903 1.42807557 1.5868626  1.4479561  1.51524418
 1.41165679 1.5987148 ] REAL [0.73231622] FAKE [0.25763815] 
62 epoch LOSS [-0.60089331] Parameters [1.53163886 1.587337   1.41191069 1.58732861 1.44799507 1.51519435
 1.39518487 1.59936009] REAL [0.73543025] FAKE [0.25442067] 
63 epoch LOSS [-0.60763998] Parameters [1.53165874 1.58736814 1.39367524 1.58804697 1.44809946 1.51519814
 1.3769402  1.59985508] REAL [0.72835678] FAKE [0.25224187] 
64 epoch LOSS [-0.58496884] Parameters [1.53162854 1.58727621 1.37326066 1.58852406 1.44811569 1.51534163
 1.35671567 1.60048209] REAL [0.74117911] FAKE [0.2483285] 
65 epoch LOSS [-0.59660343] Parameters [1.53163338 1.58742854 1.35011593 1.58911675 1.44822265 1.51519769
 1.3333081  1.60097972] REAL [0.73494134] FAKE [0.25071723] 
66 epoch LOSS [-0.59369012] Parameters [1.53169064 1.58738109 1.32439294 1.58991219 1.44832568 1.51544848
 1.30742335 1.60164847] REAL [0.7354727] FAKE [0.24907407] 
67 epoch LOSS [-0.58781825] Parameters [1.53177229 1.58736774 1.2935869  1.59064282 1.44830278 1.51535386
 1.27710852 1.60237384] REAL [0.73916507] FAKE [0.24842497] 
68 epoch LOSS [-0.59127059] Parameters [1.53179111 1.58727156 1.2583719  1.59139695 1.44838967 1.51536962
 1.24214486 1.60312147] REAL [0.74148922] FAKE [0.25336284] 
69 epoch LOSS [-0.58563957] Parameters [1.53183917 1.5871041  1.21996575 1.5918622  1.44835819 1.51551533
 1.20304382 1.60379036] REAL [0.74434128] FAKE [0.25202366] 
70 epoch LOSS [-0.59149605] Parameters [1.5316679  1.58710398 1.17428923 1.59254337 1.44831579 1.51529214
 1.15805132 1.60464116] REAL [0.74056473] FAKE [0.25259929] 
71 epoch LOSS [-0.58439208] Parameters [1.53136244 1.58702233 1.12068422 1.59336199 1.44833419 1.5155668
 1.10452871 1.60535863] REAL [0.74860857] FAKE [0.25535899] 
72 epoch LOSS [-0.62034648] Parameters [1.5313207  1.58679855 1.05924443 1.5943773  1.44794072 1.51560261
 1.04302839 1.60639643] REAL [0.73303338] FAKE [0.26639346] 
73 epoch LOSS [-0.64179386] Parameters [1.53137638 1.58644928 0.98746363 1.59530557 1.4476584  1.51573725
 0.97249905 1.60708529] REAL [0.73499618] FAKE [0.28387739] 
74 epoch LOSS [-0.67603964] Parameters [1.530752   1.5864068  0.90822453 1.59709372 1.44703014 1.51548077
 0.89219154 1.60736816] REAL [0.73210552] FAKE [0.30525403] 
75 epoch LOSS [-0.73948491] Parameters [1.53047413 1.5865064  0.81796561 1.59764276 1.44746186 1.51548229
 0.80150476 1.60777109] REAL [0.70967476] FAKE [0.32735421] 
76 epoch LOSS [-0.86432995] Parameters [1.53022859 1.58661122 0.72178782 1.59902161 1.44727092 1.51560318
 0.70527887 1.60865583] REAL [0.6774358] FAKE [0.3780462] 
77 epoch LOSS [-0.94770153] Parameters [1.53032799 1.58734636 0.62417615 1.59960683 1.44731339 1.51688896
 0.60691498 1.60845192] REAL [0.64896859] FAKE [0.40269689] 
78 epoch LOSS [-1.03752309] Parameters [1.53138041 1.58749627 0.5293926  1.59894943 1.44729543 1.51730288
 0.51218076 1.60801745] REAL [0.62290006] FAKE [0.43115875] 
79 epoch LOSS [-1.15947266] Parameters [1.53092231 1.58818996 0.44283122 1.59940561 1.44752063 1.51743918
 0.42552171 1.60742007] REAL [0.59130143] FAKE [0.46955728] 
80 epoch LOSS [-1.26724971] Parameters [1.53066459 1.58889094 0.36668275 1.59858491 1.44797362 1.51780026
 0.34921215 1.60787414] REAL [0.54673554] FAKE [0.48493369] 
81 epoch LOSS [-1.28525766] Parameters [1.53115875 1.58866079 0.30250825 1.5983464  1.44816686 1.51866378
 0.28496835 1.60759846] REAL [0.54920964] FAKE [0.49640485] 
82 epoch LOSS [-1.33288569] Parameters [1.53078133 1.58895959 0.24937373 1.59812062 1.44856177 1.51884879
 0.23141163 1.60700835] REAL [0.52838137] FAKE [0.50089997] 
83 epoch LOSS [-1.39592833] Parameters [1.53060128 1.58935961 0.20640564 1.5976984  1.44831383 1.5183051
 0.18862737 1.60687888] REAL [0.49489347] FAKE [0.4996841] 
84 epoch LOSS [-1.35667132] Parameters [1.5306029  1.58937882 0.17059369 1.59739418 1.44818771 1.5185513
 0.1531045  1.60638415] REAL [0.51158217] FAKE [0.49662721] 
85 epoch LOSS [-1.40413873] Parameters [1.53084475 1.58905764 0.14189481 1.59694449 1.44823127 1.51844852
 0.12469238 1.60629099] REAL [0.48403567] FAKE [0.49264385] 
86 epoch LOSS [-1.3482928] Parameters [1.53095704 1.58928641 0.11934977 1.59686191 1.44850426 1.51833533
 0.10148082 1.60648432] REAL [0.50570452] FAKE [0.4864922] 
87 epoch LOSS [-1.39349237] Parameters [1.53088102 1.58923409 0.10210872 1.59710111 1.4486771  1.51833065
 0.08461478 1.60664733] REAL [0.48067576] FAKE [0.48362913] 
88 epoch LOSS [-1.3346429] Parameters [1.53076027 1.58913427 0.08723417 1.59737854 1.44870395 1.51825253
 0.06963537 1.60689775] REAL [0.50121261] FAKE [0.47476947] 
89 epoch LOSS [-1.31926429] Parameters [1.53080807 1.58907757 0.07519509 1.59769867 1.44875258 1.51820565
 0.05757123 1.60738825] REAL [0.50671378] FAKE [0.4724203] 
90 epoch LOSS [-1.30516456] Parameters [1.53075021 1.58899366 0.06460277 1.59828142 1.44882692 1.51821331
 0.04656434 1.60782498] REAL [0.51057023] FAKE [0.46897038] 
91 epoch LOSS [-1.33543928] Parameters [1.5308023  1.58904017 0.05597736 1.5989427  1.44881009 1.51826845
 0.03770114 1.60853501] REAL [0.4928327] FAKE [0.46626391] 
92 epoch LOSS [-1.28225724] Parameters [1.53080192 1.58905178 0.0489924  1.59979157 1.44875113 1.518221
 0.03056939 1.60935406] REAL [0.51494342] FAKE [0.46127982] 
93 epoch LOSS [-1.29723068] Parameters [1.53078539 1.58906789 0.04338675 1.60081936 1.44875303 1.51828525
 0.0246601  1.61038707] REAL [0.50429548] FAKE [0.45808048] 
94 epoch LOSS [-1.26551309] Parameters [1.53079487 1.58905202 0.03818253 1.60187096 1.4487233  1.51828417
 0.0194394  1.61143196] REAL [0.5174866] FAKE [0.45487571] 
95 epoch LOSS [-1.31668097] Parameters [1.53081825 1.588998   0.03468467 1.60317393 1.44870658 1.51824497
 0.01544611 1.61277562] REAL [0.48670073] FAKE [0.44930552] 
96 epoch LOSS [-1.30011364] Parameters [1.53080814 1.58899774 0.03077098 1.60478933 1.44870794 1.5182694
 0.01147368 1.61433984] REAL [0.49271857] FAKE [0.44694428] 
97 epoch LOSS [-1.22611909] Parameters [1.53082816 1.58897692 0.0279148  1.60612613 1.44871064 1.5183074
 0.00871544 1.61586976] REAL [0.52705473] FAKE [0.44326628] 
98 epoch LOSS [-1.28001371] Parameters [1.53083854 1.58896126 0.02596246 1.60813425 1.44869373 1.51830995
 0.00692353 1.61770059] REAL [0.49734266] FAKE [0.44096192] 
99 epoch LOSS [-1.22138566] Parameters [1.53083201 1.58894978 0.02421584 1.61028966 1.44869373 1.51834276
 0.00488794 1.6197796 ] REAL [0.52626869] FAKE [0.43978928] 
